time_pc_sec_abs,micros32,micros32_raw,time_local_sec,a0,a1,a2,agent_id,chunk_id
1761735113.304984,5010483,1282683648,1282.683648,200,193,166,4,20251029_115310
1761735113.314968,5010522,1282693632,1282.693632,202,193,167,4,20251029_115310
1761735113.324952,5010561,1282703616,1282.703616,205,193,168,4,20251029_115310
1761735113.334936,5010600,1282713600,1282.7136,207,192,167,4,20251029_115310
1761735113.34492,5010639,1282723584,1282.723584,173,193,167,4,20251029_115310
1761735113.354904,5010678,1282733568,1282.733568,175,197,169,4,20251029_115310
1761735113.364888,5010717,1282743552,1282.743552,177,198,172,4,20251029_115310
1761735113.375128,5010757,1282753792,1282.753792,179,197,174,4,20251029_115310
1761735113.385112,5010796,1282763776,1282.763776,182,198,176,4,20251029_115310
1761735113.395096,5010835,1282773760,1282.77376,184,198,176,4,20251029_115310
1761735113.40508,5010874,1282783744,1282.783744,186,198,176,4,20251029_115310
1761735113.415064,5010913,1282793728,1282.793728,189,197,176,4,20251029_115310
1761735113.425048,5010952,1282803712,1282.803712,191,198,175,4,20251029_115310
1761735113.435032,5010991,1282813696,1282.813696,193,197,174,4,20251029_115310
1761735113.445016,5011030,1282823680,1282.82368,195,198,176,4,20251029_115310
1761735113.455,5011069,1282833664,1282.833664,198,197,177,4,20251029_115310
1761735113.464984,5011108,1282843648,1282.843648,200,197,177,4,20251029_115310
1761735113.474968,5011147,1282853632,1282.853632,202,197,177,4,20251029_115310
1761735113.484952,5011186,1282863616,1282.863616,205,198,177,4,20251029_115310
1761735113.494936,5011225,1282873600,1282.8736,207,198,177,4,20251029_115310
1761735113.50492,5011264,1282883584,1282.883584,209,198,176,4,20251029_115310
1761735113.51516,5011304,1282893824,1282.893824,212,198,178,4,20251029_115310
1761735113.525144,5011343,1282903808,1282.903808,214,199,178,4,20251029_115310
1761735113.535128,5011382,1282913792,1282.913792,216,198,178,4,20251029_115310
1761735113.545112,5011421,1282923776,1282.923776,218,198,178,4,20251029_115310
1761735113.555096,5011460,1282933760,1282.93376,221,198,178,4,20251029_115310
1761735113.56508,5011499,1282943744,1282.943744,223,198,177,4,20251029_115310
1761735113.575064,5011538,1282953728,1282.953728,225,198,178,4,20251029_115310
1761735113.585048,5011577,1282963712,1282.963712,228,198,177,4,20251029_115310
1761735113.595032,5011616,1282973696,1282.973696,230,198,178,4,20251029_115310
1761735113.605016,5011655,1282983680,1282.98368,232,198,178,4,20251029_115310
1761735113.615,5011694,1282993664,1282.993664,234,199,179,4,20251029_115310
1761735113.624984,5011733,1283003648,1283.003648,237,199,178,4,20251029_115310
1761735113.634968,5011772,1283013632,1283.013632,239,198,178,4,20251029_115310
1761735113.644952,5011811,1283023616,1283.023616,241,197,177,4,20251029_115310
1761735113.655192,5011851,1283033856,1283.033856,244,198,178,4,20251029_115310
1761735113.665176,5011890,1283043840,1283.04384,246,198,178,4,20251029_115310
1761735113.67516,5011929,1283053824,1283.053824,248,198,178,4,20251029_115310
1761735113.685144,5011968,1283063808,1283.063808,251,198,178,4,20251029_115310
1761735113.695128,5012007,1283073792,1283.073792,253,197,177,4,20251029_115310
1761735113.705112,5012046,1283083776,1283.083776,0,198,178,4,20251029_115310
1761735113.715096,5012085,1283093760,1283.09376,2,198,178,4,20251029_115310
1761735113.72508,5012124,1283103744,1283.103744,5,198,178,4,20251029_115310
1761735113.735064,5012163,1283113728,1283.113728,7,198,178,4,20251029_115310
1761735113.745048,5012202,1283123712,1283.123712,9,198,178,4,20251029_115310
1761735113.755032,5012241,1283133696,1283.133696,12,198,177,4,20251029_115310
1761735113.765016,5012280,1283143680,1283.14368,14,198,177,4,20251029_115310
1761735113.775,5012319,1283153664,1283.153664,16,198,178,4,20251029_115310
1761735113.784984,5012358,1283163648,1283.163648,18,198,177,4,20251029_115310
1761735113.795224,5012398,1283173888,1283.173888,21,198,181,4,20251029_115310
1761735113.805208,5012437,1283183872,1283.183872,23,198,178,4,20251029_115310
1761735113.815192,5012476,1283193856,1283.193856,25,198,176,4,20251029_115310
1761735113.825176,5012515,1283203840,1283.20384,28,198,178,4,20251029_115310
1761735113.83516,5012554,1283213824,1283.213824,30,198,178,4,20251029_115310
1761735113.845144,5012593,1283223808,1283.223808,32,198,178,4,20251029_115310
1761735113.855128,5012632,1283233792,1283.233792,35,198,177,4,20251029_115310
1761735113.865112,5012671,1283243776,1283.243776,37,198,178,4,20251029_115310
1761735113.875096,5012710,1283253760,1283.25376,39,198,178,4,20251029_115310
1761735113.88508,5012749,1283263744,1283.263744,41,198,178,4,20251029_115310
1761735113.895064,5012788,1283273728,1283.273728,44,197,177,4,20251029_115310
1761735113.905048,5012827,1283283712,1283.283712,46,198,178,4,20251029_115310
1761735113.915032,5012866,1283293696,1283.293696,48,197,178,4,20251029_115310
1761735113.925016,5012905,1283303680,1283.30368,51,199,178,4,20251029_115310
1761735113.935,5012944,1283313664,1283.313664,53,198,178,4,20251029_115310
1761735113.94524,5012984,1283323904,1283.323904,55,198,179,4,20251029_115310
1761735113.955224,5013023,1283333888,1283.333888,57,198,178,4,20251029_115310
1761735113.965208,5013062,1283343872,1283.343872,60,198,178,4,20251029_115310
1761735113.975192,5013101,1283353856,1283.353856,62,198,178,4,20251029_115310
1761735113.985176,5013140,1283363840,1283.36384,64,198,178,4,20251029_115310
1761735113.99516,5013179,1283373824,1283.373824,67,197,178,4,20251029_115310
1761735114.005144,5013218,1283383808,1283.383808,69,198,179,4,20251029_115310
1761735114.015128,5013257,1283393792,1283.393792,71,198,179,4,20251029_115310
1761735114.025112,5013296,1283403776,1283.403776,73,197,178,4,20251029_115310
1761735114.035096,5013335,1283413760,1283.41376,76,197,178,4,20251029_115310
1761735114.04508,5013374,1283423744,1283.423744,78,198,178,4,20251029_115310
1761735114.055064,5013413,1283433728,1283.433728,80,197,178,4,20251029_115310
1761735114.065048,5013452,1283443712,1283.443712,83,195,178,4,20251029_115310
1761735114.075032,5013491,1283453696,1283.453696,85,192,179,4,20251029_115310
1761735114.085272,5013531,1283463936,1283.463936,87,189,179,4,20251029_115310
1761735114.095256,5013570,1283473920,1283.47392,90,191,179,4,20251029_115310
1761735114.10524,5013609,1283483904,1283.483904,92,194,179,4,20251029_115310
1761735114.115224,5013648,1283493888,1283.493888,94,192,179,4,20251029_115310
1761735114.125208,5013687,1283503872,1283.503872,96,188,178,4,20251029_115310
1761735114.135192,5013726,1283513856,1283.513856,99,187,179,4,20251029_115310
1761735114.145176,5013765,1283523840,1283.52384,101,186,179,4,20251029_115310
1761735114.15516,5013804,1283533824,1283.533824,103,185,178,4,20251029_115310
1761735114.165144,5013843,1283543808,1283.543808,106,184,178,4,20251029_115310
1761735114.175128,5013882,1283553792,1283.553792,108,185,177,4,20251029_115310
1761735114.185112,5013921,1283563776,1283.563776,110,183,179,4,20251029_115310
1761735114.195096,5013960,1283573760,1283.57376,112,181,178,4,20251029_115310
1761735114.20508,5013999,1283583744,1283.583744,115,181,178,4,20251029_115310
1761735114.215064,5014038,1283593728,1283.593728,117,180,179,4,20251029_115310
1761735114.225048,5014077,1283603712,1283.603712,119,179,179,4,20251029_115310
1761735114.235288,5014117,1283613952,1283.613952,122,179,178,4,20251029_115310
1761735114.245272,5014156,1283623936,1283.623936,124,179,178,4,20251029_115310
1761735114.255256,5014195,1283633920,1283.63392,126,180,179,4,20251029_115310
1761735114.26524,5014234,1283643904,1283.643904,129,179,179,4,20251029_115310
1761735114.275224,5014273,1283653888,1283.653888,131,179,177,4,20251029_115310
1761735114.285208,5014312,1283663872,1283.663872,133,180,180,4,20251029_115310
1761735114.295192,5014351,1283673856,1283.673856,135,179,179,4,20251029_115310
1761735114.305176,5014390,1283683840,1283.68384,138,179,179,4,20251029_115310
1761735114.31516,5014429,1283693824,1283.693824,140,180,178,4,20251029_115310
1761735114.325144,5014468,1283703808,1283.703808,142,180,179,4,20251029_115310
1761735114.335128,5014507,1283713792,1283.713792,145,180,179,4,20251029_115310
1761735114.345112,5014546,1283723776,1283.723776,147,180,178,4,20251029_115310
1761735114.355096,5014585,1283733760,1283.73376,149,180,179,4,20251029_115310
1761735114.36508,5014624,1283743744,1283.743744,151,181,179,4,20251029_115310
1761735114.37532,5014664,1283753984,1283.753984,154,180,178,4,20251029_115310
1761735114.385304,5014703,1283763968,1283.763968,156,180,179,4,20251029_115310
1761735114.395288,5014742,1283773952,1283.773952,158,180,179,4,20251029_115310
1761735114.405272,5014781,1283783936,1283.783936,161,180,179,4,20251029_115310
1761735114.415256,5014820,1283793920,1283.79392,163,181,179,4,20251029_115310
1761735114.42524,5014859,1283803904,1283.803904,165,181,181,4,20251029_115310
1761735114.435224,5014898,1283813888,1283.813888,168,182,179,4,20251029_115310
1761735114.445208,5014937,1283823872,1283.823872,170,182,180,4,20251029_115310
1761735114.455192,5014976,1283833856,1283.833856,172,182,178,4,20251029_115310
1761735114.465176,5015015,1283843840,1283.84384,174,183,180,4,20251029_115310
1761735114.47516,5015054,1283853824,1283.853824,177,183,178,4,20251029_115310
1761735114.485144,5015093,1283863808,1283.863808,179,182,180,4,20251029_115310
1761735114.495128,5015132,1283873792,1283.873792,181,182,178,4,20251029_115310
1761735114.505112,5015171,1283883776,1283.883776,184,182,179,4,20251029_115310
1761735114.515096,5015210,1283893760,1283.89376,186,183,179,4,20251029_115310
1761735114.525336,5015250,1283904000,1283.904,188,184,179,4,20251029_115310
1761735114.53532,5015289,1283913984,1283.913984,190,182,179,4,20251029_115310
1761735114.545304,5015328,1283923968,1283.923968,193,182,179,4,20251029_115310
1761735114.555288,5015367,1283933952,1283.933952,195,186,180,4,20251029_115310
1761735114.565272,5015406,1283943936,1283.943936,197,189,180,4,20251029_115310
1761735114.575256,5015445,1283953920,1283.95392,200,192,181,4,20251029_115310
1761735114.58524,5015484,1283963904,1283.963904,202,199,180,4,20251029_115310
1761735114.595224,5015523,1283973888,1283.973888,204,199,181,4,20251029_115310
1761735114.605208,5015562,1283983872,1283.983872,207,199,180,4,20251029_115310
1761735114.615192,5015601,1283993856,1283.993856,209,199,180,4,20251029_115310
1761735114.625176,5015640,1284003840,1284.00384,211,199,180,4,20251029_115310
1761735114.63516,5015679,1284013824,1284.013824,213,199,180,4,20251029_115310
1761735114.645144,5015718,1284023808,1284.023808,216,199,180,4,20251029_115310
1761735114.655128,5015757,1284033792,1284.033792,218,198,179,4,20251029_115310
1761735114.665368,5015797,1284044032,1284.044032,220,199,178,4,20251029_115310
1761735114.675352,5015836,1284054016,1284.054016,223,198,179,4,20251029_115310
1761735114.685336,5015875,1284064000,1284.064,225,199,179,4,20251029_115310
1761735114.69532,5015914,1284073984,1284.073984,227,200,178,4,20251029_115310
1761735114.705304,5015953,1284083968,1284.083968,229,199,179,4,20251029_115310
1761735114.715288,5015992,1284093952,1284.093952,232,199,180,4,20251029_115310
1761735114.725272,5016031,1284103936,1284.103936,234,199,180,4,20251029_115310
1761735114.735256,5016070,1284113920,1284.11392,236,199,180,4,20251029_115310
1761735114.74524,5016109,1284123904,1284.123904,239,199,178,4,20251029_115310
1761735114.755224,5016148,1284133888,1284.133888,241,199,179,4,20251029_115310
1761735114.765208,5016187,1284143872,1284.143872,243,199,180,4,20251029_115310
1761735114.775192,5016226,1284153856,1284.153856,246,199,179,4,20251029_115310
1761735114.785176,5016265,1284163840,1284.16384,248,199,179,4,20251029_115310
1761735114.79516,5016304,1284173824,1284.173824,250,199,179,4,20251029_115310
1761735114.805144,5016343,1284183808,1284.183808,252,199,178,4,20251029_115310
1761735114.815384,5016383,1284194048,1284.194048,0,199,177,4,20251029_115310
1761735114.825368,5016422,1284204032,1284.204032,2,200,176,4,20251029_115310
1761735114.835352,5016461,1284214016,1284.214016,4,199,176,4,20251029_115310
1761735114.845336,5016500,1284224000,1284.224,7,199,175,4,20251029_115310
1761735114.85532,5016539,1284233984,1284.233984,9,199,174,4,20251029_115310
1761735114.865304,5016578,1284243968,1284.243968,11,199,173,4,20251029_115310
1761735114.875288,5016617,1284253952,1284.253952,13,200,169,4,20251029_115310
1761735114.885272,5016656,1284263936,1284.263936,16,200,167,4,20251029_115310
1761735114.895256,5016695,1284273920,1284.27392,18,199,164,4,20251029_115310
1761735114.90524,5016734,1284283904,1284.283904,20,200,164,4,20251029_115310
1761735114.915224,5016773,1284293888,1284.293888,23,200,161,4,20251029_115310
1761735114.925208,5016812,1284303872,1284.303872,25,199,159,4,20251029_115310
1761735114.935192,5016851,1284313856,1284.313856,27,199,156,4,20251029_115310
1761735114.945176,5016890,1284323840,1284.32384,29,199,152,4,20251029_115310
1761735114.95516,5016929,1284333824,1284.333824,32,200,150,4,20251029_115310
1761735114.9654,5016969,1284344064,1284.344064,34,199,144,4,20251029_115310
1761735114.975384,5017008,1284354048,1284.354048,36,199,141,4,20251029_115310
1761735114.985368,5017047,1284364032,1284.364032,39,199,138,4,20251029_115310
1761735114.995352,5017086,1284374016,1284.374016,41,199,135,4,20251029_115310
1761735115.005336,5017125,1284384000,1284.384,43,199,132,4,20251029_115310
1761735115.01532,5017164,1284393984,1284.393984,46,199,130,4,20251029_115310
1761735115.025304,5017203,1284403968,1284.403968,48,199,127,4,20251029_115310
1761735115.035288,5017242,1284413952,1284.413952,50,199,126,4,20251029_115310
1761735115.045272,5017281,1284423936,1284.423936,52,200,123,4,20251029_115310
1761735115.055256,5017320,1284433920,1284.43392,55,199,120,4,20251029_115310
1761735115.06524,5017359,1284443904,1284.443904,57,199,118,4,20251029_115310
1761735115.075224,5017398,1284453888,1284.453888,59,199,118,4,20251029_115310
1761735115.085208,5017437,1284463872,1284.463872,62,198,117,4,20251029_115310
1761735115.095192,5017476,1284473856,1284.473856,64,199,118,4,20251029_115310
1761735115.105432,5017516,1284484096,1284.484096,66,199,118,4,20251029_115310
1761735115.115416,5017555,1284494080,1284.49408,68,198,118,4,20251029_115310
1761735115.1254,5017594,1284504064,1284.504064,71,198,119,4,20251029_115310
1761735115.135384,5017633,1284514048,1284.514048,73,198,116,4,20251029_115310
1761735115.145368,5017672,1284524032,1284.524032,75,199,119,4,20251029_115310
1761735115.155352,5017711,1284534016,1284.534016,78,198,118,4,20251029_115310
1761735115.165336,5017750,1284544000,1284.544,80,199,119,4,20251029_115310
1761735115.17532,5017789,1284553984,1284.553984,82,198,116,4,20251029_115310
1761735115.185304,5017828,1284563968,1284.563968,85,198,117,4,20251029_115310
1761735115.195288,5017867,1284573952,1284.573952,87,198,117,4,20251029_115310
1761735115.205272,5017906,1284583936,1284.583936,89,198,118,4,20251029_115310
1761735115.215256,5017945,1284593920,1284.59392,91,198,118,4,20251029_115310
1761735115.22524,5017984,1284603904,1284.603904,94,197,115,4,20251029_115310
1761735115.235224,5018023,1284613888,1284.613888,96,197,114,4,20251029_115310
1761735115.245464,5018063,1284624128,1284.624128,98,197,113,4,20251029_115310
1761735115.255448,5018102,1284634112,1284.634112,101,197,111,4,20251029_115310
1761735115.265432,5018141,1284644096,1284.644096,103,197,112,4,20251029_115310
1761735115.275416,5018180,1284654080,1284.65408,105,198,112,4,20251029_115310
1761735115.2854,5018219,1284664064,1284.664064,107,197,113,4,20251029_115310
1761735115.295384,5018258,1284674048,1284.674048,110,197,112,4,20251029_115310
1761735115.305368,5018297,1284684032,1284.684032,112,198,113,4,20251029_115310
1761735115.315352,5018336,1284694016,1284.694016,114,198,113,4,20251029_115310
1761735115.325336,5018375,1284704000,1284.704,117,198,114,4,20251029_115310
1761735115.33532,5018414,1284713984,1284.713984,119,198,114,4,20251029_115310
1761735115.345304,5018453,1284723968,1284.723968,121,199,113,4,20251029_115310
1761735115.355288,5018492,1284733952,1284.733952,124,198,114,4,20251029_115310
1761735115.365272,5018531,1284743936,1284.743936,126,198,116,4,20251029_115310
1761735115.375256,5018570,1284753920,1284.75392,128,198,117,4,20251029_115310
1761735115.385496,5018610,1284764160,1284.76416,130,198,118,4,20251029_115310
1761735115.39548,5018649,1284774144,1284.774144,133,198,118,4,20251029_115310
1761735115.405464,5018688,1284784128,1284.784128,135,198,119,4,20251029_115310
1761735115.415448,5018727,1284794112,1284.794112,137,198,121,4,20251029_115310
1761735115.425432,5018766,1284804096,1284.804096,140,198,122,4,20251029_115310
1761735115.435416,5018805,1284814080,1284.81408,142,198,122,4,20251029_115310
1761735115.4454,5018844,1284824064,1284.824064,144,198,123,4,20251029_115310
1761735115.455384,5018883,1284834048,1284.834048,146,198,125,4,20251029_115310
1761735115.465368,5018922,1284844032,1284.844032,149,197,127,4,20251029_115310
1761735115.475352,5018961,1284854016,1284.854016,151,200,129,4,20251029_115310
1761735115.485336,5019000,1284864000,1284.864,153,198,127,4,20251029_115310
1761735115.49532,5019039,1284873984,1284.873984,156,198,126,4,20251029_115310
1761735115.505304,5019078,1284883968,1284.883968,158,198,126,4,20251029_115310
1761735115.515288,5019117,1284893952,1284.893952,160,198,127,4,20251029_115310
1761735115.525272,5019156,1284903936,1284.903936,163,198,129,4,20251029_115310
1761735115.535512,5019196,1284914176,1284.914176,165,198,134,4,20251029_115310
1761735115.545496,5019235,1284924160,1284.92416,167,198,143,4,20251029_115310
1761735115.55548,5019274,1284934144,1284.934144,169,198,148,4,20251029_115310
1761735115.565464,5019313,1284944128,1284.944128,172,198,152,4,20251029_115310
1761735115.575448,5019352,1284954112,1284.954112,174,198,155,4,20251029_115310
1761735115.585432,5019391,1284964096,1284.964096,176,197,161,4,20251029_115310
1761735115.595416,5019430,1284974080,1284.97408,179,197,164,4,20251029_115310
1761735115.6054,5019469,1284984064,1284.984064,181,198,168,4,20251029_115310
1761735115.615384,5019508,1284994048,1284.994048,183,198,172,4,20251029_115310
1761735115.625368,5019547,1285004032,1285.004032,185,199,173,4,20251029_115310
1761735115.635352,5019586,1285014016,1285.014016,188,198,174,4,20251029_115310
1761735115.645336,5019625,1285024000,1285.024,190,198,175,4,20251029_115310
1761735115.65532,5019664,1285033984,1285.033984,192,198,174,4,20251029_115310
1761735115.665304,5019703,1285043968,1285.043968,195,198,175,4,20251029_115310
1761735115.675544,5019743,1285054208,1285.054208,197,197,174,4,20251029_115310
1761735115.685528,5019782,1285064192,1285.064192,199,198,175,4,20251029_115310
1761735115.695512,5019821,1285074176,1285.074176,202,198,175,4,20251029_115310
1761735115.705496,5019860,1285084160,1285.08416,204,198,176,4,20251029_115310
1761735115.71548,5019899,1285094144,1285.094144,206,197,176,4,20251029_115310
1761735115.725464,5019938,1285104128,1285.104128,208,198,176,4,20251029_115310
1761735115.735448,5019977,1285114112,1285.114112,211,198,177,4,20251029_115310
1761735115.745432,5020016,1285124096,1285.124096,213,198,175,4,20251029_115310
1761735115.755416,5020055,1285134080,1285.13408,215,198,175,4,20251029_115310
1761735115.7654,5020094,1285144064,1285.144064,218,198,176,4,20251029_115310
1761735115.775384,5020133,1285154048,1285.154048,220,199,177,4,20251029_115310
1761735115.785368,5020172,1285164032,1285.164032,222,199,176,4,20251029_115310
1761735115.795352,5020211,1285174016,1285.174016,224,199,177,4,20251029_115310
1761735115.805336,5020250,1285184000,1285.184,227,199,177,4,20251029_115310
1761735115.81532,5020289,1285193984,1285.193984,229,199,177,4,20251029_115310
1761735115.82556,5020329,1285204224,1285.204224,231,199,177,4,20251029_115310
1761735115.835544,5020368,1285214208,1285.214208,234,199,177,4,20251029_115310
1761735115.845528,5020407,1285224192,1285.224192,236,199,177,4,20251029_115310
1761735115.855512,5020446,1285234176,1285.234176,238,200,177,4,20251029_115310
1761735115.865496,5020485,1285244160,1285.24416,240,199,177,4,20251029_115310
1761735115.87548,5020524,1285254144,1285.254144,243,200,177,4,20251029_115310
1761735115.885464,5020563,1285264128,1285.264128,245,199,177,4,20251029_115310
1761735115.895448,5020602,1285274112,1285.274112,247,199,177,4,20251029_115310
1761735115.905432,5020641,1285284096,1285.284096,250,199,178,4,20251029_115310
1761735115.915416,5020680,1285294080,1285.29408,252,199,178,4,20251029_115310
1761735115.9254,5020719,1285304064,1285.304064,254,199,177,4,20251029_115310
1761735115.935384,5020758,1285314048,1285.314048,2,199,178,4,20251029_115310
1761735115.945368,5020797,1285324032,1285.324032,4,199,178,4,20251029_115310
1761735115.955352,5020836,1285334016,1285.334016,6,200,177,4,20251029_115310
1761735115.965592,5020876,1285344256,1285.344256,8,199,177,4,20251029_115310
1761735115.975576,5020915,1285354240,1285.35424,11,199,178,4,20251029_115310
1761735115.98556,5020954,1285364224,1285.364224,13,199,177,4,20251029_115310
1761735115.995544,5020993,1285374208,1285.374208,15,199,178,4,20251029_115310
1761735116.005528,5021032,1285384192,1285.384192,18,199,176,4,20251029_115310
1761735116.015512,5021071,1285394176,1285.394176,20,199,178,4,20251029_115310
1761735116.025496,5021110,1285404160,1285.40416,22,199,177,4,20251029_115310
1761735116.03548,5021149,1285414144,1285.414144,24,199,177,4,20251029_115310
1761735116.045464,5021188,1285424128,1285.424128,27,199,176,4,20251029_115310
1761735116.055448,5021227,1285434112,1285.434112,29,199,177,4,20251029_115310
1761735116.065432,5021266,1285444096,1285.444096,31,199,177,4,20251029_115310
1761735116.075416,5021305,1285454080,1285.45408,34,198,177,4,20251029_115310
1761735116.0854,5021344,1285464064,1285.464064,36,199,175,4,20251029_115310
1761735116.095384,5021383,1285474048,1285.474048,38,200,176,4,20251029_115310
1761735116.105624,5021423,1285484288,1285.484288,41,199,174,4,20251029_115310
1761735116.115608,5021462,1285494272,1285.494272,43,199,173,4,20251029_115310
1761735116.125592,5021501,1285504256,1285.504256,45,198,172,4,20251029_115310
1761735116.135576,5021540,1285514240,1285.51424,47,198,162,4,20251029_115310
1761735116.14556,5021579,1285524224,1285.524224,50,199,164,4,20251029_115310
1761735116.155544,5021618,1285534208,1285.534208,52,199,154,4,20251029_115310
1761735116.165528,5021657,1285544192,1285.544192,54,199,148,4,20251029_115310
1761735116.175512,5021696,1285554176,1285.554176,57,200,144,4,20251029_115310
1761735116.185496,5021735,1285564160,1285.56416,59,199,143,4,20251029_115310
1761735116.19548,5021774,1285574144,1285.574144,61,199,142,4,20251029_115310
1761735116.205464,5021813,1285584128,1285.584128,63,199,131,4,20251029_115310
1761735116.215448,5021852,1285594112,1285.594112,66,199,128,4,20251029_115310
1761735116.225432,5021891,1285604096,1285.604096,68,199,127,4,20251029_115310
1761735116.235416,5021930,1285614080,1285.61408,70,199,126,4,20251029_115310
1761735116.245656,5021970,1285624320,1285.62432,73,199,124,4,20251029_115310
1761735116.25564,5022009,1285634304,1285.634304,75,199,121,4,20251029_115310
1761735116.265624,5022048,1285644288,1285.644288,77,198,118,4,20251029_115310
1761735116.275608,5022087,1285654272,1285.654272,80,198,115,4,20251029_115310
1761735116.285592,5022126,1285664256,1285.664256,82,198,115,4,20251029_115310
1761735116.295576,5022165,1285674240,1285.67424,84,198,116,4,20251029_115310
1761735116.30556,5022204,1285684224,1285.684224,86,197,114,4,20251029_115310
1761735116.315544,5022243,1285694208,1285.694208,89,197,115,4,20251029_115310
1761735116.325528,5022282,1285704192,1285.704192,91,198,116,4,20251029_115310
1761735116.335512,5022321,1285714176,1285.714176,93,197,115,4,20251029_115310
1761735116.345496,5022360,1285724160,1285.72416,96,197,116,4,20251029_115310
1761735116.35548,5022399,1285734144,1285.734144,98,197,113,4,20251029_115310
1761735116.365464,5022438,1285744128,1285.744128,100,197,114,4,20251029_115310
1761735116.375448,5022477,1285754112,1285.754112,102,198,115,4,20251029_115310
1761735116.385432,5022516,1285764096,1285.764096,105,197,114,4,20251029_115310
1761735116.395672,5022556,1285774336,1285.774336,107,197,113,4,20251029_115310
1761735116.405656,5022595,1285784320,1285.78432,109,197,115,4,20251029_115310
1761735116.41564,5022634,1285794304,1285.794304,112,197,114,4,20251029_115310
1761735116.425624,5022673,1285804288,1285.804288,114,197,115,4,20251029_115310
1761735116.435608,5022712,1285814272,1285.814272,116,196,114,4,20251029_115310
1761735116.445592,5022751,1285824256,1285.824256,119,197,114,4,20251029_115310
1761735116.455576,5022790,1285834240,1285.83424,121,197,114,4,20251029_115310
1761735116.46556,5022829,1285844224,1285.844224,123,197,115,4,20251029_115310
1761735116.475544,5022868,1285854208,1285.854208,125,197,116,4,20251029_115310
1761735116.485528,5022907,1285864192,1285.864192,128,196,116,4,20251029_115310
1761735116.495512,5022946,1285874176,1285.874176,130,197,117,4,20251029_115310
1761735116.505496,5022985,1285884160,1285.88416,132,197,117,4,20251029_115310
1761735116.51548,5023024,1285894144,1285.894144,135,197,118,4,20251029_115310
1761735116.525464,5023063,1285904128,1285.904128,137,197,118,4,20251029_115310
1761735116.535704,5023103,1285914368,1285.914368,139,197,118,4,20251029_115310
1761735116.545688,5023142,1285924352,1285.924352,141,197,118,4,20251029_115310
1761735116.555672,5023181,1285934336,1285.934336,144,197,121,4,20251029_115310
1761735116.565656,5023220,1285944320,1285.94432,146,197,123,4,20251029_115310
1761735116.57564,5023259,1285954304,1285.954304,148,198,123,4,20251029_115310
1761735116.585624,5023298,1285964288,1285.964288,151,197,127,4,20251029_115310
1761735116.595608,5023337,1285974272,1285.974272,153,197,129,4,20251029_115310
1761735116.605592,5023376,1285984256,1285.984256,155,197,137,4,20251029_115310
1761735116.615576,5023415,1285994240,1285.99424,157,197,142,4,20251029_115310
1761735116.62556,5023454,1286004224,1286.004224,160,198,148,4,20251029_115310
1761735116.635544,5023493,1286014208,1286.014208,162,197,157,4,20251029_115310
1761735116.645528,5023532,1286024192,1286.024192,164,197,162,4,20251029_115310
1761735116.655512,5023571,1286034176,1286.034176,167,197,164,4,20251029_115310
1761735116.665496,5023610,1286044160,1286.04416,169,197,168,4,20251029_115310
1761735116.67548,5023649,1286054144,1286.054144,171,197,171,4,20251029_115310
1761735116.68572,5023689,1286064384,1286.064384,174,197,171,4,20251029_115310
1761735116.695704,5023728,1286074368,1286.074368,176,199,173,4,20251029_115310
1761735116.705688,5023767,1286084352,1286.084352,178,198,172,4,20251029_115310
1761735116.715672,5023806,1286094336,1286.094336,180,198,172,4,20251029_115310
1761735116.725656,5023845,1286104320,1286.10432,183,198,173,4,20251029_115310
1761735116.73564,5023884,1286114304,1286.114304,185,198,174,4,20251029_115310
1761735116.745624,5023923,1286124288,1286.124288,187,198,173,4,20251029_115310
1761735116.755608,5023962,1286134272,1286.134272,190,197,175,4,20251029_115310
1761735116.765592,5024001,1286144256,1286.144256,192,198,174,4,20251029_115310
1761735116.775576,5024040,1286154240,1286.15424,194,198,174,4,20251029_115310
1761735116.78556,5024079,1286164224,1286.164224,196,198,175,4,20251029_115310
1761735116.795544,5024118,1286174208,1286.174208,199,197,174,4,20251029_115310
1761735116.805528,5024157,1286184192,1286.184192,201,198,176,4,20251029_115310
1761735116.815512,5024196,1286194176,1286.194176,203,197,176,4,20251029_115310
1761735116.825752,5024236,1286204416,1286.204416,206,198,175,4,20251029_115310
1761735116.835736,5024275,1286214400,1286.2144,208,198,175,4,20251029_115310
1761735116.84572,5024314,1286224384,1286.224384,210,200,176,4,20251029_115310
1761735116.855704,5024353,1286234368,1286.234368,213,199,176,4,20251029_115310
1761735116.865688,5024392,1286244352,1286.244352,215,199,176,4,20251029_115310
1761735116.875672,5024431,1286254336,1286.254336,217,198,174,4,20251029_115310
1761735116.885656,5024470,1286264320,1286.26432,219,199,176,4,20251029_115310
1761735116.89564,5024509,1286274304,1286.274304,222,199,176,4,20251029_115310
1761735116.905624,5024548,1286284288,1286.284288,224,199,176,4,20251029_115310
1761735116.915608,5024587,1286294272,1286.294272,226,199,176,4,20251029_115310
1761735116.925592,5024626,1286304256,1286.304256,229,199,175,4,20251029_115310
1761735116.935576,5024665,1286314240,1286.31424,231,199,176,4,20251029_115310
1761735116.94556,5024704,1286324224,1286.324224,233,199,176,4,20251029_115310
1761735116.955544,5024743,1286334208,1286.334208,235,199,176,4,20251029_115310
1761735116.965784,5024783,1286344448,1286.344448,238,199,176,4,20251029_115310
1761735116.975768,5024822,1286354432,1286.354432,240,199,175,4,20251029_115310
1761735116.985752,5024861,1286364416,1286.364416,242,199,176,4,20251029_115310
1761735116.995736,5024900,1286374400,1286.3744,245,200,178,4,20251029_115310
1761735117.00572,5024939,1286384384,1286.384384,247,199,177,4,20251029_115310
1761735117.015704,5024978,1286394368,1286.394368,249,199,177,4,20251029_115310
1761735117.025688,5025017,1286404352,1286.404352,252,199,176,4,20251029_115310
1761735117.035672,5025056,1286414336,1286.414336,254,199,176,4,20251029_115310
1761735117.045656,5025095,1286424320,1286.42432,1,199,176,4,20251029_115310
1761735117.05564,5025134,1286434304,1286.434304,3,199,176,4,20251029_115310
1761735117.065624,5025173,1286444288,1286.444288,6,199,177,4,20251029_115310
1761735117.075608,5025212,1286454272,1286.454272,8,199,177,4,20251029_115310
1761735117.085592,5025251,1286464256,1286.464256,10,199,176,4,20251029_115310
1761735117.095576,5025290,1286474240,1286.47424,13,199,176,4,20251029_115310
1761735117.105816,5025330,1286484480,1286.48448,15,199,176,4,20251029_115310
1761735117.1158,5025369,1286494464,1286.494464,17,199,175,4,20251029_115310
1761735117.125784,5025408,1286504448,1286.504448,19,199,176,4,20251029_115310
1761735117.135768,5025447,1286514432,1286.514432,22,200,176,4,20251029_115310
1761735117.145752,5025486,1286524416,1286.524416,24,199,175,4,20251029_115310
1761735117.155736,5025525,1286534400,1286.5344,26,199,174,4,20251029_115310
1761735117.16572,5025564,1286544384,1286.544384,29,199,174,4,20251029_115310
1761735117.175704,5025603,1286554368,1286.554368,31,199,174,4,20251029_115310
1761735117.185688,5025642,1286564352,1286.564352,33,199,172,4,20251029_115310
1761735117.195672,5025681,1286574336,1286.574336,36,198,170,4,20251029_115310
1761735117.205656,5025720,1286584320,1286.58432,38,199,168,4,20251029_115310
1761735117.21564,5025759,1286594304,1286.594304,40,198,165,4,20251029_115310
1761735117.225624,5025798,1286604288,1286.604288,42,199,153,4,20251029_115310
1761735117.235608,5025837,1286614272,1286.614272,45,199,143,4,20251029_115310
1761735117.245592,5025876,1286624256,1286.624256,47,198,136,4,20251029_115310
1761735117.255832,5025916,1286634496,1286.634496,49,199,133,4,20251029_115310
1761735117.265816,5025955,1286644480,1286.64448,52,200,130,4,20251029_115310
1761735117.2758,5025994,1286654464,1286.654464,54,199,127,4,20251029_115310
1761735117.285784,5026033,1286664448,1286.664448,56,199,126,4,20251029_115310
1761735117.295768,5026072,1286674432,1286.674432,58,199,123,4,20251029_115310
1761735117.305752,5026111,1286684416,1286.684416,61,199,121,4,20251029_115310
1761735117.315736,5026150,1286694400,1286.6944,63,199,117,4,20251029_115310
1761735117.32572,5026189,1286704384,1286.704384,65,199,116,4,20251029_115310
1761735117.335704,5026228,1286714368,1286.714368,68,198,114,4,20251029_115310
1761735117.345688,5026267,1286724352,1286.724352,70,198,114,4,20251029_115310
1761735117.355672,5026306,1286734336,1286.734336,72,198,115,4,20251029_115310
1761735117.365656,5026345,1286744320,1286.74432,75,199,116,4,20251029_115310
1761735117.37564,5026384,1286754304,1286.754304,77,198,115,4,20251029_115310
1761735117.385624,5026423,1286764288,1286.764288,79,198,114,4,20251029_115310
1761735117.395864,5026463,1286774528,1286.774528,81,197,113,4,20251029_115310
1761735117.405848,5026502,1286784512,1286.784512,84,198,114,4,20251029_115310
1761735117.415832,5026541,1286794496,1286.794496,86,198,112,4,20251029_115310
1761735117.425816,5026580,1286804480,1286.80448,88,198,115,4,20251029_115310
1761735117.4358,5026619,1286814464,1286.814464,91,198,114,4,20251029_115310
1761735117.445784,5026658,1286824448,1286.824448,93,198,115,4,20251029_115310
1761735117.455768,5026697,1286834432,1286.834432,95,197,116,4,20251029_115310
1761735117.465752,5026736,1286844416,1286.844416,97,197,116,4,20251029_115310
1761735117.475736,5026775,1286854400,1286.8544,100,197,116,4,20251029_115310
1761735117.48572,5026814,1286864384,1286.864384,102,197,116,4,20251029_115310
1761735117.495704,5026853,1286874368,1286.874368,104,197,116,4,20251029_115310
1761735117.505688,5026892,1286884352,1286.884352,107,197,117,4,20251029_115310
1761735117.515672,5026931,1286894336,1286.894336,109,198,118,4,20251029_115310
1761735117.525656,5026970,1286904320,1286.90432,111,197,118,4,20251029_115310
1761735117.535896,5027010,1286914560,1286.91456,113,197,119,4,20251029_115310
1761735117.54588,5027049,1286924544,1286.924544,116,197,120,4,20251029_115310
1761735117.555864,5027088,1286934528,1286.934528,118,197,122,4,20251029_115310
1761735117.565848,5027127,1286944512,1286.944512,120,197,123,4,20251029_115310
1761735117.575832,5027166,1286954496,1286.954496,123,197,124,4,20251029_115310
1761735117.585816,5027205,1286964480,1286.96448,125,198,126,4,20251029_115310
1761735117.5958,5027244,1286974464,1286.974464,127,197,127,4,20251029_115310
1761735117.605784,5027283,1286984448,1286.984448,130,197,128,4,20251029_115310
1761735117.615768,5027322,1286994432,1286.994432,132,197,131,4,20251029_115310
1761735117.625752,5027361,1287004416,1287.004416,134,198,137,4,20251029_115310
1761735117.635736,5027400,1287014400,1287.0144,136,197,143,4,20251029_115310
1761735117.64572,5027439,1287024384,1287.024384,139,197,147,4,20251029_115310
1761735117.655704,5027478,1287034368,1287.034368,141,197,151,4,20251029_115310
1761735117.665688,5027517,1287044352,1287.044352,143,198,156,4,20251029_115310
1761735117.675672,5027556,1287054336,1287.054336,146,197,160,4,20251029_115310
1761735117.685912,5027596,1287064576,1287.064576,148,197,162,4,20251029_115310
1761735117.695896,5027635,1287074560,1287.07456,150,198,165,4,20251029_115310
1761735117.70588,5027674,1287084544,1287.084544,152,197,168,4,20251029_115310
1761735117.715864,5027713,1287094528,1287.094528,155,198,171,4,20251029_115310
1761735117.725848,5027752,1287104512,1287.104512,157,198,173,4,20251029_115310
1761735117.735832,5027791,1287114496,1287.114496,159,198,172,4,20251029_115310
1761735117.745816,5027830,1287124480,1287.12448,162,198,173,4,20251029_115310
1761735117.7558,5027869,1287134464,1287.134464,164,198,172,4,20251029_115310
1761735117.765784,5027908,1287144448,1287.144448,166,198,173,4,20251029_115310
1761735117.775768,5027947,1287154432,1287.154432,169,197,173,4,20251029_115310
1761735117.785752,5027986,1287164416,1287.164416,171,198,174,4,20251029_115310
1761735117.795736,5028025,1287174400,1287.1744,173,198,174,4,20251029_115310
1761735117.80572,5028064,1287184384,1287.184384,175,198,175,4,20251029_115310
1761735117.815704,5028103,1287194368,1287.194368,178,198,175,4,20251029_115310
1761735117.825944,5028143,1287204608,1287.204608,180,198,175,4,20251029_115310
1761735117.835928,5028182,1287214592,1287.214592,182,197,174,4,20251029_115310
1761735117.845912,5028221,1287224576,1287.224576,185,198,175,4,20251029_115310
1761735117.855896,5028260,1287234560,1287.23456,187,198,175,4,20251029_115310
1761735117.86588,5028299,1287244544,1287.244544,189,198,175,4,20251029_115310
1761735117.875864,5028338,1287254528,1287.254528,191,198,176,4,20251029_115310
1761735117.885848,5028377,1287264512,1287.264512,194,198,176,4,20251029_115310
1761735117.895832,5028416,1287274496,1287.274496,196,198,176,4,20251029_115310
1761735117.905816,5028455,1287284480,1287.28448,198,198,176,4,20251029_115310
1761735117.9158,5028494,1287294464,1287.294464,201,198,178,4,20251029_115310
1761735117.925784,5028533,1287304448,1287.304448,203,198,176,4,20251029_115310
1761735117.935768,5028572,1287314432,1287.314432,205,198,175,4,20251029_115310
1761735117.945752,5028611,1287324416,1287.324416,208,198,174,4,20251029_115310
1761735117.955736,5028650,1287334400,1287.3344,210,199,175,4,20251029_115310
1761735117.96572,5028689,1287344384,1287.344384,212,199,176,4,20251029_115310
1761735117.97596,5028729,1287354624,1287.354624,214,199,176,4,20251029_115310
1761735117.985944,5028768,1287364608,1287.364608,217,199,176,4,20251029_115310
1761735117.995928,5028807,1287374592,1287.374592,219,199,176,4,20251029_115310
1761735118.005912,5028846,1287384576,1287.384576,221,199,176,4,20251029_115310
1761735118.015896,5028885,1287394560,1287.39456,224,199,177,4,20251029_115310
1761735118.02588,5028924,1287404544,1287.404544,226,199,176,4,20251029_115310
1761735118.035864,5028963,1287414528,1287.414528,228,199,176,4,20251029_115310
1761735118.045848,5029002,1287424512,1287.424512,230,199,175,4,20251029_115310
1761735118.055832,5029041,1287434496,1287.434496,233,199,176,4,20251029_115310
1761735118.065816,5029080,1287444480,1287.44448,235,199,175,4,20251029_115310
1761735118.0758,5029119,1287454464,1287.454464,237,198,176,4,20251029_115310
1761735118.085784,5029158,1287464448,1287.464448,240,199,176,4,20251029_115310
1761735118.095768,5029197,1287474432,1287.474432,242,199,179,4,20251029_115310
1761735118.105752,5029236,1287484416,1287.484416,244,200,176,4,20251029_115310
1761735118.115992,5029276,1287494656,1287.494656,247,199,176,4,20251029_115310
1761735118.125976,5029315,1287504640,1287.50464,249,199,176,4,20251029_115310
1761735118.13596,5029354,1287514624,1287.514624,251,199,177,4,20251029_115310
1761735118.145944,5029393,1287524608,1287.524608,253,199,176,4,20251029_115310
1761735118.155928,5029432,1287534592,1287.534592,1,199,176,4,20251029_115310
1761735118.165912,5029471,1287544576,1287.544576,3,199,176,4,20251029_115310
1761735118.175896,5029510,1287554560,1287.55456,5,200,176,4,20251029_115310
1761735118.18588,5029549,1287564544,1287.564544,8,199,176,4,20251029_115310
1761735118.195864,5029588,1287574528,1287.574528,10,200,178,4,20251029_115310
1761735118.205848,5029627,1287584512,1287.584512,12,199,176,4,20251029_115310
1761735118.215832,5029666,1287594496,1287.594496,14,200,177,4,20251029_115310
1761735118.225816,5029705,1287604480,1287.60448,17,199,177,4,20251029_115310
1761735118.2358,5029744,1287614464,1287.614464,19,199,176,4,20251029_115310
1761735118.245784,5029783,1287624448,1287.624448,21,199,179,4,20251029_115310
1761735118.255768,5029822,1287634432,1287.634432,24,199,177,4,20251029_115310
1761735118.266008,5029862,1287644672,1287.644672,26,200,176,4,20251029_115310
1761735118.275992,5029901,1287654656,1287.654656,28,200,177,4,20251029_115310
1761735118.285976,5029940,1287664640,1287.66464,31,199,177,4,20251029_115310
1761735118.29596,5029979,1287674624,1287.674624,33,199,177,4,20251029_115310
1761735118.305944,5030018,1287684608,1287.684608,34,199,176,4,20251029_115310
1761735118.315928,5030057,1287694592,1287.694592,36,199,177,4,20251029_115310
1761735118.325912,5030096,1287704576,1287.704576,37,199,177,4,20251029_115310
1761735118.335896,5030135,1287714560,1287.71456,38,199,176,4,20251029_115310
1761735118.34588,5030174,1287724544,1287.724544,40,199,176,4,20251029_115310
1761735118.355864,5030213,1287734528,1287.734528,41,199,176,4,20251029_115310
1761735118.365848,5030252,1287744512,1287.744512,42,199,175,4,20251029_115310
1761735118.375832,5030291,1287754496,1287.754496,44,199,177,4,20251029_115310
1761735118.385816,5030330,1287764480,1287.76448,45,199,177,4,20251029_115310
1761735118.3958,5030369,1287774464,1287.774464,46,199,176,4,20251029_115310
1761735118.40604,5030409,1287784704,1287.784704,47,198,175,4,20251029_115310
1761735118.416024,5030448,1287794688,1287.794688,49,199,177,4,20251029_115310
1761735118.426008,5030487,1287804672,1287.804672,50,199,176,4,20251029_115310
1761735118.435992,5030526,1287814656,1287.814656,51,199,177,4,20251029_115310
1761735118.445976,5030565,1287824640,1287.82464,53,199,177,4,20251029_115310
1761735118.45596,5030604,1287834624,1287.834624,54,199,177,4,20251029_115310
1761735118.465944,5030643,1287844608,1287.844608,55,199,177,4,20251029_115310
1761735118.475928,5030682,1287854592,1287.854592,56,199,176,4,20251029_115310
1761735118.485912,5030721,1287864576,1287.864576,58,199,176,4,20251029_115310
1761735118.495896,5030760,1287874560,1287.87456,59,199,176,4,20251029_115310
1761735118.50588,5030799,1287884544,1287.884544,60,198,176,4,20251029_115310
1761735118.515864,5030838,1287894528,1287.894528,62,199,177,4,20251029_115310
1761735118.525848,5030877,1287904512,1287.904512,63,199,176,4,20251029_115310
1761735118.535832,5030916,1287914496,1287.914496,64,198,176,4,20251029_115310
1761735118.546072,5030956,1287924736,1287.924736,66,199,176,4,20251029_115310
1761735118.556056,5030995,1287934720,1287.93472,67,198,176,4,20251029_115310
1761735118.56604,5031034,1287944704,1287.944704,68,198,175,4,20251029_115310
1761735118.576024,5031073,1287954688,1287.954688,70,199,176,4,20251029_115310
1761735118.586008,5031112,1287964672,1287.964672,71,198,175,4,20251029_115310
1761735118.595992,5031151,1287974656,1287.974656,73,198,175,4,20251029_115310
1761735118.605976,5031190,1287984640,1287.98464,74,198,173,4,20251029_115310
1761735118.61596,5031229,1287994624,1287.994624,76,198,173,4,20251029_115310
1761735118.625944,5031268,1288004608,1288.004608,77,198,172,4,20251029_115310
1761735118.635928,5031307,1288014592,1288.014592,79,198,170,4,20251029_115310
1761735118.645912,5031346,1288024576,1288.024576,81,198,170,4,20251029_115310
1761735118.655896,5031385,1288034560,1288.03456,83,199,168,4,20251029_115310
1761735118.66588,5031424,1288044544,1288.044544,84,198,161,4,20251029_115310
1761735118.675864,5031463,1288054528,1288.054528,87,198,154,4,20251029_115310
1761735118.685848,5031502,1288064512,1288.064512,89,197,147,4,20251029_115310
1761735118.696088,5031542,1288074752,1288.074752,91,198,143,4,20251029_115310
1761735118.706072,5031581,1288084736,1288.084736,94,197,138,4,20251029_115310
1761735118.716056,5031620,1288094720,1288.09472,96,198,135,4,20251029_115310
1761735118.72604,5031659,1288104704,1288.104704,99,197,131,4,20251029_115310
1761735118.736024,5031698,1288114688,1288.114688,101,197,128,4,20251029_115310
1761735118.746008,5031737,1288124672,1288.124672,104,198,127,4,20251029_115310
1761735118.755992,5031776,1288134656,1288.134656,106,197,127,4,20251029_115310
1761735118.765976,5031815,1288144640,1288.14464,108,197,123,4,20251029_115310
1761735118.77596,5031854,1288154624,1288.154624,111,198,123,4,20251029_115310
1761735118.785944,5031893,1288164608,1288.164608,113,198,121,4,20251029_115310
1761735118.795928,5031932,1288174592,1288.174592,115,197,120,4,20251029_115310
1761735118.805912,5031971,1288184576,1288.184576,118,197,118,4,20251029_115310
1761735118.815896,5032010,1288194560,1288.19456,120,197,118,4,20251029_115310
1761735118.82588,5032049,1288204544,1288.204544,122,197,118,4,20251029_115310
1761735118.83612,5032089,1288214784,1288.214784,124,197,116,4,20251029_115310
1761735118.846104,5032128,1288224768,1288.224768,126,197,118,4,20251029_115310
1761735118.856088,5032167,1288234752,1288.234752,128,198,118,4,20251029_115310
1761735118.866072,5032206,1288244736,1288.244736,130,197,118,4,20251029_115310
1761735118.876056,5032245,1288254720,1288.25472,132,198,118,4,20251029_115310
1761735118.88604,5032284,1288264704,1288.264704,134,197,119,4,20251029_115310
1761735118.896024,5032323,1288274688,1288.274688,136,197,120,4,20251029_115310
1761735118.906008,5032362,1288284672,1288.284672,137,197,121,4,20251029_115310
1761735118.915992,5032401,1288294656,1288.294656,139,198,121,4,20251029_115310
1761735118.925976,5032440,1288304640,1288.30464,141,197,121,4,20251029_115310
1761735118.93596,5032479,1288314624,1288.314624,143,198,123,4,20251029_115310
1761735118.945944,5032518,1288324608,1288.324608,144,197,123,4,20251029_115310
1761735118.955928,5032557,1288334592,1288.334592,146,198,125,4,20251029_115310
1761735118.965912,5032596,1288344576,1288.344576,148,197,124,4,20251029_115310
1761735118.976152,5032636,1288354816,1288.354816,150,198,127,4,20251029_115310
1761735118.986136,5032675,1288364800,1288.3648,151,197,127,4,20251029_115310
1761735118.99612,5032714,1288374784,1288.374784,153,197,127,4,20251029_115310
1761735119.006104,5032753,1288384768,1288.384768,155,198,129,4,20251029_115310
1761735119.016088,5032792,1288394752,1288.394752,157,198,133,4,20251029_115310
1761735119.026072,5032831,1288404736,1288.404736,159,198,138,4,20251029_115310
1761735119.036056,5032870,1288414720,1288.41472,161,198,144,4,20251029_115310
1761735119.04604,5032909,1288424704,1288.424704,163,198,148,4,20251029_115310
1761735119.056024,5032948,1288434688,1288.434688,166,198,151,4,20251029_115310
1761735119.066008,5032987,1288444672,1288.444672,168,198,158,4,20251029_115310
1761735119.075992,5033026,1288454656,1288.454656,171,198,162,4,20251029_115310
1761735119.085976,5033065,1288464640,1288.46464,174,198,166,4,20251029_115310
1761735119.09596,5033104,1288474624,1288.474624,177,198,170,4,20251029_115310
1761735119.105944,5033143,1288484608,1288.484608,180,197,172,4,20251029_115310
1761735119.115928,5033182,1288494592,1288.494592,183,197,173,4,20251029_115310
1761735119.126168,5033222,1288504832,1288.504832,186,198,173,4,20251029_115310
1761735119.136152,5033261,1288514816,1288.514816,189,198,173,4,20251029_115310
1761735119.146136,5033300,1288524800,1288.5248,193,197,174,4,20251029_115310
1761735119.15612,5033339,1288534784,1288.534784,196,198,174,4,20251029_115310
1761735119.166104,5033378,1288544768,1288.544768,199,198,175,4,20251029_115310
1761735119.176088,5033417,1288554752,1288.554752,202,197,174,4,20251029_115310
1761735119.186072,5033456,1288564736,1288.564736,205,198,174,4,20251029_115310
1761735119.196056,5033495,1288574720,1288.57472,208,198,175,4,20251029_115310
1761735119.20604,5033534,1288584704,1288.584704,211,198,176,4,20251029_115310
1761735119.216024,5033573,1288594688,1288.594688,214,199,176,4,20251029_115310
1761735119.226008,5033612,1288604672,1288.604672,217,198,175,4,20251029_115310
1761735119.235992,5033651,1288614656,1288.614656,220,198,175,4,20251029_115310
1761735119.245976,5033690,1288624640,1288.62464,222,198,176,4,20251029_115310
1761735119.25596,5033729,1288634624,1288.634624,225,199,176,4,20251029_115310
1761735119.2662,5033769,1288644864,1288.644864,228,199,175,4,20251029_115310
1761735119.276184,5033808,1288654848,1288.654848,230,199,176,4,20251029_115310
1761735119.286168,5033847,1288664832,1288.664832,233,199,176,4,20251029_115310
1761735119.296152,5033886,1288674816,1288.674816,235,199,175,4,20251029_115310
1761735119.306136,5033925,1288684800,1288.6848,238,199,176,4,20251029_115310
1761735119.31612,5033964,1288694784,1288.694784,240,199,176,4,20251029_115310
1761735119.326104,5034003,1288704768,1288.704768,242,199,176,4,20251029_115310
1761735119.336088,5034042,1288714752,1288.714752,245,199,175,4,20251029_115310
1761735119.346072,5034081,1288724736,1288.724736,247,199,175,4,20251029_115310
1761735119.356056,5034120,1288734720,1288.73472,249,199,176,4,20251029_115310
1761735119.36604,5034159,1288744704,1288.744704,251,200,177,4,20251029_115310
1761735119.376024,5034198,1288754688,1288.754688,253,199,176,4,20251029_115310
1761735119.386008,5034237,1288764672,1288.764672,0,199,176,4,20251029_115310
1761735119.395992,5034276,1288774656,1288.774656,2,199,176,4,20251029_115310
1761735119.406232,5034316,1288784896,1288.784896,4,200,177,4,20251029_115310
1761735119.416216,5034355,1288794880,1288.79488,6,199,176,4,20251029_115310
1761735119.4262,5034394,1288804864,1288.804864,8,199,176,4,20251029_115310
1761735119.436184,5034433,1288814848,1288.814848,9,199,175,4,20251029_115310
1761735119.446168,5034472,1288824832,1288.824832,11,200,176,4,20251029_115310
1761735119.456152,5034511,1288834816,1288.834816,13,199,176,4,20251029_115310
1761735119.466136,5034550,1288844800,1288.8448,15,199,175,4,20251029_115310
1761735119.47612,5034589,1288854784,1288.854784,16,200,176,4,20251029_115310
1761735119.486104,5034628,1288864768,1288.864768,18,199,176,4,20251029_115310
1761735119.496088,5034667,1288874752,1288.874752,19,199,175,4,20251029_115310
1761735119.506072,5034706,1288884736,1288.884736,21,199,175,4,20251029_115310
1761735119.516056,5034745,1288894720,1288.89472,23,199,175,4,20251029_115310
1761735119.52604,5034784,1288904704,1288.904704,24,199,175,4,20251029_115310
1761735119.536024,5034823,1288914688,1288.914688,26,199,174,4,20251029_115310
1761735119.546264,5034863,1288924928,1288.924928,27,199,174,4,20251029_115310
1761735119.556248,5034902,1288934912,1288.934912,29,199,172,4,20251029_115310
1761735119.566232,5034941,1288944896,1288.944896,30,200,171,4,20251029_115310
1761735119.576216,5034980,1288954880,1288.95488,32,199,170,4,20251029_115310
1761735119.5862,5035019,1288964864,1288.964864,34,199,167,4,20251029_115310
1761735119.596184,5035058,1288974848,1288.974848,35,198,163,4,20251029_115310
1761735119.606168,5035097,1288984832,1288.984832,37,198,159,4,20251029_115310
1761735119.616152,5035136,1288994816,1288.994816,39,199,152,4,20251029_115310
1761735119.626136,5035175,1289004800,1289.0048,42,199,143,4,20251029_115310
1761735119.63612,5035214,1289014784,1289.014784,45,199,139,4,20251029_115310
1761735119.646104,5035253,1289024768,1289.024768,47,199,136,4,20251029_115310
1761735119.656088,5035292,1289034752,1289.034752,50,199,131,4,20251029_115310
1761735119.666072,5035331,1289044736,1289.044736,53,199,128,4,20251029_115310
1761735119.676056,5035370,1289054720,1289.05472,57,199,127,4,20251029_115310
1761735119.68604,5035409,1289064704,1289.064704,60,199,123,4,20251029_115310
1761735119.69628,5035449,1289074944,1289.074944,63,199,120,4,20251029_115310
1761735119.706264,5035488,1289084928,1289.084928,66,199,118,4,20251029_115310
1761735119.716248,5035527,1289094912,1289.094912,70,199,116,4,20251029_115310
1761735119.726232,5035566,1289104896,1289.104896,73,198,115,4,20251029_115310
1761735119.736216,5035605,1289114880,1289.11488,76,199,115,4,20251029_115310
1761735119.7462,5035644,1289124864,1289.124864,79,198,116,4,20251029_115310
1761735119.756184,5035683,1289134848,1289.134848,82,198,115,4,20251029_115310
1761735119.766168,5035722,1289144832,1289.144832,85,199,115,4,20251029_115310
1761735119.776152,5035761,1289154816,1289.154816,88,198,115,4,20251029_115310
1761735119.786136,5035800,1289164800,1289.1648,91,197,114,4,20251029_115310
1761735119.79612,5035839,1289174784,1289.174784,94,197,114,4,20251029_115310
1761735119.806104,5035878,1289184768,1289.184768,96,198,115,4,20251029_115310
1761735119.816088,5035917,1289194752,1289.194752,99,197,115,4,20251029_115310
1761735119.826072,5035956,1289204736,1289.204736,102,197,117,4,20251029_115310
1761735119.836312,5035996,1289214976,1289.214976,104,197,114,4,20251029_115310
1761735119.846296,5036035,1289224960,1289.22496,107,197,114,4,20251029_115310
1761735119.85628,5036074,1289234944,1289.234944,109,197,116,4,20251029_115310
1761735119.866264,5036113,1289244928,1289.244928,112,198,117,4,20251029_115310
1761735119.876248,5036152,1289254912,1289.254912,114,197,116,4,20251029_115310
1761735119.886232,5036191,1289264896,1289.264896,116,197,116,4,20251029_115310
1761735119.896216,5036230,1289274880,1289.27488,119,196,117,4,20251029_115310
1761735119.9062,5036269,1289284864,1289.284864,121,197,119,4,20251029_115310
1761735119.916184,5036308,1289294848,1289.294848,123,197,119,4,20251029_115310
1761735119.926168,5036347,1289304832,1289.304832,125,197,121,4,20251029_115310
1761735119.936152,5036386,1289314816,1289.314816,127,197,122,4,20251029_115310
1761735119.946136,5036425,1289324800,1289.3248,129,198,124,4,20251029_115310
1761735119.95612,5036464,1289334784,1289.334784,131,197,126,4,20251029_115310
1761735119.966104,5036503,1289344768,1289.344768,133,197,127,4,20251029_115310
1761735119.976088,5036542,1289354752,1289.354752,135,198,131,4,20251029_115310
1761735119.986328,5036582,1289364992,1289.364992,137,198,138,4,20251029_115310
1761735119.996312,5036621,1289374976,1289.374976,139,198,144,4,20251029_115310
1761735120.006296,5036660,1289384960,1289.38496,142,197,148,4,20251029_115310
1761735120.01628,5036699,1289394944,1289.394944,144,198,153,4,20251029_115310
1761735120.026264,5036738,1289404928,1289.404928,146,197,157,4,20251029_115310
1761735120.036248,5036777,1289414912,1289.414912,149,198,160,4,20251029_115310
1761735120.046232,5036816,1289424896,1289.424896,152,198,164,4,20251029_115310
1761735120.056216,5036855,1289434880,1289.43488,155,197,166,4,20251029_115310
1761735120.0662,5036894,1289444864,1289.444864,157,198,171,4,20251029_115310
1761735120.076184,5036933,1289454848,1289.454848,161,197,172,4,20251029_115310
1761735120.086168,5036972,1289464832,1289.464832,164,198,172,4,20251029_115310
1761735120.096152,5037011,1289474816,1289.474816,167,198,173,4,20251029_115310
1761735120.106136,5037050,1289484800,1289.4848,170,198,172,4,20251029_115310
1761735120.11612,5037089,1289494784,1289.494784,173,198,173,4,20251029_115310
1761735120.12636,5037129,1289505024,1289.505024,176,198,173,4,20251029_115310
1761735120.136344,5037168,1289515008,1289.515008,179,198,174,4,20251029_115310
1761735120.146328,5037207,1289524992,1289.524992,183,198,173,4,20251029_115310
1761735120.156312,5037246,1289534976,1289.534976,186,197,173,4,20251029_115310
1761735120.166296,5037285,1289544960,1289.54496,189,197,173,4,20251029_115310
1761735120.17628,5037324,1289554944,1289.554944,192,197,174,4,20251029_115310
1761735120.186264,5037363,1289564928,1289.564928,195,197,174,4,20251029_115310
1761735120.196248,5037402,1289574912,1289.574912,198,197,174,4,20251029_115310
1761735120.206232,5037441,1289584896,1289.584896,202,198,175,4,20251029_115310
1761735120.216216,5037480,1289594880,1289.59488,205,199,175,4,20251029_115310
1761735120.2262,5037519,1289604864,1289.604864,208,198,174,4,20251029_115310
1761735120.236184,5037558,1289614848,1289.614848,211,198,174,4,20251029_115310
1761735120.246168,5037597,1289624832,1289.624832,214,199,175,4,20251029_115310
1761735120.256152,5037636,1289634816,1289.634816,216,199,175,4,20251029_115310
1761735120.266136,5037675,1289644800,1289.6448,219,199,176,4,20251029_115310
1761735120.276376,5037715,1289655040,1289.65504,222,198,175,4,20251029_115310
1761735120.28636,5037754,1289665024,1289.665024,225,199,176,4,20251029_115310
1761735120.296344,5037793,1289675008,1289.675008,227,199,175,4,20251029_115310
1761735120.306328,5037832,1289684992,1289.684992,230,200,175,4,20251029_115310
1761735120.316312,5037871,1289694976,1289.694976,233,199,175,4,20251029_115310
1761735120.326296,5037910,1289704960,1289.70496,235,198,175,4,20251029_115310
1761735120.33628,5037949,1289714944,1289.714944,237,199,175,4,20251029_115310
1761735120.346264,5037988,1289724928,1289.724928,240,199,176,4,20251029_115310
1761735120.356248,5038027,1289734912,1289.734912,242,199,176,4,20251029_115310
1761735120.366232,5038066,1289744896,1289.744896,244,199,176,4,20251029_115310
1761735120.376216,5038105,1289754880,1289.75488,247,199,175,4,20251029_115310
1761735120.3862,5038144,1289764864,1289.764864,249,199,174,4,20251029_115310
1761735120.396184,5038183,1289774848,1289.774848,251,199,176,4,20251029_115310
1761735120.406168,5038222,1289784832,1289.784832,253,199,175,4,20251029_115310
1761735120.416408,5038262,1289795072,1289.795072,0,199,175,4,20251029_115310
1761735120.426392,5038301,1289805056,1289.805056,2,200,175,4,20251029_115310
1761735120.436376,5038340,1289815040,1289.81504,4,199,174,4,20251029_115310
1761735120.44636,5038379,1289825024,1289.825024,6,199,174,4,20251029_115310
1761735120.456344,5038418,1289835008,1289.835008,7,199,175,4,20251029_115310
1761735120.466328,5038457,1289844992,1289.844992,9,199,174,4,20251029_115310
1761735120.476312,5038496,1289854976,1289.854976,11,199,174,4,20251029_115310
1761735120.486296,5038535,1289864960,1289.86496,13,200,174,4,20251029_115310
1761735120.49628,5038574,1289874944,1289.874944,15,199,172,4,20251029_115310
1761735120.506264,5038613,1289884928,1289.884928,16,200,172,4,20251029_115310
1761735120.516248,5038652,1289894912,1289.894912,18,199,172,4,20251029_115310
1761735120.526232,5038691,1289904896,1289.904896,20,199,172,4,20251029_115310
1761735120.536216,5038730,1289914880,1289.91488,21,199,172,4,20251029_115310
1761735120.5462,5038769,1289924864,1289.924864,23,199,170,4,20251029_115310
1761735120.55644,5038809,1289935104,1289.935104,25,200,171,4,20251029_115310
1761735120.566424,5038848,1289945088,1289.945088,26,199,170,4,20251029_115310
1761735120.576408,5038887,1289955072,1289.955072,28,199,170,4,20251029_115310
1761735120.586392,5038926,1289965056,1289.965056,29,199,170,4,20251029_115310
1761735120.596376,5038965,1289975040,1289.97504,31,199,169,4,20251029_115310
1761735120.60636,5039004,1289985024,1289.985024,33,199,169,4,20251029_115310
1761735120.616344,5039043,1289995008,1289.995008,34,199,169,4,20251029_115310
1761735120.626328,5039082,1290004992,1290.004992,36,200,169,4,20251029_115310
1761735120.636312,5039121,1290014976,1290.014976,37,199,168,4,20251029_115310
1761735120.646296,5039160,1290024960,1290.02496,39,199,169,4,20251029_115310
1761735120.65628,5039199,1290034944,1290.034944,40,199,168,4,20251029_115310
1761735120.666264,5039238,1290044928,1290.044928,42,199,169,4,20251029_115310
1761735120.676248,5039277,1290054912,1290.054912,44,199,168,4,20251029_115310
1761735120.686232,5039316,1290064896,1290.064896,45,199,169,4,20251029_115310
1761735120.696216,5039355,1290074880,1290.07488,47,199,170,4,20251029_115310
1761735120.706456,5039395,1290085120,1290.08512,48,199,170,4,20251029_115310
1761735120.71644,5039434,1290095104,1290.095104,50,199,170,4,20251029_115310
1761735120.726424,5039473,1290105088,1290.105088,51,199,169,4,20251029_115310
1761735120.736408,5039512,1290115072,1290.115072,53,199,170,4,20251029_115310
1761735120.746392,5039551,1290125056,1290.125056,54,199,170,4,20251029_115310
1761735120.756376,5039590,1290135040,1290.13504,56,199,170,4,20251029_115310
1761735120.76636,5039629,1290145024,1290.145024,57,199,171,4,20251029_115310
1761735120.776344,5039668,1290155008,1290.155008,59,199,171,4,20251029_115310
1761735120.786328,5039707,1290164992,1290.164992,60,199,171,4,20251029_115310
1761735120.796312,5039746,1290174976,1290.174976,61,199,171,4,20251029_115310
1761735120.806296,5039785,1290184960,1290.18496,63,199,172,4,20251029_115310
1761735120.81628,5039824,1290194944,1290.194944,64,199,171,4,20251029_115310
1761735120.826264,5039863,1290204928,1290.204928,66,199,171,4,20251029_115310
1761735120.836248,5039902,1290214912,1290.214912,67,198,170,4,20251029_115310
1761735120.846488,5039942,1290225152,1290.225152,69,199,172,4,20251029_115310
1761735120.856472,5039981,1290235136,1290.235136,70,199,173,4,20251029_115310
1761735120.866456,5040020,1290245120,1290.24512,72,198,172,4,20251029_115310
1761735120.87644,5040059,1290255104,1290.255104,73,199,173,4,20251029_115310
1761735120.886424,5040098,1290265088,1290.265088,75,198,172,4,20251029_115310
1761735120.896408,5040137,1290275072,1290.275072,77,199,173,4,20251029_115310
1761735120.906392,5040176,1290285056,1290.285056,78,199,172,4,20251029_115310
1761735120.916376,5040215,1290295040,1290.29504,80,199,173,4,20251029_115310
1761735120.92636,5040254,1290305024,1290.305024,81,198,173,4,20251029_115310
1761735120.936344,5040293,1290315008,1290.315008,83,199,172,4,20251029_115310
1761735120.946328,5040332,1290324992,1290.324992,85,198,172,4,20251029_115310
1761735120.956312,5040371,1290334976,1290.334976,86,198,171,4,20251029_115310
1761735120.966296,5040410,1290344960,1290.34496,88,198,172,4,20251029_115310
1761735120.97628,5040449,1290354944,1290.354944,90,198,171,4,20251029_115310
1761735120.986264,5040488,1290364928,1290.364928,92,198,171,4,20251029_115310
1761735120.996504,5040528,1290375168,1290.375168,94,198,170,4,20251029_115310
1761735121.006488,5040567,1290385152,1290.385152,96,198,168,4,20251029_115310
1761735121.016472,5040606,1290395136,1290.395136,98,199,168,4,20251029_115310
1761735121.026456,5040645,1290405120,1290.40512,100,198,164,4,20251029_115310
1761735121.03644,5040684,1290415104,1290.415104,102,197,159,4,20251029_115310
1761735121.046424,5040723,1290425088,1290.425088,104,198,155,4,20251029_115310
1761735121.056408,5040762,1290435072,1290.435072,106,197,151,4,20251029_115310
1761735121.066392,5040801,1290445056,1290.445056,109,197,147,4,20251029_115310
1761735121.076376,5040840,1290455040,1290.45504,111,197,143,4,20251029_115310
1761735121.08636,5040879,1290465024,1290.465024,113,197,140,4,20251029_115310
1761735121.096344,5040918,1290475008,1290.475008,116,197,136,4,20251029_115310
1761735121.106328,5040957,1290484992,1290.484992,118,199,136,4,20251029_115310
1761735121.116312,5040996,1290494976,1290.494976,120,197,132,4,20251029_115310
1761735121.126296,5041035,1290504960,1290.50496,122,198,131,4,20251029_115310
1761735121.136536,5041075,1290515200,1290.5152,124,197,130,4,20251029_115310
1761735121.14652,5041114,1290525184,1290.525184,127,198,130,4,20251029_115310
1761735121.156504,5041153,1290535168,1290.535168,129,197,129,4,20251029_115310
1761735121.166488,5041192,1290545152,1290.545152,131,198,130,4,20251029_115310
1761735121.176472,5041231,1290555136,1290.555136,133,198,130,4,20251029_115310
1761735121.186456,5041270,1290565120,1290.56512,135,198,132,4,20251029_115310
1761735121.19644,5041309,1290575104,1290.575104,137,198,132,4,20251029_115310
1761735121.206424,5041348,1290585088,1290.585088,139,198,133,4,20251029_115310
1761735121.216408,5041387,1290595072,1290.595072,141,197,134,4,20251029_115310
1761735121.226392,5041426,1290605056,1290.605056,143,197,134,4,20251029_115310
1761735121.236376,5041465,1290615040,1290.61504,145,198,136,4,20251029_115310
1761735121.24636,5041504,1290625024,1290.625024,147,198,136,4,20251029_115310
1761735121.2566,5041544,1290635264,1290.635264,149,198,137,4,20251029_115310
1761735121.266584,5041583,1290645248,1290.645248,151,198,139,4,20251029_115310
1761735121.276568,5041622,1290655232,1290.655232,153,198,140,4,20251029_115310
1761735121.286552,5041661,1290665216,1290.665216,155,198,142,4,20251029_115310
1761735121.296536,5041700,1290675200,1290.6752,157,198,146,4,20251029_115310
1761735121.30652,5041739,1290685184,1290.685184,160,198,149,4,20251029_115310
1761735121.31676,5041779,1290695424,1290.695424,162,198,152,4,20251029_115310
1761735121.326744,5041818,1290705408,1290.705408,165,198,154,4,20251029_115310
1761735121.336728,5041857,1290715392,1290.715392,167,197,156,4,20251029_115310
1761735121.346712,5041896,1290725376,1290.725376,170,198,159,4,20251029_115310
1761735121.356696,5041935,1290735360,1290.73536,173,199,162,4,20251029_115310
1761735121.36668,5041974,1290745344,1290.745344,175,198,165,4,20251029_115310
1761735121.376664,5042013,1290755328,1290.755328,178,198,168,4,20251029_115310
1761735121.386904,5042053,1290765568,1290.765568,182,197,170,4,20251029_115310
1761735121.396888,5042092,1290775552,1290.775552,185,198,173,4,20251029_115310
1761735121.406872,5042131,1290785536,1290.785536,188,198,174,4,20251029_115310
1761735121.416856,5042170,1290795520,1290.79552,191,198,173,4,20251029_115310
1761735121.42684,5042209,1290805504,1290.805504,194,198,174,4,20251029_115310
1761735121.436824,5042248,1290815488,1290.815488,198,197,176,4,20251029_115310
1761735121.446808,5042287,1290825472,1290.825472,201,198,175,4,20251029_115310
1761735121.457048,5042327,1290835712,1290.835712,204,199,175,4,20251029_115310
1761735121.467032,5042366,1290845696,1290.845696,207,198,175,4,20251029_115310
1761735121.477016,5042405,1290855680,1290.85568,210,199,176,4,20251029_115310
1761735121.487,5042444,1290865664,1290.865664,213,198,176,4,20251029_115310
1761735121.496984,5042483,1290875648,1290.875648,216,199,177,4,20251029_115310
1761735121.506968,5042522,1290885632,1290.885632,219,199,176,4,20251029_115310
1761735121.516952,5042561,1290895616,1290.895616,222,199,176,4,20251029_115310
1761735121.526936,5042600,1290905600,1290.9056,224,199,177,4,20251029_115310
1761735121.537176,5042640,1290915840,1290.91584,227,199,177,4,20251029_115310
1761735121.54716,5042679,1290925824,1290.925824,230,199,177,4,20251029_115310
1761735121.557144,5042718,1290935808,1290.935808,232,199,177,4,20251029_115310
1761735121.567128,5042757,1290945792,1290.945792,235,199,177,4,20251029_115310
1761735121.577112,5042796,1290955776,1290.955776,237,199,177,4,20251029_115310
1761735121.587096,5042835,1290965760,1290.96576,240,198,177,4,20251029_115310
1761735121.597336,5042875,1290976000,1290.976,242,200,177,4,20251029_115310
1761735121.60732,5042914,1290985984,1290.985984,244,199,177,4,20251029_115310
1761735121.617304,5042953,1290995968,1290.995968,246,198,177,4,20251029_115310
1761735121.627288,5042992,1291005952,1291.005952,249,198,177,4,20251029_115310
1761735121.637272,5043031,1291015936,1291.015936,251,199,177,4,20251029_115310
1761735121.647256,5043070,1291025920,1291.02592,253,199,176,4,20251029_115310
1761735121.65724,5043109,1291035904,1291.035904,0,199,177,4,20251029_115310
1761735121.66748,5043149,1291046144,1291.046144,2,199,177,4,20251029_115310
1761735121.677464,5043188,1291056128,1291.056128,4,199,178,4,20251029_115310
1761735121.687448,5043227,1291066112,1291.066112,5,200,178,4,20251029_115310
1761735121.697432,5043266,1291076096,1291.076096,7,199,177,4,20251029_115310
1761735121.707416,5043305,1291086080,1291.08608,9,199,177,4,20251029_115310
1761735121.7174,5043344,1291096064,1291.096064,11,200,178,4,20251029_115310
1761735121.727384,5043383,1291106048,1291.106048,12,200,178,4,20251029_115310
1761735121.737368,5043422,1291116032,1291.116032,14,199,177,4,20251029_115310
1761735121.747352,5043461,1291126016,1291.126016,16,199,178,4,20251029_115310
1761735121.757336,5043500,1291136000,1291.136,17,199,177,4,20251029_115310
1761735121.76732,5043539,1291145984,1291.145984,19,199,177,4,20251029_115310
1761735121.777304,5043578,1291155968,1291.155968,21,200,179,4,20251029_115310
1761735121.787288,5043617,1291165952,1291.165952,22,199,178,4,20251029_115310
1761735121.797528,5043657,1291176192,1291.176192,24,200,177,4,20251029_115310
1761735121.807512,5043696,1291186176,1291.186176,25,199,177,4,20251029_115310
1761735121.817496,5043735,1291196160,1291.19616,27,199,176,4,20251029_115310
1761735121.82748,5043774,1291206144,1291.206144,28,199,177,4,20251029_115310
1761735121.837464,5043813,1291216128,1291.216128,29,197,176,4,20251029_115310
1761735121.847448,5043852,1291226112,1291.226112,31,199,176,4,20251029_115310
1761735121.857432,5043891,1291236096,1291.236096,32,199,176,4,20251029_115310
1761735121.867416,5043930,1291246080,1291.24608,34,199,176,4,20251029_115310
1761735121.8774,5043969,1291256064,1291.256064,35,198,175,4,20251029_115310
1761735121.887384,5044008,1291266048,1291.266048,36,199,176,4,20251029_115310
1761735121.897368,5044047,1291276032,1291.276032,38,199,174,4,20251029_115310
1761735121.907352,5044086,1291286016,1291.286016,39,199,173,4,20251029_115310
1761735121.917336,5044125,1291296000,1291.296,41,198,172,4,20251029_115310
1761735121.92732,5044164,1291305984,1291.305984,42,199,171,4,20251029_115310
1761735121.937304,5044203,1291315968,1291.315968,44,199,169,4,20251029_115310
1761735121.947544,5044243,1291326208,1291.326208,46,199,164,4,20251029_115310
1761735121.957528,5044282,1291336192,1291.336192,48,199,157,4,20251029_115310
1761735121.967512,5044321,1291346176,1291.346176,51,199,150,4,20251029_115310
1761735121.977496,5044360,1291356160,1291.35616,53,199,144,4,20251029_115310
1761735121.98748,5044399,1291366144,1291.366144,57,199,138,4,20251029_115310
1761735121.997464,5044438,1291376128,1291.376128,60,199,134,4,20251029_115310
1761735122.007448,5044477,1291386112,1291.386112,63,199,129,4,20251029_115310
1761735122.017432,5044516,1291396096,1291.396096,67,199,127,4,20251029_115310
1761735122.027416,5044555,1291406080,1291.40608,70,199,122,4,20251029_115310
1761735122.0374,5044594,1291416064,1291.416064,73,198,118,4,20251029_115310
1761735122.047384,5044633,1291426048,1291.426048,76,199,116,4,20251029_115310
1761735122.057368,5044672,1291436032,1291.436032,79,199,116,4,20251029_115310
1761735122.067352,5044711,1291446016,1291.446016,82,199,113,4,20251029_115310
1761735122.077336,5044750,1291456000,1291.456,85,199,114,4,20251029_115310
1761735122.08732,5044789,1291465984,1291.465984,88,198,115,4,20251029_115310
1761735122.09756,5044829,1291476224,1291.476224,91,198,115,4,20251029_115310
1761735122.107544,5044868,1291486208,1291.486208,94,198,115,4,20251029_115310
1761735122.117528,5044907,1291496192,1291.496192,97,197,114,4,20251029_115310
1761735122.127512,5044946,1291506176,1291.506176,99,197,115,4,20251029_115310
1761735122.137496,5044985,1291516160,1291.51616,102,197,113,4,20251029_115310
1761735122.14748,5045024,1291526144,1291.526144,104,197,114,4,20251029_115310
1761735122.157464,5045063,1291536128,1291.536128,107,197,114,4,20251029_115310
1761735122.167448,5045102,1291546112,1291.546112,109,197,114,4,20251029_115310
1761735122.177432,5045141,1291556096,1291.556096,112,198,114,4,20251029_115310
1761735122.187416,5045180,1291566080,1291.56608,114,198,115,4,20251029_115310
1761735122.1974,5045219,1291576064,1291.576064,116,197,115,4,20251029_115310
1761735122.207384,5045258,1291586048,1291.586048,119,197,114,4,20251029_115310
1761735122.217368,5045297,1291596032,1291.596032,121,198,115,4,20251029_115310
1761735122.227352,5045336,1291606016,1291.606016,123,197,116,4,20251029_115310
1761735122.237592,5045376,1291616256,1291.616256,125,197,115,4,20251029_115310
1761735122.247576,5045415,1291626240,1291.62624,127,197,116,4,20251029_115310
1761735122.25756,5045454,1291636224,1291.636224,129,198,117,4,20251029_115310
1761735122.267544,5045493,1291646208,1291.646208,131,197,116,4,20251029_115310
1761735122.277528,5045532,1291656192,1291.656192,133,197,116,4,20251029_115310
1761735122.287512,5045571,1291666176,1291.666176,135,198,118,4,20251029_115310
1761735122.297496,5045610,1291676160,1291.67616,136,198,119,4,20251029_115310
1761735122.30748,5045649,1291686144,1291.686144,138,197,119,4,20251029_115310
1761735122.317464,5045688,1291696128,1291.696128,140,197,120,4,20251029_115310
1761735122.327448,5045727,1291706112,1291.706112,142,197,123,4,20251029_115310
1761735122.337432,5045766,1291716096,1291.716096,144,198,126,4,20251029_115310
1761735122.347416,5045805,1291726080,1291.72608,145,197,127,4,20251029_115310
1761735122.3574,5045844,1291736064,1291.736064,147,198,129,4,20251029_115310
1761735122.367384,5045883,1291746048,1291.746048,149,198,133,4,20251029_115310
1761735122.377624,5045923,1291756288,1291.756288,151,198,140,4,20251029_115310
1761735122.387608,5045962,1291766272,1291.766272,153,197,145,4,20251029_115310
1761735122.397592,5046001,1291776256,1291.776256,156,197,150,4,20251029_115310
1761735122.407576,5046040,1291786240,1291.78624,158,198,155,4,20251029_115310
1761735122.41756,5046079,1291796224,1291.796224,161,198,161,4,20251029_115310
1761735122.427544,5046118,1291806208,1291.806208,164,197,164,4,20251029_115310
1761735122.437528,5046157,1291816192,1291.816192,167,198,168,4,20251029_115310
1761735122.447512,5046196,1291826176,1291.826176,170,198,171,4,20251029_115310
1761735122.457496,5046235,1291836160,1291.83616,173,196,170,4,20251029_115310
1761735122.46748,5046274,1291846144,1291.846144,176,198,171,4,20251029_115310
1761735122.477464,5046313,1291856128,1291.856128,179,198,171,4,20251029_115310
1761735122.487448,5046352,1291866112,1291.866112,182,198,171,4,20251029_115310
1761735122.497432,5046391,1291876096,1291.876096,185,197,173,4,20251029_115310
1761735122.507416,5046430,1291886080,1291.88608,189,198,173,4,20251029_115310
1761735122.5174,5046469,1291896064,1291.896064,192,197,172,4,20251029_115310
1761735122.52764,5046509,1291906304,1291.906304,195,197,173,4,20251029_115310
1761735122.537624,5046548,1291916288,1291.916288,198,198,174,4,20251029_115310
1761735122.547608,5046587,1291926272,1291.926272,201,198,174,4,20251029_115310
1761735122.557592,5046626,1291936256,1291.936256,204,198,175,4,20251029_115310
1761735122.567576,5046665,1291946240,1291.94624,207,198,174,4,20251029_115310
1761735122.57756,5046704,1291956224,1291.956224,210,198,174,4,20251029_115310
1761735122.587544,5046743,1291966208,1291.966208,213,198,175,4,20251029_115310
1761735122.597528,5046782,1291976192,1291.976192,216,198,174,4,20251029_115310
1761735122.607512,5046821,1291986176,1291.986176,219,198,174,4,20251029_115310
1761735122.617496,5046860,1291996160,1291.99616,222,199,175,4,20251029_115310
1761735122.62748,5046899,1292006144,1292.006144,224,198,175,4,20251029_115310
1761735122.637464,5046938,1292016128,1292.016128,227,199,175,4,20251029_115310
1761735122.647448,5046977,1292026112,1292.026112,230,199,175,4,20251029_115310
1761735122.657432,5047016,1292036096,1292.036096,232,199,175,4,20251029_115310
1761735122.667672,5047056,1292046336,1292.046336,235,198,176,4,20251029_115310
1761735122.677656,5047095,1292056320,1292.05632,237,199,176,4,20251029_115310
1761735122.68764,5047134,1292066304,1292.066304,239,200,176,4,20251029_115310
1761735122.697624,5047173,1292076288,1292.076288,242,198,176,4,20251029_115310
1761735122.707608,5047212,1292086272,1292.086272,244,199,176,4,20251029_115310
1761735122.717592,5047251,1292096256,1292.096256,246,199,176,4,20251029_115310
1761735122.727576,5047290,1292106240,1292.10624,248,199,174,4,20251029_115310
1761735122.73756,5047329,1292116224,1292.116224,251,199,175,4,20251029_115310
1761735122.747544,5047368,1292126208,1292.126208,253,199,176,4,20251029_115310
1761735122.757528,5047407,1292136192,1292.136192,0,200,176,4,20251029_115310
1761735122.767512,5047446,1292146176,1292.146176,2,199,175,4,20251029_115310
1761735122.777496,5047485,1292156160,1292.15616,3,199,176,4,20251029_115310
1761735122.78748,5047524,1292166144,1292.166144,5,199,175,4,20251029_115310
1761735122.797464,5047563,1292176128,1292.176128,7,199,175,4,20251029_115310
1761735122.807448,5047602,1292186112,1292.186112,9,199,175,4,20251029_115310
1761735122.817688,5047642,1292196352,1292.196352,11,199,175,4,20251029_115310
1761735122.827672,5047681,1292206336,1292.206336,13,199,174,4,20251029_115310
1761735122.837656,5047720,1292216320,1292.21632,14,199,173,4,20251029_115310
1761735122.84764,5047759,1292226304,1292.226304,16,198,173,4,20251029_115310
1761735122.857624,5047798,1292236288,1292.236288,18,199,174,4,20251029_115310
1761735122.867608,5047837,1292246272,1292.246272,19,199,172,4,20251029_115310
1761735122.877592,5047876,1292256256,1292.256256,21,200,170,4,20251029_115310
1761735122.887576,5047915,1292266240,1292.26624,23,199,170,4,20251029_115310
1761735122.89756,5047954,1292276224,1292.276224,24,199,170,4,20251029_115310
1761735122.907544,5047993,1292286208,1292.286208,26,199,168,4,20251029_115310
1761735122.917528,5048032,1292296192,1292.296192,28,198,167,4,20251029_115310
1761735122.927512,5048071,1292306176,1292.306176,30,199,162,4,20251029_115310
1761735122.937496,5048110,1292316160,1292.31616,32,199,157,4,20251029_115310
1761735122.94748,5048149,1292326144,1292.326144,34,199,156,4,20251029_115310
1761735122.95772,5048189,1292336384,1292.336384,36,199,152,4,20251029_115310
1761735122.967704,5048228,1292346368,1292.346368,38,199,147,4,20251029_115310
1761735122.977688,5048267,1292356352,1292.356352,40,199,144,4,20251029_115310
1761735122.987672,5048306,1292366336,1292.366336,43,199,141,4,20251029_115310
1761735122.997656,5048345,1292376320,1292.37632,45,198,137,4,20251029_115310
1761735123.00764,5048384,1292386304,1292.386304,48,199,134,4,20251029_115310
1761735123.017624,5048423,1292396288,1292.396288,50,199,131,4,20251029_115310
1761735123.027608,5048462,1292406272,1292.406272,53,198,128,4,20251029_115310
1761735123.037592,5048501,1292416256,1292.416256,56,198,128,4,20251029_115310
1761735123.047576,5048540,1292426240,1292.42624,59,199,127,4,20251029_115310
1761735123.05756,5048579,1292436224,1292.436224,62,199,126,4,20251029_115310
1761735123.067544,5048618,1292446208,1292.446208,65,198,124,4,20251029_115310
1761735123.077528,5048657,1292456192,1292.456192,68,199,122,4,20251029_115310
1761735123.087512,5048696,1292466176,1292.466176,71,198,120,4,20251029_115310
1761735123.097496,5048735,1292476160,1292.47616,74,199,120,4,20251029_115310
1761735123.107736,5048775,1292486400,1292.4864,77,199,118,4,20251029_115310
1761735123.11772,5048814,1292496384,1292.496384,80,198,116,4,20251029_115310
1761735123.127704,5048853,1292506368,1292.506368,83,199,116,4,20251029_115310
1761735123.137688,5048892,1292516352,1292.516352,86,199,116,4,20251029_115310
1761735123.147672,5048931,1292526336,1292.526336,89,198,116,4,20251029_115310
1761735123.157656,5048970,1292536320,1292.53632,92,198,115,4,20251029_115310
1761735123.16764,5049009,1292546304,1292.546304,95,198,117,4,20251029_115310
1761735123.177624,5049048,1292556288,1292.556288,98,198,117,4,20251029_115310
1761735123.187608,5049087,1292566272,1292.566272,100,197,117,4,20251029_115310
1761735123.197592,5049126,1292576256,1292.576256,103,198,117,4,20251029_115310
1761735123.207576,5049165,1292586240,1292.58624,105,197,118,4,20251029_115310
1761735123.21756,5049204,1292596224,1292.596224,108,198,119,4,20251029_115310
1761735123.227544,5049243,1292606208,1292.606208,110,197,119,4,20251029_115310
1761735123.237528,5049282,1292616192,1292.616192,113,197,120,4,20251029_115310
1761735123.247768,5049322,1292626432,1292.626432,115,198,122,4,20251029_115310
1761735123.257752,5049361,1292636416,1292.636416,117,198,124,4,20251029_115310
1761735123.267736,5049400,1292646400,1292.6464,119,198,125,4,20251029_115310
1761735123.27772,5049439,1292656384,1292.656384,121,198,127,4,20251029_115310
1761735123.287704,5049478,1292666368,1292.666368,124,198,127,4,20251029_115310
1761735123.297688,5049517,1292676352,1292.676352,126,198,129,4,20251029_115310
1761735123.307672,5049556,1292686336,1292.686336,128,197,131,4,20251029_115310
1761735123.317656,5049595,1292696320,1292.69632,130,198,137,4,20251029_115310
1761735123.32764,5049634,1292706304,1292.706304,132,198,142,4,20251029_115310
1761735123.337624,5049673,1292716288,1292.716288,135,198,147,4,20251029_115310
1761735123.347608,5049712,1292726272,1292.726272,137,197,149,4,20251029_115310
1761735123.357592,5049751,1292736256,1292.736256,139,198,152,4,20251029_115310
1761735123.367576,5049790,1292746240,1292.74624,142,197,157,4,20251029_115310
1761735123.37756,5049829,1292756224,1292.756224,144,198,160,4,20251029_115310
1761735123.387544,5049868,1292766208,1292.766208,147,198,163,4,20251029_115310
1761735123.397784,5049908,1292776448,1292.776448,150,198,165,4,20251029_115310
1761735123.407768,5049947,1292786432,1292.786432,153,198,167,4,20251029_115310
1761735123.417752,5049986,1292796416,1292.796416,155,198,170,4,20251029_115310
1761735123.427736,5050025,1292806400,1292.8064,158,198,170,4,20251029_115310
1761735123.43772,5050064,1292816384,1292.816384,162,198,173,4,20251029_115310
1761735123.447704,5050103,1292826368,1292.826368,165,198,173,4,20251029_115310
1761735123.457688,5050142,1292836352,1292.836352,168,197,171,4,20251029_115310
1761735123.467672,5050181,1292846336,1292.846336,171,197,173,4,20251029_115310
1761735123.477656,5050220,1292856320,1292.85632,174,197,171,4,20251029_115310
1761735123.48764,5050259,1292866304,1292.866304,177,198,173,4,20251029_115310
1761735123.497624,5050298,1292876288,1292.876288,180,197,172,4,20251029_115310
1761735123.507608,5050337,1292886272,1292.886272,184,197,173,4,20251029_115310
1761735123.517592,5050376,1292896256,1292.896256,187,198,173,4,20251029_115310
1761735123.527576,5050415,1292906240,1292.90624,190,198,174,4,20251029_115310
1761735123.537816,5050455,1292916480,1292.91648,193,198,175,4,20251029_115310
1761735123.5478,5050494,1292926464,1292.926464,196,198,174,4,20251029_115310
1761735123.557784,5050533,1292936448,1292.936448,199,198,175,4,20251029_115310
1761735123.567768,5050572,1292946432,1292.946432,203,198,175,4,20251029_115310
1761735123.577752,5050611,1292956416,1292.956416,206,198,176,4,20251029_115310
1761735123.587736,5050650,1292966400,1292.9664,209,199,175,4,20251029_115310
1761735123.59772,5050689,1292976384,1292.976384,212,199,176,4,20251029_115310
1761735123.607704,5050728,1292986368,1292.986368,215,199,176,4,20251029_115310
1761735123.617688,5050767,1292996352,1292.996352,217,199,176,4,20251029_115310
1761735123.627672,5050806,1293006336,1293.006336,220,199,176,4,20251029_115310
1761735123.637656,5050845,1293016320,1293.01632,223,199,175,4,20251029_115310
1761735123.64764,5050884,1293026304,1293.026304,226,199,176,4,20251029_115310
1761735123.657624,5050923,1293036288,1293.036288,228,199,176,4,20251029_115310
1761735123.667608,5050962,1293046272,1293.046272,231,199,175,4,20251029_115310
1761735123.677848,5051002,1293056512,1293.056512,233,199,176,4,20251029_115310
1761735123.687832,5051041,1293066496,1293.066496,236,199,175,4,20251029_115310
1761735123.697816,5051080,1293076480,1293.07648,238,200,176,4,20251029_115310
1761735123.7078,5051119,1293086464,1293.086464,241,199,176,4,20251029_115310
1761735123.717784,5051158,1293096448,1293.096448,243,199,176,4,20251029_115310
1761735123.727768,5051197,1293106432,1293.106432,245,199,175,4,20251029_115310
1761735123.737752,5051236,1293116416,1293.116416,247,199,176,4,20251029_115310
1761735123.747736,5051275,1293126400,1293.1264,250,199,175,4,20251029_115310
1761735123.75772,5051314,1293136384,1293.136384,252,199,175,4,20251029_115310
1761735123.767704,5051353,1293146368,1293.146368,254,200,176,4,20251029_115310
1761735123.777688,5051392,1293156352,1293.156352,1,199,176,4,20251029_115310
1761735123.787672,5051431,1293166336,1293.166336,3,199,176,4,20251029_115310
1761735123.797656,5051470,1293176320,1293.17632,4,199,175,4,20251029_115310
1761735123.80764,5051509,1293186304,1293.186304,6,199,176,4,20251029_115310
1761735123.817624,5051548,1293196288,1293.196288,8,200,176,4,20251029_115310
1761735123.827864,5051588,1293206528,1293.206528,10,199,174,4,20251029_115310
1761735123.837848,5051627,1293216512,1293.216512,12,198,175,4,20251029_115310
1761735123.847832,5051666,1293226496,1293.226496,13,199,176,4,20251029_115310
1761735123.857816,5051705,1293236480,1293.23648,15,199,176,4,20251029_115310
1761735123.8678,5051744,1293246464,1293.246464,17,199,176,4,20251029_115310
1761735123.877784,5051783,1293256448,1293.256448,18,199,176,4,20251029_115310
1761735123.887768,5051822,1293266432,1293.266432,20,199,176,4,20251029_115310
1761735123.897752,5051861,1293276416,1293.276416,21,199,175,4,20251029_115310
1761735123.907736,5051900,1293286400,1293.2864,23,199,177,4,20251029_115310
1761735123.91772,5051939,1293296384,1293.296384,24,200,176,4,20251029_115310
1761735123.927704,5051978,1293306368,1293.306368,26,199,176,4,20251029_115310
1761735123.937688,5052017,1293316352,1293.316352,27,199,177,4,20251029_115310
1761735123.947672,5052056,1293326336,1293.326336,29,199,176,4,20251029_115310
1761735123.957656,5052095,1293336320,1293.33632,30,199,176,4,20251029_115310
1761735123.967896,5052135,1293346560,1293.34656,31,198,177,4,20251029_115310
1761735123.97788,5052174,1293356544,1293.356544,33,199,177,4,20251029_115310
1761735123.987864,5052213,1293366528,1293.366528,34,199,177,4,20251029_115310
1761735123.997848,5052252,1293376512,1293.376512,36,199,176,4,20251029_115310
1761735124.007832,5052291,1293386496,1293.386496,37,199,177,4,20251029_115310
1761735124.017816,5052330,1293396480,1293.39648,38,199,177,4,20251029_115310
1761735124.0278,5052369,1293406464,1293.406464,40,199,177,4,20251029_115310
1761735124.037784,5052408,1293416448,1293.416448,41,199,177,4,20251029_115310
1761735124.047768,5052447,1293426432,1293.426432,42,199,177,4,20251029_115310
1761735124.057752,5052486,1293436416,1293.436416,43,199,178,4,20251029_115310
1761735124.067736,5052525,1293446400,1293.4464,45,199,177,4,20251029_115310
1761735124.07772,5052564,1293456384,1293.456384,46,199,178,4,20251029_115310
1761735124.087704,5052603,1293466368,1293.466368,47,199,177,4,20251029_115310
1761735124.097688,5052642,1293476352,1293.476352,49,199,177,4,20251029_115310
1761735124.107672,5052681,1293486336,1293.486336,50,199,177,4,20251029_115310
1761735124.117912,5052721,1293496576,1293.496576,51,198,177,4,20251029_115310
1761735124.127896,5052760,1293506560,1293.50656,52,199,177,4,20251029_115310
1761735124.13788,5052799,1293516544,1293.516544,54,199,176,4,20251029_115310
1761735124.147864,5052838,1293526528,1293.526528,55,199,177,4,20251029_115310
1761735124.157848,5052877,1293536512,1293.536512,56,199,175,4,20251029_115310
1761735124.167832,5052916,1293546496,1293.546496,58,198,175,4,20251029_115310
1761735124.177816,5052955,1293556480,1293.55648,59,198,177,4,20251029_115310
1761735124.1878,5052994,1293566464,1293.566464,60,199,176,4,20251029_115310
1761735124.197784,5053033,1293576448,1293.576448,62,198,177,4,20251029_115310
1761735124.207768,5053072,1293586432,1293.586432,63,199,176,4,20251029_115310
1761735124.217752,5053111,1293596416,1293.596416,64,198,176,4,20251029_115310
1761735124.227736,5053150,1293606400,1293.6064,66,199,175,4,20251029_115310
1761735124.23772,5053189,1293616384,1293.616384,67,198,174,4,20251029_115310
1761735124.247704,5053228,1293626368,1293.626368,69,198,173,4,20251029_115310
1761735124.257944,5053268,1293636608,1293.636608,70,198,173,4,20251029_115310
1761735124.267928,5053307,1293646592,1293.646592,72,198,170,4,20251029_115310
1761735124.277912,5053346,1293656576,1293.656576,73,199,169,4,20251029_115310
1761735124.287896,5053385,1293666560,1293.66656,75,199,165,4,20251029_115310
1761735124.29788,5053424,1293676544,1293.676544,77,198,156,4,20251029_115310
1761735124.307864,5053463,1293686528,1293.686528,79,198,150,4,20251029_115310
1761735124.317848,5053502,1293696512,1293.696512,82,198,144,4,20251029_115310
1761735124.327832,5053541,1293706496,1293.706496,84,198,138,4,20251029_115310
1761735124.337816,5053580,1293716480,1293.71648,87,198,133,4,20251029_115310
1761735124.3478,5053619,1293726464,1293.726464,90,199,131,4,20251029_115310
1761735124.357784,5053658,1293736448,1293.736448,92,198,127,4,20251029_115310
1761735124.367768,5053697,1293746432,1293.746432,95,198,125,4,20251029_115310
1761735124.377752,5053736,1293756416,1293.756416,98,198,122,4,20251029_115310
1761735124.387736,5053775,1293766400,1293.7664,101,198,120,4,20251029_115310
1761735124.39772,5053814,1293776384,1293.776384,103,198,117,4,20251029_115310
1761735124.40796,5053854,1293786624,1293.786624,106,197,114,4,20251029_115310
1761735124.417944,5053893,1293796608,1293.796608,108,197,115,4,20251029_115310
1761735124.427928,5053932,1293806592,1293.806592,111,197,116,4,20251029_115310
1761735124.437912,5053971,1293816576,1293.816576,113,197,116,4,20251029_115310
1761735124.447896,5054010,1293826560,1293.82656,115,197,117,4,20251029_115310
1761735124.45788,5054049,1293836544,1293.836544,117,197,116,4,20251029_115310
1761735124.467864,5054088,1293846528,1293.846528,120,197,117,4,20251029_115310
1761735124.477848,5054127,1293856512,1293.856512,122,197,117,4,20251029_115310
1761735124.487832,5054166,1293866496,1293.866496,124,197,117,4,20251029_115310
1761735124.497816,5054205,1293876480,1293.87648,126,198,118,4,20251029_115310
1761735124.5078,5054244,1293886464,1293.886464,128,197,118,4,20251029_115310
1761735124.517784,5054283,1293896448,1293.896448,130,197,118,4,20251029_115310
1761735124.527768,5054322,1293906432,1293.906432,132,198,117,4,20251029_115310
1761735124.537752,5054361,1293916416,1293.916416,134,198,119,4,20251029_115310
1761735124.547992,5054401,1293926656,1293.926656,135,197,118,4,20251029_115310
1761735124.557976,5054440,1293936640,1293.93664,137,198,119,4,20251029_115310
1761735124.56796,5054479,1293946624,1293.946624,139,198,120,4,20251029_115310
1761735124.577944,5054518,1293956608,1293.956608,141,198,121,4,20251029_115310
1761735124.587928,5054557,1293966592,1293.966592,142,198,123,4,20251029_115310
1761735124.597912,5054596,1293976576,1293.976576,144,198,122,4,20251029_115310
1761735124.607896,5054635,1293986560,1293.98656,146,198,125,4,20251029_115310
1761735124.61788,5054674,1293996544,1293.996544,148,198,124,4,20251029_115310
1761735124.627864,5054713,1294006528,1294.006528,149,198,127,4,20251029_115310
1761735124.637848,5054752,1294016512,1294.016512,151,197,127,4,20251029_115310
1761735124.647832,5054791,1294026496,1294.026496,153,198,128,4,20251029_115310
1761735124.657816,5054830,1294036480,1294.03648,155,197,130,4,20251029_115310
1761735124.6678,5054869,1294046464,1294.046464,157,198,136,4,20251029_115310
1761735124.677784,5054908,1294056448,1294.056448,159,198,142,4,20251029_115310
1761735124.688024,5054948,1294066688,1294.066688,161,198,147,4,20251029_115310
1761735124.698008,5054987,1294076672,1294.076672,163,198,150,4,20251029_115310
1761735124.707992,5055026,1294086656,1294.086656,166,198,154,4,20251029_115310
1761735124.717976,5055065,1294096640,1294.09664,168,197,160,4,20251029_115310
1761735124.72796,5055104,1294106624,1294.106624,171,198,164,4,20251029_115310
1761735124.737944,5055143,1294116608,1294.116608,174,197,167,4,20251029_115310
1761735124.747928,5055182,1294126592,1294.126592,177,198,174,4,20251029_115310
1761735124.757912,5055221,1294136576,1294.136576,180,199,173,4,20251029_115310
1761735124.767896,5055260,1294146560,1294.14656,183,198,172,4,20251029_115310
1761735124.77788,5055299,1294156544,1294.156544,187,197,173,4,20251029_115310
1761735124.787864,5055338,1294166528,1294.166528,190,198,173,4,20251029_115310
1761735124.797848,5055377,1294176512,1294.176512,193,198,174,4,20251029_115310
1761735124.807832,5055416,1294186496,1294.186496,196,198,174,4,20251029_115310
1761735124.817816,5055455,1294196480,1294.19648,199,198,173,4,20251029_115310
1761735124.8278,5055494,1294206464,1294.206464,202,198,174,4,20251029_115310
1761735124.83804,5055534,1294216704,1294.216704,205,199,176,4,20251029_115310
1761735124.848024,5055573,1294226688,1294.226688,208,198,175,4,20251029_115310
1761735124.858008,5055612,1294236672,1294.236672,211,198,175,4,20251029_115310
1761735124.867992,5055651,1294246656,1294.246656,214,198,175,4,20251029_115310
1761735124.877976,5055690,1294256640,1294.25664,217,199,175,4,20251029_115310
1761735124.88796,5055729,1294266624,1294.266624,220,198,174,4,20251029_115310
1761735124.897944,5055768,1294276608,1294.276608,223,199,175,4,20251029_115310
1761735124.907928,5055807,1294286592,1294.286592,225,199,176,4,20251029_115310
1761735124.917912,5055846,1294296576,1294.296576,228,198,175,4,20251029_115310
1761735124.927896,5055885,1294306560,1294.30656,230,199,175,4,20251029_115310
1761735124.93788,5055924,1294316544,1294.316544,233,199,175,4,20251029_115310
1761735124.947864,5055963,1294326528,1294.326528,235,199,176,4,20251029_115310
1761735124.957848,5056002,1294336512,1294.336512,238,199,176,4,20251029_115310
1761735124.967832,5056041,1294346496,1294.346496,240,199,176,4,20251029_115310
1761735124.978072,5056081,1294356736,1294.356736,243,199,173,4,20251029_115310
1761735124.988056,5056120,1294366720,1294.36672,245,199,175,4,20251029_115310
1761735124.99804,5056159,1294376704,1294.376704,247,199,176,4,20251029_115310
1761735125.008024,5056198,1294386688,1294.386688,249,200,177,4,20251029_115310
1761735125.018008,5056237,1294396672,1294.396672,251,199,175,4,20251029_115310
1761735125.027992,5056276,1294406656,1294.406656,253,199,176,4,20251029_115310
1761735125.037976,5056315,1294416640,1294.41664,0,199,176,4,20251029_115310
1761735125.04796,5056354,1294426624,1294.426624,2,199,176,4,20251029_115310
1761735125.057944,5056393,1294436608,1294.436608,4,199,176,4,20251029_115310
1761735125.067928,5056432,1294446592,1294.446592,6,199,176,4,20251029_115310
1761735125.077912,5056471,1294456576,1294.456576,8,200,176,4,20251029_115310
1761735125.087896,5056510,1294466560,1294.46656,10,199,176,4,20251029_115310
1761735125.09788,5056549,1294476544,1294.476544,11,199,176,4,20251029_115310
1761735125.107864,5056588,1294486528,1294.486528,13,199,176,4,20251029_115310
1761735125.118104,5056628,1294496768,1294.496768,15,199,175,4,20251029_115310
1761735125.128088,5056667,1294506752,1294.506752,16,199,175,4,20251029_115310
1761735125.138072,5056706,1294516736,1294.516736,18,200,176,4,20251029_115310
1761735125.148056,5056745,1294526720,1294.52672,20,199,174,4,20251029_115310
1761735125.15804,5056784,1294536704,1294.536704,21,200,174,4,20251029_115310
1761735125.168024,5056823,1294546688,1294.546688,23,199,174,4,20251029_115310
1761735125.178008,5056862,1294556672,1294.556672,24,199,174,4,20251029_115310
1761735125.187992,5056901,1294566656,1294.566656,26,199,173,4,20251029_115310
1761735125.197976,5056940,1294576640,1294.57664,27,199,171,4,20251029_115310
1761735125.20796,5056979,1294586624,1294.586624,29,199,171,4,20251029_115310
1761735125.217944,5057018,1294596608,1294.596608,31,199,169,4,20251029_115310
1761735125.227928,5057057,1294606592,1294.606592,32,199,167,4,20251029_115310
1761735125.237912,5057096,1294616576,1294.616576,34,199,164,4,20251029_115310
1761735125.247896,5057135,1294626560,1294.62656,36,199,158,4,20251029_115310
1761735125.25788,5057174,1294636544,1294.636544,38,199,152,4,20251029_115310
1761735125.26812,5057214,1294646784,1294.646784,41,199,145,4,20251029_115310
1761735125.278104,5057253,1294656768,1294.656768,43,199,139,4,20251029_115310
1761735125.288088,5057292,1294666752,1294.666752,46,199,136,4,20251029_115310
1761735125.298072,5057331,1294676736,1294.676736,49,199,132,4,20251029_115310
1761735125.308056,5057370,1294686720,1294.68672,52,199,128,4,20251029_115310
1761735125.31804,5057409,1294696704,1294.696704,55,199,127,4,20251029_115310
1761735125.328024,5057448,1294706688,1294.706688,58,199,125,4,20251029_115310
1761735125.338008,5057487,1294716672,1294.716672,61,198,118,4,20251029_115310
1761735125.347992,5057526,1294726656,1294.726656,64,198,118,4,20251029_115310
1761735125.357976,5057565,1294736640,1294.73664,68,199,114,4,20251029_115310
1761735125.36796,5057604,1294746624,1294.746624,71,199,115,4,20251029_115310
1761735125.377944,5057643,1294756608,1294.756608,74,198,114,4,20251029_115310
1761735125.387928,5057682,1294766592,1294.766592,77,198,115,4,20251029_115310
1761735125.397912,5057721,1294776576,1294.776576,80,199,115,4,20251029_115310
1761735125.408152,5057761,1294786816,1294.786816,83,198,116,4,20251029_115310
1761735125.418136,5057800,1294796800,1294.7968,86,198,114,4,20251029_115310
1761735125.42812,5057839,1294806784,1294.806784,89,199,114,4,20251029_115310
1761735125.438104,5057878,1294816768,1294.816768,92,198,114,4,20251029_115310
1761735125.448088,5057917,1294826752,1294.826752,95,198,115,4,20251029_115310
1761735125.458072,5057956,1294836736,1294.836736,98,197,114,4,20251029_115310
1761735125.468056,5057995,1294846720,1294.84672,100,198,115,4,20251029_115310
1761735125.47804,5058034,1294856704,1294.856704,103,197,113,4,20251029_115310
1761735125.488024,5058073,1294866688,1294.866688,105,197,114,4,20251029_115310
1761735125.498008,5058112,1294876672,1294.876672,108,198,114,4,20251029_115310
1761735125.507992,5058151,1294886656,1294.886656,110,198,115,4,20251029_115310
1761735125.517976,5058190,1294896640,1294.89664,113,198,116,4,20251029_115310
1761735125.52796,5058229,1294906624,1294.906624,115,198,117,4,20251029_115310
1761735125.537944,5058268,1294916608,1294.916608,117,197,117,4,20251029_115310
1761735125.548184,5058308,1294926848,1294.926848,119,198,119,4,20251029_115310
1761735125.558168,5058347,1294936832,1294.936832,122,198,120,4,20251029_115310
1761735125.568152,5058386,1294946816,1294.946816,124,197,119,4,20251029_115310
1761735125.578136,5058425,1294956800,1294.9568,126,198,122,4,20251029_115310
1761735125.58812,5058464,1294966784,1294.966784,128,197,125,4,20251029_115310
1761735125.598104,5058503,1294976768,1294.976768,130,197,127,4,20251029_115310
1761735125.608088,5058542,1294986752,1294.986752,132,198,130,4,20251029_115310
1761735125.618072,5058581,1294996736,1294.996736,134,198,135,4,20251029_115310
1761735125.628056,5058620,1295006720,1295.00672,136,198,141,4,20251029_115310
1761735125.63804,5058659,1295016704,1295.016704,138,198,147,4,20251029_115310
1761735125.648024,5058698,1295026688,1295.026688,141,198,152,4,20251029_115310
1761735125.658008,5058737,1295036672,1295.036672,143,198,155,4,20251029_115310
1761735125.667992,5058776,1295046656,1295.046656,146,198,159,4,20251029_115310
1761735125.677976,5058815,1295056640,1295.05664,148,198,163,4,20251029_115310
1761735125.688216,5058855,1295066880,1295.06688,151,197,166,4,20251029_115310
1761735125.6982,5058894,1295076864,1295.076864,154,198,170,4,20251029_115310
1761735125.708184,5058933,1295086848,1295.086848,157,198,171,4,20251029_115310
1761735125.718168,5058972,1295096832,1295.096832,160,198,172,4,20251029_115310
1761735125.728152,5059011,1295106816,1295.106816,163,198,172,4,20251029_115310
1761735125.738136,5059050,1295116800,1295.1168,166,198,172,4,20251029_115310
1761735125.74812,5059089,1295126784,1295.126784,169,198,173,4,20251029_115310
1761735125.758104,5059128,1295136768,1295.136768,173,198,173,4,20251029_115310
1761735125.768088,5059167,1295146752,1295.146752,176,198,173,4,20251029_115310
1761735125.778072,5059206,1295156736,1295.156736,179,197,173,4,20251029_115310
1761735125.788056,5059245,1295166720,1295.16672,182,199,175,4,20251029_115310
1761735125.79804,5059284,1295176704,1295.176704,185,199,175,4,20251029_115310
1761735125.808024,5059323,1295186688,1295.186688,189,198,174,4,20251029_115310
1761735125.818008,5059362,1295196672,1295.196672,192,198,174,4,20251029_115310
1761735125.827992,5059401,1295206656,1295.206656,195,198,174,4,20251029_115310
1761735125.838232,5059441,1295216896,1295.216896,198,198,175,4,20251029_115310
1761735125.848216,5059480,1295226880,1295.22688,201,198,175,4,20251029_115310
1761735125.8582,5059519,1295236864,1295.236864,204,198,174,4,20251029_115310
1761735125.868184,5059558,1295246848,1295.246848,207,198,174,4,20251029_115310
1761735125.878168,5059597,1295256832,1295.256832,210,198,175,4,20251029_115310
1761735125.888152,5059636,1295266816,1295.266816,213,199,175,4,20251029_115310
1761735125.898136,5059675,1295276800,1295.2768,216,199,175,4,20251029_115310
1761735125.90812,5059714,1295286784,1295.286784,219,199,175,4,20251029_115310
1761735125.918104,5059753,1295296768,1295.296768,222,199,175,4,20251029_115310
1761735125.928088,5059792,1295306752,1295.306752,224,199,175,4,20251029_115310
1761735125.938072,5059831,1295316736,1295.316736,227,199,176,4,20251029_115310
1761735125.948056,5059870,1295326720,1295.32672,230,199,175,4,20251029_115310
1761735125.95804,5059909,1295336704,1295.336704,232,199,178,4,20251029_115310
1761735125.968024,5059948,1295346688,1295.346688,235,199,175,4,20251029_115310
1761735125.978264,5059988,1295356928,1295.356928,237,199,175,4,20251029_115310
1761735125.988248,5060027,1295366912,1295.366912,240,199,176,4,20251029_115310
1761735125.998232,5060066,1295376896,1295.376896,242,199,175,4,20251029_115310
1761735126.008216,5060105,1295386880,1295.38688,244,199,175,4,20251029_115310
1761735126.0182,5060144,1295396864,1295.396864,246,200,176,4,20251029_115310
1761735126.028184,5060183,1295406848,1295.406848,248,198,175,4,20251029_115310
1761735126.038168,5060222,1295416832,1295.416832,251,199,175,4,20251029_115310
1761735126.048152,5060261,1295426816,1295.426816,253,199,174,4,20251029_115310
1761735126.058136,5060300,1295436800,1295.4368,0,199,174,4,20251029_115310
1761735126.06812,5060339,1295446784,1295.446784,2,200,174,4,20251029_115310
1761735126.078104,5060378,1295456768,1295.456768,4,199,174,4,20251029_115310
1761735126.088088,5060417,1295466752,1295.466752,5,199,175,4,20251029_115310
1761735126.098072,5060456,1295476736,1295.476736,7,199,175,4,20251029_115310
1761735126.108056,5060495,1295486720,1295.48672,9,200,176,4,20251029_115310
1761735126.118296,5060535,1295496960,1295.49696,11,199,174,4,20251029_115310
1761735126.12828,5060574,1295506944,1295.506944,13,199,173,4,20251029_115310
1761735126.138264,5060613,1295516928,1295.516928,14,199,173,4,20251029_115310
1761735126.148248,5060652,1295526912,1295.526912,16,199,174,4,20251029_115310
1761735126.158232,5060691,1295536896,1295.536896,18,199,173,4,20251029_115310
1761735126.168216,5060730,1295546880,1295.54688,19,199,173,4,20251029_115310
1761735126.1782,5060769,1295556864,1295.556864,21,199,173,4,20251029_115310
1761735126.188184,5060808,1295566848,1295.566848,23,199,171,4,20251029_115310
1761735126.198168,5060847,1295576832,1295.576832,24,199,172,4,20251029_115310
1761735126.208152,5060886,1295586816,1295.586816,26,200,172,4,20251029_115310
1761735126.218136,5060925,1295596800,1295.5968,27,199,173,4,20251029_115310
1761735126.22812,5060964,1295606784,1295.606784,29,199,172,4,20251029_115310
1761735126.238104,5061003,1295616768,1295.616768,30,199,173,4,20251029_115310
1761735126.248088,5061042,1295626752,1295.626752,32,199,173,4,20251029_115310
1761735126.258072,5061081,1295636736,1295.636736,33,199,172,4,20251029_115310
1761735126.268312,5061121,1295646976,1295.646976,35,199,173,4,20251029_115310
1761735126.278296,5061160,1295656960,1295.65696,36,199,173,4,20251029_115310
1761735126.28828,5061199,1295666944,1295.666944,38,199,172,4,20251029_115310
1761735126.298264,5061238,1295676928,1295.676928,39,199,173,4,20251029_115310
1761735126.308248,5061277,1295686912,1295.686912,40,199,172,4,20251029_115310
1761735126.318232,5061316,1295696896,1295.696896,42,199,174,4,20251029_115310
1761735126.328216,5061355,1295706880,1295.70688,43,199,173,4,20251029_115310
1761735126.3382,5061394,1295716864,1295.716864,44,199,173,4,20251029_115310
1761735126.348184,5061433,1295726848,1295.726848,46,199,174,4,20251029_115310
1761735126.358168,5061472,1295736832,1295.736832,47,199,174,4,20251029_115310
1761735126.368152,5061511,1295746816,1295.746816,48,198,174,4,20251029_115310
1761735126.378136,5061550,1295756800,1295.7568,50,199,175,4,20251029_115310
1761735126.38812,5061589,1295766784,1295.766784,51,199,175,4,20251029_115310
1761735126.398104,5061628,1295776768,1295.776768,52,198,175,4,20251029_115310
1761735126.408344,5061668,1295787008,1295.787008,54,198,175,4,20251029_115310
1761735126.418328,5061707,1295796992,1295.796992,55,199,177,4,20251029_115310
1761735126.428312,5061746,1295806976,1295.806976,56,199,176,4,20251029_115310
1761735126.438296,5061785,1295816960,1295.81696,58,199,176,4,20251029_115310
1761735126.44828,5061824,1295826944,1295.826944,59,198,176,4,20251029_115310
1761735126.458264,5061863,1295836928,1295.836928,60,199,176,4,20251029_115310
1761735126.468248,5061902,1295846912,1295.846912,61,199,177,4,20251029_115310
1761735126.478232,5061941,1295856896,1295.856896,63,199,179,4,20251029_115310
1761735126.488216,5061980,1295866880,1295.86688,64,198,176,4,20251029_115310
1761735126.4982,5062019,1295876864,1295.876864,65,198,178,4,20251029_115310
1761735126.508184,5062058,1295886848,1295.886848,67,198,177,4,20251029_115310
1761735126.518168,5062097,1295896832,1295.896832,68,198,177,4,20251029_115310
1761735126.528152,5062136,1295906816,1295.906816,70,198,177,4,20251029_115310
1761735126.538136,5062175,1295916800,1295.9168,71,198,178,4,20251029_115310
1761735126.54812,5062214,1295926784,1295.926784,72,198,178,4,20251029_115310
1761735126.55836,5062254,1295937024,1295.937024,74,199,176,4,20251029_115310
1761735126.568344,5062293,1295947008,1295.947008,75,198,176,4,20251029_115310
1761735126.578328,5062332,1295956992,1295.956992,77,199,176,4,20251029_115310
1761735126.588312,5062371,1295966976,1295.966976,78,198,176,4,20251029_115310
1761735126.598296,5062410,1295976960,1295.97696,80,198,175,4,20251029_115310
1761735126.60828,5062449,1295986944,1295.986944,81,198,177,4,20251029_115310
1761735126.618264,5062488,1295996928,1295.996928,83,197,174,4,20251029_115310
1761735126.628248,5062527,1296006912,1296.006912,85,198,174,4,20251029_115310
1761735126.638232,5062566,1296016896,1296.016896,86,198,171,4,20251029_115310
1761735126.648216,5062605,1296026880,1296.02688,88,198,170,4,20251029_115310
1761735126.6582,5062644,1296036864,1296.036864,90,198,167,4,20251029_115310
1761735126.668184,5062683,1296046848,1296.046848,92,198,160,4,20251029_115310
1761735126.678168,5062722,1296056832,1296.056832,94,198,153,4,20251029_115310
1761735126.688152,5062761,1296066816,1296.066816,96,197,146,4,20251029_115310
1761735126.698392,5062801,1296077056,1296.077056,99,197,140,4,20251029_115310
1761735126.708376,5062840,1296087040,1296.08704,101,198,136,4,20251029_115310
1761735126.71836,5062879,1296097024,1296.097024,104,198,132,4,20251029_115310
1761735126.728344,5062918,1296107008,1296.107008,106,198,130,4,20251029_115310
1761735126.738328,5062957,1296116992,1296.116992,108,197,127,4,20251029_115310
1761735126.748312,5062996,1296126976,1296.126976,111,198,127,4,20251029_115310
1761735126.758296,5063035,1296136960,1296.13696,113,198,125,4,20251029_115310
1761735126.76828,5063074,1296146944,1296.146944,115,198,123,4,20251029_115310
1761735126.778264,5063113,1296156928,1296.156928,118,197,121,4,20251029_115310
1761735126.788248,5063152,1296166912,1296.166912,120,197,121,4,20251029_115310
1761735126.798232,5063191,1296176896,1296.176896,122,197,119,4,20251029_115310
1761735126.808216,5063230,1296186880,1296.18688,124,197,118,4,20251029_115310
1761735126.8182,5063269,1296196864,1296.196864,126,197,119,4,20251029_115310
1761735126.828184,5063308,1296206848,1296.206848,128,197,119,4,20251029_115310
1761735126.838424,5063348,1296217088,1296.217088,130,197,119,4,20251029_115310
1761735126.848408,5063387,1296227072,1296.227072,132,197,120,4,20251029_115310
1761735126.858392,5063426,1296237056,1296.237056,134,197,119,4,20251029_115310
1761735126.868376,5063465,1296247040,1296.24704,136,197,120,4,20251029_115310
1761735126.87836,5063504,1296257024,1296.257024,137,198,122,4,20251029_115310
1761735126.888344,5063543,1296267008,1296.267008,139,198,121,4,20251029_115310
1761735126.898328,5063582,1296276992,1296.276992,141,197,122,4,20251029_115310
1761735126.908312,5063621,1296286976,1296.286976,143,197,122,4,20251029_115310
1761735126.918296,5063660,1296296960,1296.29696,144,198,123,4,20251029_115310
1761735126.92828,5063699,1296306944,1296.306944,146,198,124,4,20251029_115310
1761735126.938264,5063738,1296316928,1296.316928,148,198,125,4,20251029_115310
1761735126.948248,5063777,1296326912,1296.326912,150,197,126,4,20251029_115310
1761735126.958232,5063816,1296336896,1296.336896,151,197,127,4,20251029_115310
1761735126.968216,5063855,1296346880,1296.34688,153,197,127,4,20251029_115310
1761735126.9782,5063894,1296356864,1296.356864,155,197,128,4,20251029_115310
1761735126.98844,5063934,1296367104,1296.367104,157,198,131,4,20251029_115310
1761735126.998424,5063973,1296377088,1296.377088,158,198,134,4,20251029_115310
1761735127.008408,5064012,1296387072,1296.387072,160,197,137,4,20251029_115310
1761735127.018392,5064051,1296397056,1296.397056,162,197,143,4,20251029_115310
1761735127.028376,5064090,1296407040,1296.40704,165,198,147,4,20251029_115310
1761735127.03836,5064129,1296417024,1296.417024,167,198,152,4,20251029_115310
1761735127.048344,5064168,1296427008,1296.427008,169,198,155,4,20251029_115310
1761735127.058328,5064207,1296436992,1296.436992,172,198,160,4,20251029_115310
1761735127.068312,5064246,1296446976,1296.446976,175,198,164,4,20251029_115310
1761735127.078296,5064285,1296456960,1296.45696,178,197,167,4,20251029_115310
1761735127.08828,5064324,1296466944,1296.466944,181,198,171,4,20251029_115310
1761735127.098264,5064363,1296476928,1296.476928,184,198,171,4,20251029_115310
1761735127.108248,5064402,1296486912,1296.486912,187,198,172,4,20251029_115310
1761735127.118232,5064441,1296496896,1296.496896,191,198,172,4,20251029_115310
1761735127.128472,5064481,1296507136,1296.507136,194,198,172,4,20251029_115310
1761735127.138456,5064520,1296517120,1296.51712,197,198,174,4,20251029_115310
1761735127.14844,5064559,1296527104,1296.527104,200,199,173,4,20251029_115310
1761735127.158424,5064598,1296537088,1296.537088,203,199,175,4,20251029_115310
1761735127.168408,5064637,1296547072,1296.547072,206,198,174,4,20251029_115310
1761735127.178392,5064676,1296557056,1296.557056,209,198,175,4,20251029_115310
1761735127.188376,5064715,1296567040,1296.56704,212,198,175,4,20251029_115310
1761735127.19836,5064754,1296577024,1296.577024,215,199,175,4,20251029_115310
1761735127.208344,5064793,1296587008,1296.587008,218,199,174,4,20251029_115310
1761735127.218328,5064832,1296596992,1296.596992,221,199,175,4,20251029_115310
1761735127.228312,5064871,1296606976,1296.606976,223,198,175,4,20251029_115310
1761735127.238296,5064910,1296616960,1296.61696,226,199,175,4,20251029_115310
1761735127.24828,5064949,1296626944,1296.626944,229,199,175,4,20251029_115310
1761735127.258264,5064988,1296636928,1296.636928,231,199,175,4,20251029_115310
1761735127.268504,5065028,1296647168,1296.647168,234,199,175,4,20251029_115310
1761735127.278488,5065067,1296657152,1296.657152,236,199,176,4,20251029_115310
1761735127.288472,5065106,1296667136,1296.667136,239,199,176,4,20251029_115310
1761735127.298456,5065145,1296677120,1296.67712,241,199,175,4,20251029_115310
1761735127.30844,5065184,1296687104,1296.687104,243,200,176,4,20251029_115310
1761735127.318424,5065223,1296697088,1296.697088,245,199,176,4,20251029_115310
1761735127.328408,5065262,1296707072,1296.707072,248,199,176,4,20251029_115310
1761735127.338392,5065301,1296717056,1296.717056,250,199,176,4,20251029_115310
1761735127.348376,5065340,1296727040,1296.72704,252,199,176,4,20251029_115310
1761735127.35836,5065379,1296737024,1296.737024,254,199,174,4,20251029_115310
1761735127.368344,5065418,1296747008,1296.747008,1,199,175,4,20251029_115310
1761735127.378328,5065457,1296756992,1296.756992,3,199,176,4,20251029_115310
1761735127.388312,5065496,1296766976,1296.766976,5,199,175,4,20251029_115310
1761735127.398296,5065535,1296776960,1296.77696,7,199,175,4,20251029_115310
1761735127.40828,5065574,1296786944,1296.786944,8,199,176,4,20251029_115310
1761735127.41852,5065614,1296797184,1296.797184,10,200,176,4,20251029_115310
1761735127.428504,5065653,1296807168,1296.807168,12,199,176,4,20251029_115310
1761735127.438488,5065692,1296817152,1296.817152,14,199,176,4,20251029_115310
1761735127.448472,5065731,1296827136,1296.827136,15,200,176,4,20251029_115310
1761735127.458456,5065770,1296837120,1296.83712,17,198,176,4,20251029_115310
1761735127.46844,5065809,1296847104,1296.847104,18,200,176,4,20251029_115310
1761735127.478424,5065848,1296857088,1296.857088,20,199,175,4,20251029_115310
1761735127.488408,5065887,1296867072,1296.867072,22,199,175,4,20251029_115310
1761735127.498392,5065926,1296877056,1296.877056,23,199,175,4,20251029_115310
1761735127.508632,5065966,1296887296,1296.887296,25,199,174,4,20251029_115310
1761735127.518616,5066005,1296897280,1296.89728,26,200,173,4,20251029_115310
1761735127.5286,5066044,1296907264,1296.907264,28,199,173,4,20251029_115310
1761735127.538584,5066083,1296917248,1296.917248,29,199,172,4,20251029_115310
1761735127.548568,5066122,1296927232,1296.927232,31,199,170,4,20251029_115310
1761735127.558552,5066161,1296937216,1296.937216,32,200,170,4,20251029_115310
1761735127.568536,5066200,1296947200,1296.9472,34,200,168,4,20251029_115310
1761735127.578776,5066240,1296957440,1296.95744,36,199,164,4,20251029_115310
1761735127.58876,5066279,1296967424,1296.967424,38,199,159,4,20251029_115310
1761735127.598744,5066318,1296977408,1296.977408,40,199,150,4,20251029_115310
1761735127.608728,5066357,1296987392,1296.987392,42,199,144,4,20251029_115310
1761735127.618712,5066396,1296997376,1296.997376,45,198,140,4,20251029_115310
1761735127.628696,5066435,1297007360,1297.00736,48,198,135,4,20251029_115310
1761735127.63868,5066474,1297017344,1297.017344,51,199,132,4,20251029_115310
1761735127.648664,5066513,1297027328,1297.027328,54,199,128,4,20251029_115310
1761735127.658648,5066552,1297037312,1297.037312,58,199,127,4,20251029_115310
1761735127.668632,5066591,1297047296,1297.047296,61,199,124,4,20251029_115310
1761735127.678872,5066631,1297057536,1297.057536,64,199,120,4,20251029_115310
1761735127.688856,5066670,1297067520,1297.06752,67,199,117,4,20251029_115310
1761735127.69884,5066709,1297077504,1297.077504,71,199,116,4,20251029_115310
1761735127.708824,5066748,1297087488,1297.087488,74,199,115,4,20251029_115310
1761735127.718808,5066787,1297097472,1297.097472,77,198,115,4,20251029_115310
1761735127.728792,5066826,1297107456,1297.107456,80,198,115,4,20251029_115310
1761735127.738776,5066865,1297117440,1297.11744,83,198,115,4,20251029_115310
1761735127.74876,5066904,1297127424,1297.127424,86,198,116,4,20251029_115310
1761735127.758744,5066943,1297137408,1297.137408,89,198,115,4,20251029_115310
1761735127.768728,5066982,1297147392,1297.147392,92,198,116,4,20251029_115310
1761735127.778712,5067021,1297157376,1297.157376,95,198,114,4,20251029_115310
1761735127.788696,5067060,1297167360,1297.16736,97,198,115,4,20251029_115310
1761735127.79868,5067099,1297177344,1297.177344,100,198,115,4,20251029_115310
1761735127.808664,5067138,1297187328,1297.187328,103,197,116,4,20251029_115310
1761735127.818904,5067178,1297197568,1297.197568,105,197,115,4,20251029_115310
1761735127.828888,5067217,1297207552,1297.207552,108,197,116,4,20251029_115310
1761735127.838872,5067256,1297217536,1297.217536,110,198,117,4,20251029_115310
1761735127.848856,5067295,1297227520,1297.22752,112,198,116,4,20251029_115310
1761735127.85884,5067334,1297237504,1297.237504,115,197,114,4,20251029_115310
1761735127.868824,5067373,1297247488,1297.247488,117,197,117,4,20251029_115310
1761735127.878808,5067412,1297257472,1297.257472,119,198,116,4,20251029_115310
1761735127.888792,5067451,1297267456,1297.267456,121,197,118,4,20251029_115310
1761735127.898776,5067490,1297277440,1297.27744,123,197,118,4,20251029_115310
1761735127.90876,5067529,1297287424,1297.287424,125,197,119,4,20251029_115310
1761735127.918744,5067568,1297297408,1297.297408,127,197,119,4,20251029_115310
1761735127.928728,5067607,1297307392,1297.307392,129,198,121,4,20251029_115310
1761735127.938712,5067646,1297317376,1297.317376,131,197,121,4,20251029_115310
1761735127.948696,5067685,1297327360,1297.32736,133,198,123,4,20251029_115310
1761735127.95868,5067724,1297337344,1297.337344,135,198,126,4,20251029_115310
1761735127.96892,5067764,1297347584,1297.347584,137,198,127,4,20251029_115310
1761735127.978904,5067803,1297357568,1297.357568,139,198,129,4,20251029_115310
1761735127.988888,5067842,1297367552,1297.367552,141,198,134,4,20251029_115310
1761735127.998872,5067881,1297377536,1297.377536,143,198,140,4,20251029_115310
1761735128.008856,5067920,1297387520,1297.38752,145,198,146,4,20251029_115310
1761735128.01884,5067959,1297397504,1297.397504,148,198,150,4,20251029_115310
1761735128.028824,5067998,1297407488,1297.407488,150,198,155,4,20251029_115310
1761735128.038808,5068037,1297417472,1297.417472,153,198,159,4,20251029_115310
1761735128.048792,5068076,1297427456,1297.427456,155,197,161,4,20251029_115310
1761735128.058776,5068115,1297437440,1297.43744,158,197,166,4,20251029_115310
1761735128.06876,5068154,1297447424,1297.447424,161,198,169,4,20251029_115310
1761735128.078744,5068193,1297457408,1297.457408,164,200,172,4,20251029_115310
1761735128.088728,5068232,1297467392,1297.467392,167,198,172,4,20251029_115310
1761735128.098712,5068271,1297477376,1297.477376,170,198,172,4,20251029_115310
1761735128.108952,5068311,1297487616,1297.487616,174,198,172,4,20251029_115310
1761735128.118936,5068350,1297497600,1297.4976,177,197,171,4,20251029_115310
1761735128.12892,5068389,1297507584,1297.507584,180,198,172,4,20251029_115310
1761735128.138904,5068428,1297517568,1297.517568,183,197,170,4,20251029_115310
1761735128.148888,5068467,1297527552,1297.527552,186,198,173,4,20251029_115310
1761735128.158872,5068506,1297537536,1297.537536,189,198,174,4,20251029_115310
1761735128.168856,5068545,1297547520,1297.54752,193,198,174,4,20251029_115310
1761735128.17884,5068584,1297557504,1297.557504,196,198,174,4,20251029_115310
1761735128.188824,5068623,1297567488,1297.567488,199,198,174,4,20251029_115310
1761735128.198808,5068662,1297577472,1297.577472,202,198,174,4,20251029_115310
1761735128.208792,5068701,1297587456,1297.587456,205,198,174,4,20251029_115310
1761735128.219032,5068741,1297597696,1297.597696,208,199,176,4,20251029_115310
1761735128.229016,5068780,1297607680,1297.60768,211,198,175,4,20251029_115310
1761735128.239,5068819,1297617664,1297.617664,214,199,175,4,20251029_115310
1761735128.248984,5068858,1297627648,1297.627648,217,199,174,4,20251029_115310
1761735128.258968,5068897,1297637632,1297.637632,220,199,175,4,20251029_115310
1761735128.268952,5068936,1297647616,1297.647616,223,198,174,4,20251029_115310
1761735128.278936,5068975,1297657600,1297.6576,225,200,175,4,20251029_115310
1761735128.28892,5069014,1297667584,1297.667584,228,199,175,4,20251029_115310
1761735128.29916,5069054,1297677824,1297.677824,231,199,175,4,20251029_115310
1761735128.309144,5069093,1297687808,1297.687808,233,199,175,4,20251029_115310
1761735128.319128,5069132,1297697792,1297.697792,236,198,176,4,20251029_115310
1761735128.329112,5069171,1297707776,1297.707776,238,199,177,4,20251029_115310
1761735128.339096,5069210,1297717760,1297.71776,240,199,176,4,20251029_115310
1761735128.34908,5069249,1297727744,1297.727744,243,199,176,4,20251029_115310
1761735128.35932,5069289,1297737984,1297.737984,245,199,176,4,20251029_115310
1761735128.369304,5069328,1297747968,1297.747968,247,199,175,4,20251029_115310
1761735128.379288,5069367,1297757952,1297.757952,249,199,175,4,20251029_115310
1761735128.389272,5069406,1297767936,1297.767936,251,199,175,4,20251029_115310
1761735128.399256,5069445,1297777920,1297.77792,253,199,175,4,20251029_115310
1761735128.40924,5069484,1297787904,1297.787904,0,200,175,4,20251029_115310
1761735128.419224,5069523,1297797888,1297.797888,2,199,175,4,20251029_115310
1761735128.429208,5069562,1297807872,1297.807872,4,200,175,4,20251029_115310
1761735128.439448,5069602,1297818112,1297.818112,6,199,175,4,20251029_115310
1761735128.449432,5069641,1297828096,1297.828096,8,199,173,4,20251029_115310
1761735128.459416,5069680,1297838080,1297.83808,10,199,174,4,20251029_115310
1761735128.4694,5069719,1297848064,1297.848064,11,199,173,4,20251029_115310
1761735128.479384,5069758,1297858048,1297.858048,13,200,173,4,20251029_115310
1761735128.489368,5069797,1297868032,1297.868032,15,200,173,4,20251029_115310
1761735128.499352,5069836,1297878016,1297.878016,17,200,172,4,20251029_115310
1761735128.509336,5069875,1297888000,1297.888,18,200,171,4,20251029_115310
1761735128.51932,5069914,1297897984,1297.897984,20,199,171,4,20251029_115310
1761735128.529304,5069953,1297907968,1297.907968,22,199,170,4,20251029_115310
1761735128.539288,5069992,1297917952,1297.917952,23,199,168,4,20251029_115310
1761735128.549528,5070032,1297928192,1297.928192,25,199,169,4,20251029_115310
1761735128.559512,5070071,1297938176,1297.938176,27,199,169,4,20251029_115310
1761735128.569496,5070110,1297948160,1297.94816,28,199,168,4,20251029_115310
1761735128.57948,5070149,1297958144,1297.958144,30,199,168,4,20251029_115310
1761735128.589464,5070188,1297968128,1297.968128,32,200,167,4,20251029_115310
1761735128.599448,5070227,1297978112,1297.978112,33,199,166,4,20251029_115310
1761735128.609432,5070266,1297988096,1297.988096,35,199,167,4,20251029_115310
1761735128.619416,5070305,1297998080,1297.99808,37,199,166,4,20251029_115310
1761735128.6294,5070344,1298008064,1298.008064,38,200,166,4,20251029_115310
1761735128.639384,5070383,1298018048,1298.018048,40,199,167,4,20251029_115310
1761735128.649368,5070422,1298028032,1298.028032,41,199,166,4,20251029_115310
1761735128.659352,5070461,1298038016,1298.038016,43,199,166,4,20251029_115310
1761735128.669336,5070500,1298048000,1298.048,45,199,165,4,20251029_115310
1761735128.67932,5070539,1298057984,1298.057984,46,199,164,4,20251029_115310
1761735128.68956,5070579,1298068224,1298.068224,48,199,166,4,20251029_115310
1761735128.699544,5070618,1298078208,1298.078208,49,199,166,4,20251029_115310
1761735128.709528,5070657,1298088192,1298.088192,51,201,168,4,20251029_115310
1761735128.719512,5070696,1298098176,1298.098176,53,200,167,4,20251029_115310
1761735128.729496,5070735,1298108160,1298.10816,54,198,166,4,20251029_115310
1761735128.73948,5070774,1298118144,1298.118144,56,199,166,4,20251029_115310
1761735128.749464,5070813,1298128128,1298.128128,57,198,167,4,20251029_115310
1761735128.759448,5070852,1298138112,1298.138112,59,199,169,4,20251029_115310
1761735128.769432,5070891,1298148096,1298.148096,61,198,169,4,20251029_115310
1761735128.779416,5070930,1298158080,1298.15808,62,199,167,4,20251029_115310
1761735128.7894,5070969,1298168064,1298.168064,64,199,168,4,20251029_115310
1761735128.799384,5071008,1298178048,1298.178048,65,199,169,4,20251029_115310
1761735128.809368,5071047,1298188032,1298.188032,67,198,170,4,20251029_115310
1761735128.819352,5071086,1298198016,1298.198016,68,198,168,4,20251029_115310
1761735128.829336,5071125,1298208000,1298.208,70,198,169,4,20251029_115310
1761735128.839576,5071165,1298218240,1298.21824,72,199,170,4,20251029_115310
1761735128.84956,5071204,1298228224,1298.228224,73,199,171,4,20251029_115310
1761735128.859544,5071243,1298238208,1298.238208,75,198,168,4,20251029_115310
1761735128.869528,5071282,1298248192,1298.248192,76,198,170,4,20251029_115310
1761735128.879512,5071321,1298258176,1298.258176,78,198,170,4,20251029_115310
1761735128.889496,5071360,1298268160,1298.26816,80,198,170,4,20251029_115310
1761735128.89948,5071399,1298278144,1298.278144,81,198,170,4,20251029_115310
1761735128.909464,5071438,1298288128,1298.288128,83,198,170,4,20251029_115310
1761735128.919448,5071477,1298298112,1298.298112,85,198,170,4,20251029_115310
1761735128.929432,5071516,1298308096,1298.308096,87,198,170,4,20251029_115310
1761735128.939416,5071555,1298318080,1298.31808,88,199,171,4,20251029_115310
1761735128.9494,5071594,1298328064,1298.328064,90,198,170,4,20251029_115310
1761735128.959384,5071633,1298338048,1298.338048,92,198,170,4,20251029_115310
1761735128.969368,5071672,1298348032,1298.348032,94,198,170,4,20251029_115310
1761735128.979608,5071712,1298358272,1298.358272,96,198,169,4,20251029_115310
1761735128.989592,5071751,1298368256,1298.368256,98,198,167,4,20251029_115310
1761735128.999576,5071790,1298378240,1298.37824,100,198,168,4,20251029_115310
1761735129.00956,5071829,1298388224,1298.388224,102,198,168,4,20251029_115310
1761735129.019544,5071868,1298398208,1298.398208,104,198,168,4,20251029_115310
1761735129.029528,5071907,1298408192,1298.408192,106,198,167,4,20251029_115310
1761735129.039512,5071946,1298418176,1298.418176,108,198,164,4,20251029_115310
1761735129.049496,5071985,1298428160,1298.42816,111,199,161,4,20251029_115310
1761735129.05948,5072024,1298438144,1298.438144,113,197,155,4,20251029_115310
1761735129.069464,5072063,1298448128,1298.448128,115,198,152,4,20251029_115310
1761735129.079448,5072102,1298458112,1298.458112,117,198,147,4,20251029_115310
1761735129.089432,5072141,1298468096,1298.468096,120,198,146,4,20251029_115310
1761735129.099416,5072180,1298478080,1298.47808,122,197,143,4,20251029_115310
1761735129.1094,5072219,1298488064,1298.488064,124,197,140,4,20251029_115310
1761735129.11964,5072259,1298498304,1298.498304,126,197,140,4,20251029_115310
1761735129.129624,5072298,1298508288,1298.508288,129,197,139,4,20251029_115310
1761735129.139608,5072337,1298518272,1298.518272,131,198,139,4,20251029_115310
1761735129.149592,5072376,1298528256,1298.528256,133,197,137,4,20251029_115310
1761735129.159576,5072415,1298538240,1298.53824,135,197,140,4,20251029_115310
1761735129.16956,5072454,1298548224,1298.548224,137,197,141,4,20251029_115310
1761735129.179544,5072493,1298558208,1298.558208,140,198,142,4,20251029_115310
1761735129.189528,5072532,1298568192,1298.568192,142,198,143,4,20251029_115310
1761735129.199512,5072571,1298578176,1298.578176,144,197,141,4,20251029_115310
1761735129.209496,5072610,1298588160,1298.58816,146,197,144,4,20251029_115310
1761735129.21948,5072649,1298598144,1298.598144,148,198,145,4,20251029_115310
1761735129.229464,5072688,1298608128,1298.608128,151,198,145,4,20251029_115310
1761735129.239448,5072727,1298618112,1298.618112,153,197,148,4,20251029_115310
1761735129.249432,5072766,1298628096,1298.628096,155,198,150,4,20251029_115310
1761735129.259672,5072806,1298638336,1298.638336,158,197,153,4,20251029_115310
1761735129.269656,5072845,1298648320,1298.64832,160,198,156,4,20251029_115310
1761735129.27964,5072884,1298658304,1298.658304,163,198,157,4,20251029_115310
1761735129.289624,5072923,1298668288,1298.668288,166,197,158,4,20251029_115310
1761735129.299608,5072962,1298678272,1298.678272,168,198,160,4,20251029_115310
1761735129.309592,5073001,1298688256,1298.688256,171,198,163,4,20251029_115310
1761735129.319576,5073040,1298698240,1298.69824,174,198,165,4,20251029_115310
1761735129.32956,5073079,1298708224,1298.708224,177,198,168,4,20251029_115310
1761735129.339544,5073118,1298718208,1298.718208,180,198,170,4,20251029_115310
1761735129.349528,5073157,1298728192,1298.728192,183,198,172,4,20251029_115310
1761735129.359512,5073196,1298738176,1298.738176,187,197,174,4,20251029_115310
1761735129.369496,5073235,1298748160,1298.74816,190,198,174,4,20251029_115310
1761735129.37948,5073274,1298758144,1298.758144,193,198,175,4,20251029_115310
1761735129.389464,5073313,1298768128,1298.768128,196,198,176,4,20251029_115310
1761735129.399448,5073352,1298778112,1298.778112,199,198,175,4,20251029_115310
1761735129.409688,5073392,1298788352,1298.788352,203,198,175,4,20251029_115310
1761735129.419672,5073431,1298798336,1298.798336,206,198,176,4,20251029_115310
1761735129.429656,5073470,1298808320,1298.80832,209,198,176,4,20251029_115310
1761735129.43964,5073509,1298818304,1298.818304,212,198,175,4,20251029_115310
1761735129.449624,5073548,1298828288,1298.828288,215,198,176,4,20251029_115310
1761735129.459608,5073587,1298838272,1298.838272,218,199,176,4,20251029_115310
1761735129.469592,5073626,1298848256,1298.848256,220,199,177,4,20251029_115310
1761735129.479576,5073665,1298858240,1298.85824,223,199,176,4,20251029_115310
1761735129.48956,5073704,1298868224,1298.868224,226,200,177,4,20251029_115310
1761735129.499544,5073743,1298878208,1298.878208,229,198,176,4,20251029_115310
1761735129.509528,5073782,1298888192,1298.888192,231,200,178,4,20251029_115310
1761735129.519512,5073821,1298898176,1298.898176,234,199,176,4,20251029_115310
1761735129.529496,5073860,1298908160,1298.90816,236,199,177,4,20251029_115310
1761735129.53948,5073899,1298918144,1298.918144,239,199,176,4,20251029_115310
1761735129.549464,5073938,1298928128,1298.928128,241,199,177,4,20251029_115310
1761735129.559704,5073978,1298938368,1298.938368,243,199,176,4,20251029_115310
1761735129.569688,5074017,1298948352,1298.948352,245,198,176,4,20251029_115310
1761735129.579672,5074056,1298958336,1298.958336,248,199,177,4,20251029_115310
1761735129.589656,5074095,1298968320,1298.96832,250,199,177,4,20251029_115310
1761735129.59964,5074134,1298978304,1298.978304,252,199,179,4,20251029_115310
1761735129.609624,5074173,1298988288,1298.988288,254,199,177,4,20251029_115310
1761735129.619608,5074212,1298998272,1298.998272,1,199,178,4,20251029_115310
1761735129.629592,5074251,1299008256,1299.008256,3,199,178,4,20251029_115310
1761735129.639576,5074290,1299018240,1299.01824,5,199,177,4,20251029_115310
1761735129.64956,5074329,1299028224,1299.028224,6,199,175,4,20251029_115310
1761735129.659544,5074368,1299038208,1299.038208,8,200,178,4,20251029_115310
1761735129.669528,5074407,1299048192,1299.048192,10,199,177,4,20251029_115310
1761735129.679512,5074446,1299058176,1299.058176,12,200,177,4,20251029_115310
1761735129.689496,5074485,1299068160,1299.06816,13,199,178,4,20251029_115310
1761735129.699736,5074525,1299078400,1299.0784,15,199,177,4,20251029_115310
1761735129.70972,5074564,1299088384,1299.088384,17,199,176,4,20251029_115310
1761735129.719704,5074603,1299098368,1299.098368,18,199,177,4,20251029_115310
1761735129.729688,5074642,1299108352,1299.108352,20,199,178,4,20251029_115310
1761735129.739672,5074681,1299118336,1299.118336,21,199,177,4,20251029_115310
1761735129.749656,5074720,1299128320,1299.12832,23,200,178,4,20251029_115310
1761735129.75964,5074759,1299138304,1299.138304,24,199,177,4,20251029_115310
1761735129.769624,5074798,1299148288,1299.148288,26,199,177,4,20251029_115310
1761735129.779608,5074837,1299158272,1299.158272,27,199,178,4,20251029_115310
1761735129.789592,5074876,1299168256,1299.168256,29,201,179,4,20251029_115310
1761735129.799576,5074915,1299178240,1299.17824,30,199,176,4,20251029_115310
1761735129.80956,5074954,1299188224,1299.188224,32,199,177,4,20251029_115310
1761735129.819544,5074993,1299198208,1299.198208,33,199,175,4,20251029_115310
1761735129.829528,5075032,1299208192,1299.208192,34,199,177,4,20251029_115310
1761735129.839768,5075072,1299218432,1299.218432,36,198,176,4,20251029_115310
1761735129.849752,5075111,1299228416,1299.228416,37,199,176,4,20251029_115310
1761735129.859736,5075150,1299238400,1299.2384,38,199,175,4,20251029_115310
1761735129.86972,5075189,1299248384,1299.248384,40,199,176,4,20251029_115310
1761735129.879704,5075228,1299258368,1299.258368,41,198,174,4,20251029_115310
1761735129.889688,5075267,1299268352,1299.268352,43,199,174,4,20251029_115310
1761735129.899672,5075306,1299278336,1299.278336,44,199,173,4,20251029_115310
1761735129.909656,5075345,1299288320,1299.28832,46,199,172,4,20251029_115310
1761735129.91964,5075384,1299298304,1299.298304,47,198,170,4,20251029_115310
1761735129.929624,5075423,1299308288,1299.308288,49,199,165,4,20251029_115310
1761735129.939608,5075462,1299318272,1299.318272,52,199,157,4,20251029_115310
1761735129.949592,5075501,1299328256,1299.328256,54,199,152,4,20251029_115310
1761735129.959576,5075540,1299338240,1299.33824,58,198,147,4,20251029_115310
1761735129.96956,5075579,1299348224,1299.348224,61,199,141,4,20251029_115310
1761735129.9798,5075619,1299358464,1299.358464,64,199,134,4,20251029_115310
1761735129.989784,5075658,1299368448,1299.368448,67,198,129,4,20251029_115310
1761735129.999768,5075697,1299378432,1299.378432,71,198,126,4,20251029_115310
1761735130.009752,5075736,1299388416,1299.388416,74,198,123,4,20251029_115310
1761735130.019736,5075775,1299398400,1299.3984,77,198,118,4,20251029_115310
1761735130.02972,5075814,1299408384,1299.408384,80,199,115,4,20251029_115310
1761735130.039704,5075853,1299418368,1299.418368,83,198,115,4,20251029_115310
1761735130.049688,5075892,1299428352,1299.428352,86,198,116,4,20251029_115310
1761735130.059672,5075931,1299438336,1299.438336,89,198,115,4,20251029_115310
1761735130.069656,5075970,1299448320,1299.44832,92,198,115,4,20251029_115310
1761735130.07964,5076009,1299458304,1299.458304,95,198,116,4,20251029_115310
1761735130.089624,5076048,1299468288,1299.468288,97,198,116,4,20251029_115310
1761735130.099608,5076087,1299478272,1299.478272,100,198,114,4,20251029_115310
1761735130.109592,5076126,1299488256,1299.488256,103,198,115,4,20251029_115310
1761735130.119832,5076166,1299498496,1299.498496,105,198,114,4,20251029_115310
1761735130.129816,5076205,1299508480,1299.50848,108,197,115,4,20251029_115310
1761735130.1398,5076244,1299518464,1299.518464,110,198,115,4,20251029_115310
1761735130.149784,5076283,1299528448,1299.528448,112,197,115,4,20251029_115310
1761735130.159768,5076322,1299538432,1299.538432,115,197,115,4,20251029_115310
1761735130.169752,5076361,1299548416,1299.548416,117,197,116,4,20251029_115310
1761735130.179736,5076400,1299558400,1299.5584,119,197,115,4,20251029_115310
1761735130.18972,5076439,1299568384,1299.568384,121,197,116,4,20251029_115310
1761735130.199704,5076478,1299578368,1299.578368,123,197,116,4,20251029_115310
1761735130.209688,5076517,1299588352,1299.588352,125,197,116,4,20251029_115310
1761735130.219672,5076556,1299598336,1299.598336,127,197,115,4,20251029_115310
1761735130.229656,5076595,1299608320,1299.60832,129,197,116,4,20251029_115310
1761735130.23964,5076634,1299618304,1299.618304,131,197,117,4,20251029_115310
1761735130.249624,5076673,1299628288,1299.628288,133,197,118,4,20251029_115310
1761735130.259608,5076712,1299638272,1299.638272,135,197,118,4,20251029_115310
1761735130.269848,5076752,1299648512,1299.648512,137,197,118,4,20251029_115310
1761735130.279832,5076791,1299658496,1299.658496,139,197,121,4,20251029_115310
1761735130.289816,5076830,1299668480,1299.66848,140,197,119,4,20251029_115310
1761735130.2998,5076869,1299678464,1299.678464,142,198,122,4,20251029_115310
1761735130.309784,5076908,1299688448,1299.688448,144,197,123,4,20251029_115310
1761735130.319768,5076947,1299698432,1299.698432,146,198,124,4,20251029_115310
1761735130.329752,5076986,1299708416,1299.708416,147,197,126,4,20251029_115310
1761735130.339736,5077025,1299718400,1299.7184,149,198,128,4,20251029_115310
1761735130.34972,5077064,1299728384,1299.728384,151,198,132,4,20251029_115310
1761735130.359704,5077103,1299738368,1299.738368,153,197,138,4,20251029_115310
1761735130.369688,5077142,1299748352,1299.748352,155,198,144,4,20251029_115310
1761735130.379672,5077181,1299758336,1299.758336,158,197,149,4,20251029_115310
1761735130.389656,5077220,1299768320,1299.76832,160,197,153,4,20251029_115310
1761735130.39964,5077259,1299778304,1299.778304,163,198,159,4,20251029_115310
1761735130.40988,5077299,1299788544,1299.788544,165,198,162,4,20251029_115310
1761735130.419864,5077338,1299798528,1299.798528,168,197,166,4,20251029_115310
1761735130.429848,5077377,1299808512,1299.808512,171,197,170,4,20251029_115310
1761735130.439832,5077416,1299818496,1299.818496,174,197,170,4,20251029_115310
1761735130.449816,5077455,1299828480,1299.82848,177,198,170,4,20251029_115310
1761735130.4598,5077494,1299838464,1299.838464,181,198,171,4,20251029_115310
1761735130.469784,5077533,1299848448,1299.848448,184,198,172,4,20251029_115310
1761735130.479768,5077572,1299858432,1299.858432,187,198,171,4,20251029_115310
1761735130.489752,5077611,1299868416,1299.868416,190,198,173,4,20251029_115310
1761735130.499736,5077650,1299878400,1299.8784,193,198,172,4,20251029_115310
1761735130.50972,5077689,1299888384,1299.888384,196,199,175,4,20251029_115310
1761735130.519704,5077728,1299898368,1299.898368,199,198,174,4,20251029_115310
1761735130.529688,5077767,1299908352,1299.908352,202,198,174,4,20251029_115310
1761735130.539672,5077806,1299918336,1299.918336,205,198,175,4,20251029_115310
1761735130.549912,5077846,1299928576,1299.928576,208,198,174,4,20251029_115310
1761735130.559896,5077885,1299938560,1299.93856,211,198,175,4,20251029_115310
1761735130.56988,5077924,1299948544,1299.948544,214,198,175,4,20251029_115310
1761735130.579864,5077963,1299958528,1299.958528,217,198,174,4,20251029_115310
1761735130.589848,5078002,1299968512,1299.968512,220,199,175,4,20251029_115310
1761735130.599832,5078041,1299978496,1299.978496,223,198,174,4,20251029_115310
1761735130.609816,5078080,1299988480,1299.98848,225,199,174,4,20251029_115310
1761735130.6198,5078119,1299998464,1299.998464,228,198,175,4,20251029_115310
1761735130.629784,5078158,1300008448,1300.008448,231,199,175,4,20251029_115310
1761735130.639768,5078197,1300018432,1300.018432,233,199,175,4,20251029_115310
1761735130.649752,5078236,1300028416,1300.028416,236,199,174,4,20251029_115310
1761735130.659736,5078275,1300038400,1300.0384,238,199,176,4,20251029_115310
1761735130.66972,5078314,1300048384,1300.048384,240,199,175,4,20251029_115310
1761735130.679704,5078353,1300058368,1300.058368,243,199,175,4,20251029_115310
1761735130.689688,5078392,1300068352,1300.068352,245,199,175,4,20251029_115310
1761735130.699928,5078432,1300078592,1300.078592,247,199,175,4,20251029_115310
1761735130.709912,5078471,1300088576,1300.088576,249,199,175,4,20251029_115310
1761735130.719896,5078510,1300098560,1300.09856,251,199,175,4,20251029_115310
1761735130.72988,5078549,1300108544,1300.108544,253,200,175,4,20251029_115310
1761735130.739864,5078588,1300118528,1300.118528,0,199,175,4,20251029_115310
1761735130.749848,5078627,1300128512,1300.128512,2,199,174,4,20251029_115310
1761735130.759832,5078666,1300138496,1300.138496,4,199,175,4,20251029_115310
1761735130.769816,5078705,1300148480,1300.14848,6,199,175,4,20251029_115310
1761735130.7798,5078744,1300158464,1300.158464,8,199,176,4,20251029_115310
1761735130.789784,5078783,1300168448,1300.168448,10,200,175,4,20251029_115310
1761735130.799768,5078822,1300178432,1300.178432,11,199,174,4,20251029_115310
1761735130.809752,5078861,1300188416,1300.188416,13,199,174,4,20251029_115310
1761735130.819736,5078900,1300198400,1300.1984,15,199,173,4,20251029_115310
1761735130.82972,5078939,1300208384,1300.208384,17,199,174,4,20251029_115310
1761735130.83996,5078979,1300218624,1300.218624,18,199,173,4,20251029_115310
1761735130.849944,5079018,1300228608,1300.228608,20,199,172,4,20251029_115310
1761735130.859928,5079057,1300238592,1300.238592,22,199,171,4,20251029_115310
1761735130.869912,5079096,1300248576,1300.248576,23,200,171,4,20251029_115310
1761735130.879896,5079135,1300258560,1300.25856,25,199,169,4,20251029_115310
1761735130.88988,5079174,1300268544,1300.268544,27,199,167,4,20251029_115310
1761735130.899864,5079213,1300278528,1300.278528,28,199,166,4,20251029_115310
1761735130.909848,5079252,1300288512,1300.288512,30,199,164,4,20251029_115310
1761735130.919832,5079291,1300298496,1300.298496,32,199,156,4,20251029_115310
1761735130.929816,5079330,1300308480,1300.30848,34,200,149,4,20251029_115310
1761735130.9398,5079369,1300318464,1300.318464,37,199,144,4,20251029_115310
1761735130.949784,5079408,1300328448,1300.328448,39,199,140,4,20251029_115310
1761735130.959768,5079447,1300338432,1300.338432,42,200,136,4,20251029_115310
1761735130.969752,5079486,1300348416,1300.348416,44,199,132,4,20251029_115310
1761735130.979736,5079525,1300358400,1300.3584,47,199,129,4,20251029_115310
1761735130.989976,5079565,1300368640,1300.36864,50,199,127,4,20251029_115310
1761735130.99996,5079604,1300378624,1300.378624,53,199,126,4,20251029_115310
1761735131.009944,5079643,1300388608,1300.388608,56,199,124,4,20251029_115310
1761735131.019928,5079682,1300398592,1300.398592,59,198,120,4,20251029_115310
1761735131.029912,5079721,1300408576,1300.408576,62,199,119,4,20251029_115310
1761735131.039896,5079760,1300418560,1300.41856,66,198,116,4,20251029_115310
1761735131.04988,5079799,1300428544,1300.428544,69,199,114,4,20251029_115310
1761735131.059864,5079838,1300438528,1300.438528,72,198,115,4,20251029_115310
1761735131.069848,5079877,1300448512,1300.448512,75,199,116,4,20251029_115310
1761735131.079832,5079916,1300458496,1300.458496,78,198,113,4,20251029_115310
1761735131.089816,5079955,1300468480,1300.46848,81,198,113,4,20251029_115310
1761735131.0998,5079994,1300478464,1300.478464,84,198,113,4,20251029_115310
1761735131.109784,5080033,1300488448,1300.488448,87,198,115,4,20251029_115310
1761735131.119768,5080072,1300498432,1300.498432,90,198,114,4,20251029_115310
1761735131.129752,5080111,1300508416,1300.508416,93,198,115,4,20251029_115310
1761735131.139992,5080151,1300518656,1300.518656,96,198,114,4,20251029_115310
1761735131.149976,5080190,1300528640,1300.52864,98,198,116,4,20251029_115310
1761735131.15996,5080229,1300538624,1300.538624,101,198,115,4,20251029_115310
1761735131.169944,5080268,1300548608,1300.548608,104,197,114,4,20251029_115310
1761735131.179928,5080307,1300558592,1300.558592,106,198,116,4,20251029_115310
1761735131.189912,5080346,1300568576,1300.568576,109,197,116,4,20251029_115310
1761735131.199896,5080385,1300578560,1300.57856,111,197,118,4,20251029_115310
1761735131.20988,5080424,1300588544,1300.588544,113,197,118,4,20251029_115310
1761735131.219864,5080463,1300598528,1300.598528,116,197,120,4,20251029_115310
1761735131.229848,5080502,1300608512,1300.608512,118,197,122,4,20251029_115310
1761735131.239832,5080541,1300618496,1300.618496,120,197,123,4,20251029_115310
1761735131.249816,5080580,1300628480,1300.62848,122,197,126,4,20251029_115310
1761735131.2598,5080619,1300638464,1300.638464,124,197,127,4,20251029_115310
1761735131.269784,5080658,1300648448,1300.648448,127,197,129,4,20251029_115310
1761735131.280024,5080698,1300658688,1300.658688,129,197,134,4,20251029_115310
1761735131.290008,5080737,1300668672,1300.668672,131,198,139,4,20251029_115310
1761735131.299992,5080776,1300678656,1300.678656,133,198,146,4,20251029_115310
1761735131.309976,5080815,1300688640,1300.68864,135,198,150,4,20251029_115310
1761735131.31996,5080854,1300698624,1300.698624,138,198,155,4,20251029_115310
1761735131.329944,5080893,1300708608,1300.708608,140,198,159,4,20251029_115310
1761735131.339928,5080932,1300718592,1300.718592,143,198,162,4,20251029_115310
1761735131.349912,5080971,1300728576,1300.728576,146,198,166,4,20251029_115310
1761735131.359896,5081010,1300738560,1300.73856,148,197,168,4,20251029_115310
1761735131.36988,5081049,1300748544,1300.748544,151,198,172,4,20251029_115310
1761735131.379864,5081088,1300758528,1300.758528,154,197,172,4,20251029_115310
1761735131.389848,5081127,1300768512,1300.768512,157,198,173,4,20251029_115310
1761735131.399832,5081166,1300778496,1300.778496,160,198,172,4,20251029_115310
1761735131.409816,5081205,1300788480,1300.78848,164,198,172,4,20251029_115310
1761735131.4198,5081244,1300798464,1300.798464,167,198,173,4,20251029_115310
1761735131.43004,5081284,1300808704,1300.808704,170,198,173,4,20251029_115310
1761735131.440024,5081323,1300818688,1300.818688,173,198,174,4,20251029_115310
1761735131.450008,5081362,1300828672,1300.828672,176,198,174,4,20251029_115310
1761735131.459992,5081401,1300838656,1300.838656,179,198,174,4,20251029_115310
1761735131.469976,5081440,1300848640,1300.84864,183,197,174,4,20251029_115310
1761735131.47996,5081479,1300858624,1300.858624,186,198,174,4,20251029_115310
1761735131.489944,5081518,1300868608,1300.868608,189,198,174,4,20251029_115310
1761735131.499928,5081557,1300878592,1300.878592,192,198,174,4,20251029_115310
1761735131.509912,5081596,1300888576,1300.888576,195,198,174,4,20251029_115310
1761735131.519896,5081635,1300898560,1300.89856,198,198,175,4,20251029_115310
1761735131.52988,5081674,1300908544,1300.908544,202,198,175,4,20251029_115310
1761735131.539864,5081713,1300918528,1300.918528,205,198,175,4,20251029_115310
1761735131.549848,5081752,1300928512,1300.928512,208,198,175,4,20251029_115310
1761735131.559832,5081791,1300938496,1300.938496,211,198,175,4,20251029_115310
1761735131.570072,5081831,1300948736,1300.948736,214,198,175,4,20251029_115310
1761735131.580056,5081870,1300958720,1300.95872,216,198,175,4,20251029_115310
1761735131.59004,5081909,1300968704,1300.968704,219,198,175,4,20251029_115310
1761735131.600024,5081948,1300978688,1300.978688,222,199,174,4,20251029_115310
1761735131.610008,5081987,1300988672,1300.988672,225,199,175,4,20251029_115310
1761735131.619992,5082026,1300998656,1300.998656,227,199,176,4,20251029_115310
1761735131.629976,5082065,1301008640,1301.00864,230,199,176,4,20251029_115310
1761735131.63996,5082104,1301018624,1301.018624,233,199,174,4,20251029_115310
1761735131.649944,5082143,1301028608,1301.028608,235,199,175,4,20251029_115310
1761735131.659928,5082182,1301038592,1301.038592,237,199,175,4,20251029_115310
1761735131.669912,5082221,1301048576,1301.048576,240,199,175,4,20251029_115310
1761735131.679896,5082260,1301058560,1301.05856,242,199,175,4,20251029_115310
1761735131.68988,5082299,1301068544,1301.068544,244,199,175,4,20251029_115310
1761735131.699864,5082338,1301078528,1301.078528,247,199,176,4,20251029_115310
1761735131.709848,5082377,1301088512,1301.088512,249,199,175,4,20251029_115310
1761735131.720088,5082417,1301098752,1301.098752,251,199,175,4,20251029_115310
1761735131.730072,5082456,1301108736,1301.108736,253,199,175,4,20251029_115310
1761735131.740056,5082495,1301118720,1301.11872,0,199,175,4,20251029_115310
1761735131.75004,5082534,1301128704,1301.128704,2,200,176,4,20251029_115310
1761735131.760024,5082573,1301138688,1301.138688,4,199,176,4,20251029_115310
1761735131.770008,5082612,1301148672,1301.148672,6,200,177,4,20251029_115310
1761735131.779992,5082651,1301158656,1301.158656,7,200,174,4,20251029_115310
1761735131.789976,5082690,1301168640,1301.16864,9,199,175,4,20251029_115310
1761735131.79996,5082729,1301178624,1301.178624,11,199,175,4,20251029_115310
1761735131.809944,5082768,1301188608,1301.188608,13,199,174,4,20251029_115310
1761735131.819928,5082807,1301198592,1301.198592,14,199,175,4,20251029_115310
1761735131.829912,5082846,1301208576,1301.208576,16,199,174,4,20251029_115310
1761735131.839896,5082885,1301218560,1301.21856,18,200,174,4,20251029_115310
1761735131.84988,5082924,1301228544,1301.228544,19,197,172,4,20251029_115310
1761735131.86012,5082964,1301238784,1301.238784,21,200,175,4,20251029_115310
1761735131.870104,5083003,1301248768,1301.248768,22,200,174,4,20251029_115310
1761735131.880088,5083042,1301258752,1301.258752,24,199,175,4,20251029_115310
1761735131.890072,5083081,1301268736,1301.268736,25,199,175,4,20251029_115310
1761735131.900056,5083120,1301278720,1301.27872,27,199,174,4,20251029_115310
1761735131.91004,5083159,1301288704,1301.288704,28,199,175,4,20251029_115310
1761735131.920024,5083198,1301298688,1301.298688,30,199,176,4,20251029_115310
1761735131.930008,5083237,1301308672,1301.308672,31,200,176,4,20251029_115310
1761735131.939992,5083276,1301318656,1301.318656,32,199,176,4,20251029_115310
1761735131.949976,5083315,1301328640,1301.32864,34,199,176,4,20251029_115310
1761735131.95996,5083354,1301338624,1301.338624,35,199,176,4,20251029_115310
1761735131.969944,5083393,1301348608,1301.348608,37,199,175,4,20251029_115310
1761735131.979928,5083432,1301358592,1301.358592,38,199,175,4,20251029_115310
1761735131.989912,5083471,1301368576,1301.368576,39,199,177,4,20251029_115310
1761735132.000152,5083511,1301378816,1301.378816,40,199,178,4,20251029_115310
1761735132.010136,5083550,1301388800,1301.3888,42,199,176,4,20251029_115310
1761735132.02012,5083589,1301398784,1301.398784,43,199,177,4,20251029_115310
1761735132.030104,5083628,1301408768,1301.408768,44,198,176,4,20251029_115310
1761735132.040088,5083667,1301418752,1301.418752,46,199,177,4,20251029_115310
1761735132.050072,5083706,1301428736,1301.428736,47,199,177,4,20251029_115310
1761735132.060056,5083745,1301438720,1301.43872,48,199,177,4,20251029_115310
1761735132.07004,5083784,1301448704,1301.448704,50,199,177,4,20251029_115310
1761735132.080024,5083823,1301458688,1301.458688,51,199,177,4,20251029_115310
1761735132.090008,5083862,1301468672,1301.468672,52,199,176,4,20251029_115310
1761735132.099992,5083901,1301478656,1301.478656,53,198,176,4,20251029_115310
1761735132.109976,5083940,1301488640,1301.48864,55,198,177,4,20251029_115310
1761735132.11996,5083979,1301498624,1301.498624,56,198,176,4,20251029_115310
1761735132.129944,5084018,1301508608,1301.508608,57,198,176,4,20251029_115310
1761735132.140184,5084058,1301518848,1301.518848,59,199,176,4,20251029_115310
1761735132.150168,5084097,1301528832,1301.528832,60,198,176,4,20251029_115310
1761735132.160152,5084136,1301538816,1301.538816,61,199,176,4,20251029_115310
1761735132.170136,5084175,1301548800,1301.5488,62,198,176,4,20251029_115310
1761735132.18012,5084214,1301558784,1301.558784,64,198,176,4,20251029_115310
1761735132.190104,5084253,1301568768,1301.568768,65,198,175,4,20251029_115310
1761735132.200088,5084292,1301578752,1301.578752,67,198,174,4,20251029_115310
1761735132.210072,5084331,1301588736,1301.588736,68,198,172,4,20251029_115310
1761735132.220056,5084370,1301598720,1301.59872,69,199,175,4,20251029_115310
1761735132.23004,5084409,1301608704,1301.608704,71,198,173,4,20251029_115310
1761735132.240024,5084448,1301618688,1301.618688,72,198,171,4,20251029_115310
1761735132.250008,5084487,1301628672,1301.628672,74,198,170,4,20251029_115310
1761735132.259992,5084526,1301638656,1301.638656,76,198,170,4,20251029_115310
1761735132.269976,5084565,1301648640,1301.64864,77,197,164,4,20251029_115310
1761735132.27996,5084604,1301658624,1301.658624,79,198,157,4,20251029_115310
1761735132.2902,5084644,1301668864,1301.668864,82,198,151,4,20251029_115310
1761735132.300184,5084683,1301678848,1301.678848,84,197,144,4,20251029_115310
1761735132.310168,5084722,1301688832,1301.688832,86,197,136,4,20251029_115310
1761735132.320152,5084761,1301698816,1301.698816,89,197,133,4,20251029_115310
1761735132.330136,5084800,1301708800,1301.7088,92,198,129,4,20251029_115310
1761735132.34012,5084839,1301718784,1301.718784,94,197,127,4,20251029_115310
1761735132.350104,5084878,1301728768,1301.728768,97,198,126,4,20251029_115310
1761735132.360088,5084917,1301738752,1301.738752,100,198,122,4,20251029_115310
1761735132.370072,5084956,1301748736,1301.748736,102,198,120,4,20251029_115310
1761735132.380056,5084995,1301758720,1301.75872,105,198,118,4,20251029_115310
1761735132.39004,5085034,1301768704,1301.768704,107,197,116,4,20251029_115310
1761735132.400024,5085073,1301778688,1301.778688,110,198,115,4,20251029_115310
1761735132.410008,5085112,1301788672,1301.788672,112,197,114,4,20251029_115310
1761735132.419992,5085151,1301798656,1301.798656,114,198,115,4,20251029_115310
1761735132.430232,5085191,1301808896,1301.808896,117,197,115,4,20251029_115310
1761735132.440216,5085230,1301818880,1301.81888,119,197,114,4,20251029_115310
1761735132.4502,5085269,1301828864,1301.828864,121,198,114,4,20251029_115310
1761735132.460184,5085308,1301838848,1301.838848,123,198,115,4,20251029_115310
1761735132.470168,5085347,1301848832,1301.848832,125,197,115,4,20251029_115310
1761735132.480152,5085386,1301858816,1301.858816,127,197,115,4,20251029_115310
1761735132.490136,5085425,1301868800,1301.8688,129,198,115,4,20251029_115310
1761735132.50012,5085464,1301878784,1301.878784,131,197,115,4,20251029_115310
1761735132.510104,5085503,1301888768,1301.888768,133,198,115,4,20251029_115310
1761735132.520088,5085542,1301898752,1301.898752,135,197,115,4,20251029_115310
1761735132.530072,5085581,1301908736,1301.908736,136,198,117,4,20251029_115310
1761735132.540056,5085620,1301918720,1301.91872,138,197,116,4,20251029_115310
1761735132.55004,5085659,1301928704,1301.928704,140,198,118,4,20251029_115310
1761735132.560024,5085698,1301938688,1301.938688,142,197,119,4,20251029_115310
1761735132.570264,5085738,1301948928,1301.948928,143,198,119,4,20251029_115310
1761735132.580248,5085777,1301958912,1301.958912,145,197,120,4,20251029_115310
1761735132.590232,5085816,1301968896,1301.968896,147,198,122,4,20251029_115310
1761735132.600216,5085855,1301978880,1301.97888,149,198,123,4,20251029_115310
1761735132.6102,5085894,1301988864,1301.988864,150,197,124,4,20251029_115310
1761735132.620184,5085933,1301998848,1301.998848,152,197,126,4,20251029_115310
1761735132.630168,5085972,1302008832,1302.008832,154,197,127,4,20251029_115310
1761735132.640152,5086011,1302018816,1302.018816,156,198,128,4,20251029_115310
1761735132.650136,5086050,1302028800,1302.0288,157,198,131,4,20251029_115310
1761735132.66012,5086089,1302038784,1302.038784,159,198,135,4,20251029_115310
1761735132.670104,5086128,1302048768,1302.048768,161,197,139,4,20251029_115310
1761735132.680088,5086167,1302058752,1302.058752,164,198,145,4,20251029_115310
1761735132.690072,5086206,1302068736,1302.068736,166,198,150,4,20251029_115310
1761735132.700056,5086245,1302078720,1302.07872,169,198,155,4,20251029_115310
1761735132.710296,5086285,1302088960,1302.08896,171,198,160,4,20251029_115310
1761735132.72028,5086324,1302098944,1302.098944,174,198,164,4,20251029_115310
1761735132.730264,5086363,1302108928,1302.108928,177,198,167,4,20251029_115310
1761735132.740248,5086402,1302118912,1302.118912,180,198,171,4,20251029_115310
1761735132.750232,5086441,1302128896,1302.128896,183,198,171,4,20251029_115310
1761735132.760216,5086480,1302138880,1302.13888,186,198,171,4,20251029_115310
1761735132.7702,5086519,1302148864,1302.148864,190,198,172,4,20251029_115310
1761735132.780184,5086558,1302158848,1302.158848,193,198,172,4,20251029_115310
1761735132.790168,5086597,1302168832,1302.168832,196,197,172,4,20251029_115310
1761735132.800152,5086636,1302178816,1302.178816,199,198,173,4,20251029_115310
1761735132.810136,5086675,1302188800,1302.1888,202,198,174,4,20251029_115310
1761735132.82012,5086714,1302198784,1302.198784,205,198,174,4,20251029_115310
1761735132.830104,5086753,1302208768,1302.208768,208,198,174,4,20251029_115310
1761735132.840088,5086792,1302218752,1302.218752,211,198,174,4,20251029_115310
1761735132.850072,5086831,1302228736,1302.228736,214,198,174,4,20251029_115310
1761735132.860312,5086871,1302238976,1302.238976,217,198,175,4,20251029_115310
1761735132.870296,5086910,1302248960,1302.24896,220,199,174,4,20251029_115310
1761735132.88028,5086949,1302258944,1302.258944,222,198,175,4,20251029_115310
1761735132.890264,5086988,1302268928,1302.268928,225,199,175,4,20251029_115310
1761735132.900248,5087027,1302278912,1302.278912,228,198,174,4,20251029_115310
1761735132.910232,5087066,1302288896,1302.288896,230,199,175,4,20251029_115310
1761735132.920216,5087105,1302298880,1302.29888,233,198,174,4,20251029_115310
1761735132.9302,5087144,1302308864,1302.308864,235,199,176,4,20251029_115310
1761735132.940184,5087183,1302318848,1302.318848,238,198,175,4,20251029_115310
1761735132.950168,5087222,1302328832,1302.328832,240,199,175,4,20251029_115310
1761735132.960152,5087261,1302338816,1302.338816,243,199,175,4,20251029_115310
1761735132.970136,5087300,1302348800,1302.3488,245,199,176,4,20251029_115310
1761735132.98012,5087339,1302358784,1302.358784,247,199,175,4,20251029_115310
1761735132.990104,5087378,1302368768,1302.368768,249,199,176,4,20251029_115310
1761735133.000088,5087417,1302378752,1302.378752,251,199,175,4,20251029_115310
1761735133.010328,5087457,1302388992,1302.388992,253,199,175,4,20251029_115310
1761735133.020312,5087496,1302398976,1302.398976,0,199,176,4,20251029_115310
1761735133.030296,5087535,1302408960,1302.40896,2,199,176,4,20251029_115310
1761735133.04028,5087574,1302418944,1302.418944,4,199,176,4,20251029_115310
1761735133.050264,5087613,1302428928,1302.428928,6,199,176,4,20251029_115310
1761735133.060248,5087652,1302438912,1302.438912,8,199,175,4,20251029_115310
1761735133.070232,5087691,1302448896,1302.448896,9,199,176,4,20251029_115310
1761735133.080216,5087730,1302458880,1302.45888,11,199,175,4,20251029_115310
1761735133.0902,5087769,1302468864,1302.468864,13,199,175,4,20251029_115310
1761735133.100184,5087808,1302478848,1302.478848,15,199,176,4,20251029_115310
1761735133.110168,5087847,1302488832,1302.488832,16,199,175,4,20251029_115310
1761735133.120152,5087886,1302498816,1302.498816,18,199,175,4,20251029_115310
1761735133.130136,5087925,1302508800,1302.5088,20,199,175,4,20251029_115310
1761735133.14012,5087964,1302518784,1302.518784,21,199,174,4,20251029_115310
1761735133.15036,5088004,1302529024,1302.529024,23,200,174,4,20251029_115310
1761735133.160344,5088043,1302539008,1302.539008,24,199,173,4,20251029_115310
1761735133.170328,5088082,1302548992,1302.548992,26,199,172,4,20251029_115310
1761735133.180312,5088121,1302558976,1302.558976,27,199,172,4,20251029_115310
1761735133.190296,5088160,1302568960,1302.56896,29,199,171,4,20251029_115310
1761735133.20028,5088199,1302578944,1302.578944,30,199,170,4,20251029_115310
1761735133.210264,5088238,1302588928,1302.588928,32,199,168,4,20251029_115310
1761735133.220248,5088277,1302598912,1302.598912,34,199,165,4,20251029_115310
1761735133.230232,5088316,1302608896,1302.608896,36,199,159,4,20251029_115310
1761735133.240216,5088355,1302618880,1302.61888,38,199,151,4,20251029_115310
1761735133.2502,5088394,1302628864,1302.628864,40,199,143,4,20251029_115310
1761735133.260184,5088433,1302638848,1302.638848,43,199,140,4,20251029_115310
1761735133.270168,5088472,1302648832,1302.648832,45,199,134,4,20251029_115310
1761735133.280152,5088511,1302658816,1302.658816,48,199,131,4,20251029_115310
1761735133.290136,5088550,1302668800,1302.6688,51,199,128,4,20251029_115310
1761735133.300376,5088590,1302679040,1302.67904,54,199,127,4,20251029_115310
1761735133.31036,5088629,1302689024,1302.689024,57,198,123,4,20251029_115310
1761735133.320344,5088668,1302699008,1302.699008,61,199,120,4,20251029_115310
1761735133.330328,5088707,1302708992,1302.708992,64,199,118,4,20251029_115310
1761735133.340312,5088746,1302718976,1302.718976,67,199,114,4,20251029_115310
1761735133.350296,5088785,1302728960,1302.72896,70,198,114,4,20251029_115310
1761735133.36028,5088824,1302738944,1302.738944,73,198,114,4,20251029_115310
1761735133.370264,5088863,1302748928,1302.748928,77,199,114,4,20251029_115310
1761735133.380248,5088902,1302758912,1302.758912,80,198,114,4,20251029_115310
1761735133.390232,5088941,1302768896,1302.768896,83,199,115,4,20251029_115310
1761735133.400216,5088980,1302778880,1302.77888,86,198,114,4,20251029_115310
1761735133.4102,5089019,1302788864,1302.788864,89,198,115,4,20251029_115310
1761735133.420184,5089058,1302798848,1302.798848,91,198,114,4,20251029_115310
1761735133.430168,5089097,1302808832,1302.808832,94,198,115,4,20251029_115310
1761735133.440408,5089137,1302819072,1302.819072,97,198,114,4,20251029_115310
1761735133.450392,5089176,1302829056,1302.829056,100,200,115,4,20251029_115310
1761735133.460376,5089215,1302839040,1302.83904,102,198,114,4,20251029_115310
1761735133.47036,5089254,1302849024,1302.849024,105,197,115,4,20251029_115310
1761735133.480344,5089293,1302859008,1302.859008,107,198,113,4,20251029_115310
1761735133.490328,5089332,1302868992,1302.868992,110,197,114,4,20251029_115310
1761735133.500312,5089371,1302878976,1302.878976,112,198,116,4,20251029_115310
1761735133.510296,5089410,1302888960,1302.88896,114,197,116,4,20251029_115310
1761735133.52028,5089449,1302898944,1302.898944,117,197,115,4,20251029_115310
1761735133.530264,5089488,1302908928,1302.908928,119,197,118,4,20251029_115310
1761735133.540248,5089527,1302918912,1302.918912,121,197,118,4,20251029_115310
1761735133.550232,5089566,1302928896,1302.928896,123,197,119,4,20251029_115310
1761735133.560216,5089605,1302938880,1302.93888,125,198,122,4,20251029_115310
1761735133.5702,5089644,1302948864,1302.948864,127,198,124,4,20251029_115310
1761735133.58044,5089684,1302959104,1302.959104,129,197,124,4,20251029_115310
1761735133.590424,5089723,1302969088,1302.969088,132,198,127,4,20251029_115310
1761735133.600408,5089762,1302979072,1302.979072,134,197,129,4,20251029_115310
1761735133.610392,5089801,1302989056,1302.989056,136,197,137,4,20251029_115310
1761735133.620376,5089840,1302999040,1302.99904,138,198,143,4,20251029_115310
1761735133.63036,5089879,1303009024,1303.009024,140,198,148,4,20251029_115310
1761735133.640344,5089918,1303019008,1303.019008,143,198,152,4,20251029_115310
1761735133.650328,5089957,1303028992,1303.028992,145,198,156,4,20251029_115310
1761735133.660568,5089997,1303039232,1303.039232,148,198,160,4,20251029_115310
1761735133.670552,5090036,1303049216,1303.049216,150,198,164,4,20251029_115310
1761735133.680536,5090075,1303059200,1303.0592,153,197,167,4,20251029_115310
1761735133.69052,5090114,1303069184,1303.069184,156,198,170,4,20251029_115310
1761735133.700504,5090153,1303079168,1303.079168,159,198,170,4,20251029_115310
1761735133.710488,5090192,1303089152,1303.089152,162,197,171,4,20251029_115310
1761735133.720472,5090231,1303099136,1303.099136,165,198,172,4,20251029_115310
1761735133.730456,5090270,1303109120,1303.10912,169,198,172,4,20251029_115310
1761735133.74044,5090309,1303119104,1303.119104,172,198,172,4,20251029_115310
1761735133.750424,5090348,1303129088,1303.129088,175,198,173,4,20251029_115310
1761735133.760408,5090387,1303139072,1303.139072,178,197,172,4,20251029_115310
1761735133.770392,5090426,1303149056,1303.149056,181,198,173,4,20251029_115310
1761735133.780376,5090465,1303159040,1303.15904,184,197,173,4,20251029_115310
1761735133.790616,5090505,1303169280,1303.16928,188,198,173,4,20251029_115310
1761735133.8006,5090544,1303179264,1303.179264,191,198,174,4,20251029_115310
1761735133.810584,5090583,1303189248,1303.189248,194,198,174,4,20251029_115310
1761735133.820568,5090622,1303199232,1303.199232,197,198,174,4,20251029_115310
1761735133.830552,5090661,1303209216,1303.209216,200,198,174,4,20251029_115310
1761735133.840536,5090700,1303219200,1303.2192,203,197,174,4,20251029_115310
1761735133.85052,5090739,1303229184,1303.229184,207,198,175,4,20251029_115310
1761735133.860504,5090778,1303239168,1303.239168,210,198,174,4,20251029_115310
1761735133.870488,5090817,1303249152,1303.249152,212,198,174,4,20251029_115310
1761735133.880472,5090856,1303259136,1303.259136,215,198,175,4,20251029_115310
1761735133.890456,5090895,1303269120,1303.26912,218,198,174,4,20251029_115310
1761735133.90044,5090934,1303279104,1303.279104,221,198,175,4,20251029_115310
1761735133.910424,5090973,1303289088,1303.289088,224,199,175,4,20251029_115310
1761735133.920408,5091012,1303299072,1303.299072,226,199,175,4,20251029_115310
1761735133.930392,5091051,1303309056,1303.309056,229,198,174,4,20251029_115310
1761735133.940632,5091091,1303319296,1303.319296,232,199,174,4,20251029_115310
1761735133.950616,5091130,1303329280,1303.32928,234,199,175,4,20251029_115310
1761735133.9606,5091169,1303339264,1303.339264,237,199,175,4,20251029_115310
1761735133.970584,5091208,1303349248,1303.349248,239,198,175,4,20251029_115310
1761735133.980568,5091247,1303359232,1303.359232,241,199,174,4,20251029_115310
1761735133.990552,5091286,1303369216,1303.369216,244,199,175,4,20251029_115310
1761735134.000536,5091325,1303379200,1303.3792,246,199,175,4,20251029_115310
1761735134.01052,5091364,1303389184,1303.389184,248,200,175,4,20251029_115310
1761735134.020504,5091403,1303399168,1303.399168,250,199,173,4,20251029_115310
1761735134.030488,5091442,1303409152,1303.409152,252,199,174,4,20251029_115310
1761735134.040472,5091481,1303419136,1303.419136,254,199,174,4,20251029_115310
1761735134.050456,5091520,1303429120,1303.42912,1,199,174,4,20251029_115310
1761735134.06044,5091559,1303439104,1303.439104,3,199,174,4,20251029_115310
1761735134.070424,5091598,1303449088,1303.449088,5,199,174,4,20251029_115310
1761735134.080664,5091638,1303459328,1303.459328,7,200,173,4,20251029_115310
1761735134.090648,5091677,1303469312,1303.469312,9,199,173,4,20251029_115310
1761735134.100632,5091716,1303479296,1303.479296,10,199,173,4,20251029_115310
1761735134.110616,5091755,1303489280,1303.48928,12,200,173,4,20251029_115310
1761735134.1206,5091794,1303499264,1303.499264,14,199,172,4,20251029_115310
1761735134.130584,5091833,1303509248,1303.509248,16,200,172,4,20251029_115310
1761735134.140568,5091872,1303519232,1303.519232,17,199,169,4,20251029_115310
1761735134.150552,5091911,1303529216,1303.529216,19,199,172,4,20251029_115310
1761735134.160536,5091950,1303539200,1303.5392,21,199,171,4,20251029_115310
1761735134.17052,5091989,1303549184,1303.549184,22,200,172,4,20251029_115310
1761735134.180504,5092028,1303559168,1303.559168,24,199,170,4,20251029_115310
1761735134.190488,5092067,1303569152,1303.569152,26,199,170,4,20251029_115310
1761735134.200472,5092106,1303579136,1303.579136,27,200,171,4,20251029_115310
1761735134.210712,5092146,1303589376,1303.589376,29,199,170,4,20251029_115310
1761735134.220696,5092185,1303599360,1303.59936,30,199,168,4,20251029_115310
1761735134.23068,5092224,1303609344,1303.609344,32,199,171,4,20251029_115310
1761735134.240664,5092263,1303619328,1303.619328,33,199,170,4,20251029_115310
1761735134.250648,5092302,1303629312,1303.629312,35,199,170,4,20251029_115310
1761735134.260632,5092341,1303639296,1303.639296,36,199,169,4,20251029_115310
1761735134.270616,5092380,1303649280,1303.64928,38,199,170,4,20251029_115310
1761735134.280856,5092420,1303659520,1303.65952,39,199,171,4,20251029_115310
1761735134.29084,5092459,1303669504,1303.669504,41,199,170,4,20251029_115310
1761735134.300824,5092498,1303679488,1303.679488,42,199,170,4,20251029_115310
1761735134.310808,5092537,1303689472,1303.689472,44,199,171,4,20251029_115310
1761735134.320792,5092576,1303699456,1303.699456,45,199,171,4,20251029_115310
1761735134.330776,5092615,1303709440,1303.70944,47,199,170,4,20251029_115310
1761735134.34076,5092654,1303719424,1303.719424,48,199,171,4,20251029_115310
1761735134.350744,5092693,1303729408,1303.729408,49,198,170,4,20251029_115310
1761735134.360984,5092733,1303739648,1303.739648,51,199,172,4,20251029_115310
1761735134.370968,5092772,1303749632,1303.749632,52,198,172,4,20251029_115310
1761735134.380952,5092811,1303759616,1303.759616,54,200,174,4,20251029_115310
1761735134.390936,5092850,1303769600,1303.7696,55,199,173,4,20251029_115310
1761735134.40092,5092889,1303779584,1303.779584,56,199,173,4,20251029_115310
1761735134.410904,5092928,1303789568,1303.789568,58,199,174,4,20251029_115310
1761735134.421144,5092968,1303799808,1303.799808,59,199,174,4,20251029_115310
1761735134.431128,5093007,1303809792,1303.809792,60,198,174,4,20251029_115310
1761735134.441112,5093046,1303819776,1303.819776,62,199,174,4,20251029_115310
1761735134.451096,5093085,1303829760,1303.82976,63,199,173,4,20251029_115310
1761735134.46108,5093124,1303839744,1303.839744,64,198,174,4,20251029_115310
1761735134.471064,5093163,1303849728,1303.849728,66,199,175,4,20251029_115310
1761735134.481304,5093203,1303859968,1303.859968,67,198,174,4,20251029_115310
1761735134.491288,5093242,1303869952,1303.869952,68,198,175,4,20251029_115310
1761735134.501272,5093281,1303879936,1303.879936,70,198,175,4,20251029_115310
1761735134.511256,5093320,1303889920,1303.88992,71,198,175,4,20251029_115310
1761735134.52124,5093359,1303899904,1303.899904,73,198,176,4,20251029_115310
1761735134.531224,5093398,1303909888,1303.909888,74,198,175,4,20251029_115310
1761735134.541208,5093437,1303919872,1303.919872,76,198,175,4,20251029_115310
1761735134.551192,5093476,1303929856,1303.929856,77,200,177,4,20251029_115310
1761735134.561432,5093516,1303940096,1303.940096,79,198,175,4,20251029_115310
1761735134.571416,5093555,1303950080,1303.95008,80,198,176,4,20251029_115310
1761735134.5814,5093594,1303960064,1303.960064,82,197,175,4,20251029_115310
1761735134.591384,5093633,1303970048,1303.970048,83,198,175,4,20251029_115310
1761735134.601368,5093672,1303980032,1303.980032,85,198,174,4,20251029_115310
1761735134.611352,5093711,1303990016,1303.990016,87,198,173,4,20251029_115310
1761735134.621336,5093750,1304000000,1304.0,88,198,174,4,20251029_115310
1761735134.63132,5093789,1304009984,1304.009984,90,198,173,4,20251029_115310
1761735134.641304,5093828,1304019968,1304.019968,92,198,172,4,20251029_115310
1761735134.651288,5093867,1304029952,1304.029952,94,198,171,4,20251029_115310
1761735134.661272,5093906,1304039936,1304.039936,96,198,169,4,20251029_115310
1761735134.671256,5093945,1304049920,1304.04992,98,198,165,4,20251029_115310
1761735134.68124,5093984,1304059904,1304.059904,100,197,157,4,20251029_115310
1761735134.691224,5094023,1304069888,1304.069888,102,197,151,4,20251029_115310
1761735134.701464,5094063,1304080128,1304.080128,104,198,146,4,20251029_115310
1761735134.711448,5094102,1304090112,1304.090112,107,197,142,4,20251029_115310
1761735134.721432,5094141,1304100096,1304.100096,109,198,138,4,20251029_115310
1761735134.731416,5094180,1304110080,1304.11008,111,198,135,4,20251029_115310
1761735134.7414,5094219,1304120064,1304.120064,113,198,132,4,20251029_115310
1761735134.751384,5094258,1304130048,1304.130048,116,198,130,4,20251029_115310
1761735134.761368,5094297,1304140032,1304.140032,118,198,128,4,20251029_115310
1761735134.771352,5094336,1304150016,1304.150016,120,198,127,4,20251029_115310
1761735134.781336,5094375,1304160000,1304.16,122,197,127,4,20251029_115310
1761735134.79132,5094414,1304169984,1304.169984,125,198,127,4,20251029_115310
1761735134.801304,5094453,1304179968,1304.179968,127,198,127,4,20251029_115310
1761735134.811288,5094492,1304189952,1304.189952,129,198,127,4,20251029_115310
1761735134.821272,5094531,1304199936,1304.199936,131,198,127,4,20251029_115310
1761735134.831256,5094570,1304209920,1304.20992,133,197,127,4,20251029_115310
1761735134.84124,5094609,1304219904,1304.219904,135,198,127,4,20251029_115310
1761735134.85148,5094649,1304230144,1304.230144,137,197,127,4,20251029_115310
1761735134.861464,5094688,1304240128,1304.240128,139,198,128,4,20251029_115310
1761735134.871448,5094727,1304250112,1304.250112,141,198,127,4,20251029_115310
1761735134.881432,5094766,1304260096,1304.260096,143,198,130,4,20251029_115310
1761735134.891416,5094805,1304270080,1304.27008,144,198,130,4,20251029_115310
1761735134.9014,5094844,1304280064,1304.280064,146,198,131,4,20251029_115310
1761735134.911384,5094883,1304290048,1304.290048,148,198,131,4,20251029_115310
1761735134.921368,5094922,1304300032,1304.300032,150,198,134,4,20251029_115310
1761735134.931352,5094961,1304310016,1304.310016,152,198,135,4,20251029_115310
1761735134.941336,5095000,1304320000,1304.32,154,198,138,4,20251029_115310
1761735134.95132,5095039,1304329984,1304.329984,156,198,140,4,20251029_115310
1761735134.961304,5095078,1304339968,1304.339968,158,198,145,4,20251029_115310
1761735134.971288,5095117,1304349952,1304.349952,161,198,149,4,20251029_115310
1761735134.981272,5095156,1304359936,1304.359936,163,198,152,4,20251029_115310
1761735134.991512,5095196,1304370176,1304.370176,166,198,155,4,20251029_115310
1761735135.001496,5095235,1304380160,1304.38016,168,198,157,4,20251029_115310
1761735135.01148,5095274,1304390144,1304.390144,171,198,161,4,20251029_115310
1761735135.021464,5095313,1304400128,1304.400128,174,198,164,4,20251029_115310
1761735135.031448,5095352,1304410112,1304.410112,177,198,168,4,20251029_115310
1761735135.041432,5095391,1304420096,1304.420096,180,197,168,4,20251029_115310
1761735135.051416,5095430,1304430080,1304.43008,183,198,172,4,20251029_115310
1761735135.0614,5095469,1304440064,1304.440064,186,198,173,4,20251029_115310
1761735135.071384,5095508,1304450048,1304.450048,190,198,173,4,20251029_115310
1761735135.081368,5095547,1304460032,1304.460032,193,198,174,4,20251029_115310
1761735135.091352,5095586,1304470016,1304.470016,196,198,174,4,20251029_115310
1761735135.101336,5095625,1304480000,1304.48,199,197,173,4,20251029_115310
1761735135.11132,5095664,1304489984,1304.489984,202,198,174,4,20251029_115310
1761735135.121304,5095703,1304499968,1304.499968,205,198,174,4,20251029_115310
1761735135.131288,5095742,1304509952,1304.509952,208,197,175,4,20251029_115310
1761735135.141528,5095782,1304520192,1304.520192,211,198,176,4,20251029_115310
1761735135.151512,5095821,1304530176,1304.530176,214,198,176,4,20251029_115310
1761735135.161496,5095860,1304540160,1304.54016,217,198,175,4,20251029_115310
1761735135.17148,5095899,1304550144,1304.550144,220,199,176,4,20251029_115310
1761735135.181464,5095938,1304560128,1304.560128,223,199,176,4,20251029_115310
1761735135.191448,5095977,1304570112,1304.570112,226,199,176,4,20251029_115310
1761735135.201432,5096016,1304580096,1304.580096,228,198,175,4,20251029_115310
1761735135.211416,5096055,1304590080,1304.59008,231,199,176,4,20251029_115310
1761735135.2214,5096094,1304600064,1304.600064,233,198,175,4,20251029_115310
1761735135.231384,5096133,1304610048,1304.610048,236,198,177,4,20251029_115310
1761735135.241368,5096172,1304620032,1304.620032,238,199,176,4,20251029_115310
1761735135.251352,5096211,1304630016,1304.630016,241,198,175,4,20251029_115310
1761735135.261336,5096250,1304640000,1304.64,243,199,176,4,20251029_115310
1761735135.27132,5096289,1304649984,1304.649984,245,198,175,4,20251029_115310
1761735135.28156,5096329,1304660224,1304.660224,247,199,176,4,20251029_115310
1761735135.291544,5096368,1304670208,1304.670208,249,199,177,4,20251029_115310
1761735135.301528,5096407,1304680192,1304.680192,252,199,177,4,20251029_115310
1761735135.311512,5096446,1304690176,1304.690176,254,199,177,4,20251029_115310
1761735135.321496,5096485,1304700160,1304.70016,1,199,176,4,20251029_115310
1761735135.33148,5096524,1304710144,1304.710144,2,199,177,4,20251029_115310
1761735135.341464,5096563,1304720128,1304.720128,4,199,177,4,20251029_115310
1761735135.351448,5096602,1304730112,1304.730112,6,199,176,4,20251029_115310
1761735135.361432,5096641,1304740096,1304.740096,8,199,176,4,20251029_115310
1761735135.371416,5096680,1304750080,1304.75008,10,199,177,4,20251029_115310
1761735135.3814,5096719,1304760064,1304.760064,12,199,177,4,20251029_115310
1761735135.391384,5096758,1304770048,1304.770048,13,199,176,4,20251029_115310
1761735135.401368,5096797,1304780032,1304.780032,15,199,177,4,20251029_115310
1761735135.411352,5096836,1304790016,1304.790016,17,199,176,4,20251029_115310
1761735135.421336,5096875,1304800000,1304.8,18,199,176,4,20251029_115310
1761735135.431576,5096915,1304810240,1304.81024,20,199,176,4,20251029_115310
1761735135.44156,5096954,1304820224,1304.820224,21,199,176,4,20251029_115310
1761735135.451544,5096993,1304830208,1304.830208,23,199,176,4,20251029_115310
1761735135.461528,5097032,1304840192,1304.840192,24,199,175,4,20251029_115310
1761735135.471512,5097071,1304850176,1304.850176,26,199,178,4,20251029_115310
1761735135.481496,5097110,1304860160,1304.86016,27,199,176,4,20251029_115310
1761735135.49148,5097149,1304870144,1304.870144,29,199,175,4,20251029_115310
1761735135.501464,5097188,1304880128,1304.880128,30,199,175,4,20251029_115310
1761735135.511448,5097227,1304890112,1304.890112,32,199,174,4,20251029_115310
1761735135.521432,5097266,1304900096,1304.900096,33,199,175,4,20251029_115310
1761735135.531416,5097305,1304910080,1304.91008,35,199,172,4,20251029_115310
1761735135.5414,5097344,1304920064,1304.920064,36,199,170,4,20251029_115310
1761735135.551384,5097383,1304930048,1304.930048,38,199,170,4,20251029_115310
1761735135.561368,5097422,1304940032,1304.940032,39,199,168,4,20251029_115310
1761735135.571352,5097461,1304950016,1304.950016,41,199,162,4,20251029_115310
1761735135.581592,5097501,1304960256,1304.960256,43,198,153,4,20251029_115310
1761735135.591576,5097540,1304970240,1304.97024,46,199,146,4,20251029_115310
1761735135.60156,5097579,1304980224,1304.980224,49,199,141,4,20251029_115310
1761735135.611544,5097618,1304990208,1304.990208,52,198,136,4,20251029_115310
1761735135.621528,5097657,1305000192,1305.000192,55,199,132,4,20251029_115310
1761735135.631512,5097696,1305010176,1305.010176,58,198,129,4,20251029_115310
1761735135.641496,5097735,1305020160,1305.02016,62,198,127,4,20251029_115310
1761735135.65148,5097774,1305030144,1305.030144,65,199,124,4,20251029_115310
1761735135.661464,5097813,1305040128,1305.040128,68,198,119,4,20251029_115310
1761735135.671448,5097852,1305050112,1305.050112,71,199,116,4,20251029_115310
1761735135.681432,5097891,1305060096,1305.060096,75,198,116,4,20251029_115310
1761735135.691416,5097930,1305070080,1305.07008,78,198,116,4,20251029_115310
1761735135.701656,5097970,1305080320,1305.08032,81,198,114,4,20251029_115310
1761735135.71164,5098009,1305090304,1305.090304,84,198,114,4,20251029_115310
1761735135.721624,5098048,1305100288,1305.100288,87,197,115,4,20251029_115310
1761735135.731608,5098087,1305110272,1305.110272,90,198,115,4,20251029_115310
1761735135.741592,5098126,1305120256,1305.120256,92,199,115,4,20251029_115310
1761735135.751576,5098165,1305130240,1305.13024,95,198,114,4,20251029_115310
1761735135.76156,5098204,1305140224,1305.140224,98,198,115,4,20251029_115310
1761735135.771544,5098243,1305150208,1305.150208,101,198,115,4,20251029_115310
1761735135.781528,5098282,1305160192,1305.160192,103,197,114,4,20251029_115310
1761735135.791512,5098321,1305170176,1305.170176,106,197,113,4,20251029_115310
1761735135.801496,5098360,1305180160,1305.18016,108,198,115,4,20251029_115310
1761735135.81148,5098399,1305190144,1305.190144,111,197,115,4,20251029_115310
1761735135.821464,5098438,1305200128,1305.200128,113,198,115,4,20251029_115310
1761735135.831448,5098477,1305210112,1305.210112,115,198,115,4,20251029_115310
1761735135.841688,5098517,1305220352,1305.220352,118,197,114,4,20251029_115310
1761735135.851672,5098556,1305230336,1305.230336,120,198,115,4,20251029_115310
1761735135.861656,5098595,1305240320,1305.24032,122,197,115,4,20251029_115310
1761735135.87164,5098634,1305250304,1305.250304,124,198,116,4,20251029_115310
1761735135.881624,5098673,1305260288,1305.260288,126,198,118,4,20251029_115310
1761735135.891608,5098712,1305270272,1305.270272,128,198,117,4,20251029_115310
1761735135.901592,5098751,1305280256,1305.280256,130,198,118,4,20251029_115310
1761735135.911576,5098790,1305290240,1305.29024,132,197,118,4,20251029_115310
1761735135.92156,5098829,1305300224,1305.300224,134,198,120,4,20251029_115310
1761735135.931544,5098868,1305310208,1305.310208,136,198,122,4,20251029_115310
1761735135.941528,5098907,1305320192,1305.320192,137,198,123,4,20251029_115310
1761735135.951512,5098946,1305330176,1305.330176,139,198,126,4,20251029_115310
1761735135.961496,5098985,1305340160,1305.34016,141,197,127,4,20251029_115310
1761735135.97148,5099024,1305350144,1305.350144,143,198,130,4,20251029_115310
1761735135.981464,5099063,1305360128,1305.360128,145,198,133,4,20251029_115310
1761735135.991704,5099103,1305370368,1305.370368,147,198,141,4,20251029_115310
1761735136.001688,5099142,1305380352,1305.380352,149,198,145,4,20251029_115310
1761735136.011672,5099181,1305390336,1305.390336,152,198,149,4,20251029_115310
1761735136.021656,5099220,1305400320,1305.40032,154,198,155,4,20251029_115310
1761735136.03164,5099259,1305410304,1305.410304,157,198,159,4,20251029_115310
1761735136.041624,5099298,1305420288,1305.420288,160,198,163,4,20251029_115310
1761735136.051608,5099337,1305430272,1305.430272,162,200,168,4,20251029_115310
1761735136.061592,5099376,1305440256,1305.440256,166,198,171,4,20251029_115310
1761735136.071576,5099415,1305450240,1305.45024,169,198,170,4,20251029_115310
1761735136.08156,5099454,1305460224,1305.460224,172,198,171,4,20251029_115310
1761735136.091544,5099493,1305470208,1305.470208,175,198,171,4,20251029_115310
1761735136.101528,5099532,1305480192,1305.480192,178,198,173,4,20251029_115310
1761735136.111512,5099571,1305490176,1305.490176,181,197,172,4,20251029_115310
1761735136.121496,5099610,1305500160,1305.50016,184,198,173,4,20251029_115310
1761735136.131736,5099650,1305510400,1305.5104,188,198,174,4,20251029_115310
1761735136.14172,5099689,1305520384,1305.520384,191,198,173,4,20251029_115310
1761735136.151704,5099728,1305530368,1305.530368,194,197,174,4,20251029_115310
1761735136.161688,5099767,1305540352,1305.540352,197,198,174,4,20251029_115310
1761735136.171672,5099806,1305550336,1305.550336,200,198,174,4,20251029_115310
1761735136.181656,5099845,1305560320,1305.56032,203,198,175,4,20251029_115310
1761735136.19164,5099884,1305570304,1305.570304,206,198,174,4,20251029_115310
1761735136.201624,5099923,1305580288,1305.580288,209,197,175,4,20251029_115310
1761735136.211608,5099962,1305590272,1305.590272,212,198,175,4,20251029_115310
1761735136.221592,5100001,1305600256,1305.600256,215,198,175,4,20251029_115310
1761735136.231576,5100040,1305610240,1305.61024,218,198,174,4,20251029_115310
1761735136.24156,5100079,1305620224,1305.620224,221,199,174,4,20251029_115310
1761735136.251544,5100118,1305630208,1305.630208,224,198,175,4,20251029_115310
1761735136.261528,5100157,1305640192,1305.640192,226,198,174,4,20251029_115310
1761735136.271512,5100196,1305650176,1305.650176,229,199,176,4,20251029_115310
1761735136.281752,5100236,1305660416,1305.660416,232,199,174,4,20251029_115310
1761735136.291736,5100275,1305670400,1305.6704,234,198,175,4,20251029_115310
1761735136.30172,5100314,1305680384,1305.680384,236,199,175,4,20251029_115310
1761735136.311704,5100353,1305690368,1305.690368,239,198,175,4,20251029_115310
1761735136.321688,5100392,1305700352,1305.700352,241,199,175,4,20251029_115310
1761735136.331672,5100431,1305710336,1305.710336,243,199,175,4,20251029_115310
1761735136.341656,5100470,1305720320,1305.72032,246,199,176,4,20251029_115310
1761735136.35164,5100509,1305730304,1305.730304,248,199,176,4,20251029_115310
1761735136.361624,5100548,1305740288,1305.740288,250,199,176,4,20251029_115310
1761735136.371608,5100587,1305750272,1305.750272,252,199,176,4,20251029_115310
1761735136.381592,5100626,1305760256,1305.760256,254,199,175,4,20251029_115310
1761735136.391576,5100665,1305770240,1305.77024,1,199,175,4,20251029_115310
1761735136.40156,5100704,1305780224,1305.780224,3,199,174,4,20251029_115310
1761735136.411544,5100743,1305790208,1305.790208,5,199,175,4,20251029_115310
1761735136.421784,5100783,1305800448,1305.800448,7,199,175,4,20251029_115310
1761735136.431768,5100822,1305810432,1305.810432,9,199,174,4,20251029_115310
1761735136.441752,5100861,1305820416,1305.820416,10,199,174,4,20251029_115310
1761735136.451736,5100900,1305830400,1305.8304,12,199,174,4,20251029_115310
1761735136.46172,5100939,1305840384,1305.840384,14,199,173,4,20251029_115310
1761735136.471704,5100978,1305850368,1305.850368,16,199,173,4,20251029_115310
1761735136.481688,5101017,1305860352,1305.860352,17,199,172,4,20251029_115310
1761735136.491672,5101056,1305870336,1305.870336,19,199,171,4,20251029_115310
1761735136.501656,5101095,1305880320,1305.88032,21,200,171,4,20251029_115310
1761735136.51164,5101134,1305890304,1305.890304,22,199,171,4,20251029_115310
1761735136.521624,5101173,1305900288,1305.900288,24,199,170,4,20251029_115310
1761735136.531608,5101212,1305910272,1305.910272,26,199,168,4,20251029_115310
1761735136.541592,5101251,1305920256,1305.920256,27,199,167,4,20251029_115310
1761735136.551576,5101290,1305930240,1305.93024,29,199,167,4,20251029_115310
1761735136.56156,5101329,1305940224,1305.940224,31,199,166,4,20251029_115310
1761735136.5718,5101369,1305950464,1305.950464,32,199,164,4,20251029_115310
1761735136.581784,5101408,1305960448,1305.960448,34,200,164,4,20251029_115310
1761735136.591768,5101447,1305970432,1305.970432,36,199,164,4,20251029_115310
1761735136.601752,5101486,1305980416,1305.980416,38,199,161,4,20251029_115310
1761735136.611736,5101525,1305990400,1305.9904,39,199,159,4,20251029_115310
1761735136.62172,5101564,1306000384,1306.000384,41,199,153,4,20251029_115310
1761735136.631704,5101603,1306010368,1306.010368,44,199,151,4,20251029_115310
1761735136.641688,5101642,1306020352,1306.020352,46,199,149,4,20251029_115310
1761735136.651672,5101681,1306030336,1306.030336,48,199,150,4,20251029_115310
1761735136.661656,5101720,1306040320,1306.04032,50,199,148,4,20251029_115310
1761735136.67164,5101759,1306050304,1306.050304,52,199,148,4,20251029_115310
1761735136.681624,5101798,1306060288,1306.060288,55,199,146,4,20251029_115310
1761735136.691608,5101837,1306070272,1306.070272,57,198,145,4,20251029_115310
1761735136.701592,5101876,1306080256,1306.080256,59,198,144,4,20251029_115310
1761735136.711832,5101916,1306090496,1306.090496,62,198,143,4,20251029_115310
1761735136.721816,5101955,1306100480,1306.10048,64,199,142,4,20251029_115310
1761735136.7318,5101994,1306110464,1306.110464,66,198,143,4,20251029_115310
1761735136.741784,5102033,1306120448,1306.120448,69,198,141,4,20251029_115310
1761735136.751768,5102072,1306130432,1306.130432,71,198,140,4,20251029_115310
1761735136.761752,5102111,1306140416,1306.140416,74,198,140,4,20251029_115310
1761735136.771736,5102150,1306150400,1306.1504,76,198,141,4,20251029_115310
1761735136.78172,5102189,1306160384,1306.160384,79,198,139,4,20251029_115310
1761735136.791704,5102228,1306170368,1306.170368,81,198,140,4,20251029_115310
1761735136.801688,5102267,1306180352,1306.180352,84,198,138,4,20251029_115310
1761735136.811672,5102306,1306190336,1306.190336,86,198,139,4,20251029_115310
1761735136.821656,5102345,1306200320,1306.20032,89,198,139,4,20251029_115310
1761735136.83164,5102384,1306210304,1306.210304,91,198,140,4,20251029_115310
1761735136.841624,5102423,1306220288,1306.220288,93,198,140,4,20251029_115310
1761735136.851864,5102463,1306230528,1306.230528,96,198,141,4,20251029_115310
1761735136.861848,5102502,1306240512,1306.240512,98,198,141,4,20251029_115310
1761735136.871832,5102541,1306250496,1306.250496,100,198,143,4,20251029_115310
1761735136.881816,5102580,1306260480,1306.26048,103,198,142,4,20251029_115310
1761735136.8918,5102619,1306270464,1306.270464,105,199,145,4,20251029_115310
1761735136.901784,5102658,1306280448,1306.280448,107,198,146,4,20251029_115310
1761735136.911768,5102697,1306290432,1306.290432,110,197,147,4,20251029_115310
1761735136.921752,5102736,1306300416,1306.300416,112,197,149,4,20251029_115310
1761735136.931736,5102775,1306310400,1306.3104,114,198,150,4,20251029_115310
1761735136.94172,5102814,1306320384,1306.320384,117,198,153,4,20251029_115310
1761735136.951704,5102853,1306330368,1306.330368,119,198,155,4,20251029_115310
1761735136.961688,5102892,1306340352,1306.340352,121,198,155,4,20251029_115310
1761735136.971672,5102931,1306350336,1306.350336,124,198,156,4,20251029_115310
1761735136.981656,5102970,1306360320,1306.36032,126,198,157,4,20251029_115310
1761735136.99164,5103009,1306370304,1306.370304,128,198,158,4,20251029_115310
1761735137.00188,5103049,1306380544,1306.380544,131,198,159,4,20251029_115310
1761735137.011864,5103088,1306390528,1306.390528,133,198,158,4,20251029_115310
1761735137.021848,5103127,1306400512,1306.400512,136,198,161,4,20251029_115310
1761735137.031832,5103166,1306410496,1306.410496,138,198,162,4,20251029_115310
1761735137.041816,5103205,1306420480,1306.42048,141,198,163,4,20251029_115310
1761735137.0518,5103244,1306430464,1306.430464,144,198,164,4,20251029_115310
1761735137.061784,5103283,1306440448,1306.440448,146,198,163,4,20251029_115310
1761735137.071768,5103322,1306450432,1306.450432,149,198,165,4,20251029_115310
1761735137.081752,5103361,1306460416,1306.460416,152,198,165,4,20251029_115310
1761735137.091736,5103400,1306470400,1306.4704,155,198,166,4,20251029_115310
1761735137.10172,5103439,1306480384,1306.480384,158,198,166,4,20251029_115310
1761735137.111704,5103478,1306490368,1306.490368,161,198,166,4,20251029_115310
1761735137.121688,5103517,1306500352,1306.500352,164,198,168,4,20251029_115310
1761735137.131672,5103556,1306510336,1306.510336,167,198,169,4,20251029_115310
1761735137.141912,5103596,1306520576,1306.520576,170,198,171,4,20251029_115310
1761735137.151896,5103635,1306530560,1306.53056,173,197,171,4,20251029_115310
1761735137.16188,5103674,1306540544,1306.540544,176,198,173,4,20251029_115310
1761735137.171864,5103713,1306550528,1306.550528,179,198,174,4,20251029_115310
1761735137.181848,5103752,1306560512,1306.560512,182,197,173,4,20251029_115310
1761735137.191832,5103791,1306570496,1306.570496,186,199,176,4,20251029_115310
1761735137.201816,5103830,1306580480,1306.58048,189,198,175,4,20251029_115310
1761735137.2118,5103869,1306590464,1306.590464,192,198,175,4,20251029_115310
1761735137.221784,5103908,1306600448,1306.600448,195,198,175,4,20251029_115310
1761735137.231768,5103947,1306610432,1306.610432,199,198,175,4,20251029_115310
1761735137.241752,5103986,1306620416,1306.620416,202,198,175,4,20251029_115310
1761735137.251736,5104025,1306630400,1306.6304,205,198,176,4,20251029_115310
1761735137.26172,5104064,1306640384,1306.640384,208,198,176,4,20251029_115310
1761735137.271704,5104103,1306650368,1306.650368,211,198,176,4,20251029_115310
1761735137.281944,5104143,1306660608,1306.660608,214,198,175,4,20251029_115310
1761735137.291928,5104182,1306670592,1306.670592,217,199,176,4,20251029_115310
1761735137.301912,5104221,1306680576,1306.680576,220,199,176,4,20251029_115310
1761735137.311896,5104260,1306690560,1306.69056,222,198,176,4,20251029_115310
1761735137.32188,5104299,1306700544,1306.700544,225,199,177,4,20251029_115310
1761735137.331864,5104338,1306710528,1306.710528,228,198,176,4,20251029_115310
1761735137.341848,5104377,1306720512,1306.720512,230,199,177,4,20251029_115310
1761735137.351832,5104416,1306730496,1306.730496,233,198,176,4,20251029_115310
1761735137.361816,5104455,1306740480,1306.74048,235,199,176,4,20251029_115310
1761735137.3718,5104494,1306750464,1306.750464,238,198,176,4,20251029_115310
1761735137.381784,5104533,1306760448,1306.760448,240,199,177,4,20251029_115310
1761735137.391768,5104572,1306770432,1306.770432,242,199,176,4,20251029_115310
1761735137.401752,5104611,1306780416,1306.780416,245,199,179,4,20251029_115310
1761735137.411736,5104650,1306790400,1306.7904,247,199,176,4,20251029_115310
1761735137.421976,5104690,1306800640,1306.80064,249,199,176,4,20251029_115310
1761735137.43196,5104729,1306810624,1306.810624,251,199,178,4,20251029_115310
1761735137.441944,5104768,1306820608,1306.820608,253,199,177,4,20251029_115310
1761735137.451928,5104807,1306830592,1306.830592,0,199,176,4,20251029_115310
1761735137.461912,5104846,1306840576,1306.840576,2,199,177,4,20251029_115310
1761735137.471896,5104885,1306850560,1306.85056,4,199,178,4,20251029_115310
1761735137.48188,5104924,1306860544,1306.860544,6,199,176,4,20251029_115310
1761735137.491864,5104963,1306870528,1306.870528,8,199,176,4,20251029_115310
1761735137.501848,5105002,1306880512,1306.880512,9,199,176,4,20251029_115310
1761735137.511832,5105041,1306890496,1306.890496,11,199,176,4,20251029_115310
1761735137.521816,5105080,1306900480,1306.90048,13,200,177,4,20251029_115310
1761735137.5318,5105119,1306910464,1306.910464,15,199,178,4,20251029_115310
1761735137.541784,5105158,1306920448,1306.920448,16,200,178,4,20251029_115310
1761735137.551768,5105197,1306930432,1306.930432,18,198,177,4,20251029_115310
1761735137.561752,5105236,1306940416,1306.940416,19,199,177,4,20251029_115310
1761735137.571992,5105276,1306950656,1306.950656,21,199,177,4,20251029_115310
1761735137.581976,5105315,1306960640,1306.96064,22,199,178,4,20251029_115310
1761735137.59196,5105354,1306970624,1306.970624,24,199,177,4,20251029_115310
1761735137.601944,5105393,1306980608,1306.980608,25,199,176,4,20251029_115310
1761735137.611928,5105432,1306990592,1306.990592,27,199,177,4,20251029_115310
1761735137.621912,5105471,1307000576,1307.000576,28,199,178,4,20251029_115310
1761735137.631896,5105510,1307010560,1307.01056,30,199,177,4,20251029_115310
1761735137.64188,5105549,1307020544,1307.020544,31,199,178,4,20251029_115310
1761735137.651864,5105588,1307030528,1307.030528,32,199,177,4,20251029_115310
1761735137.661848,5105627,1307040512,1307.040512,34,199,177,4,20251029_115310
1761735137.671832,5105666,1307050496,1307.050496,35,199,178,4,20251029_115310
1761735137.681816,5105705,1307060480,1307.06048,37,199,177,4,20251029_115310
1761735137.6918,5105744,1307070464,1307.070464,38,199,178,4,20251029_115310
1761735137.701784,5105783,1307080448,1307.080448,39,199,177,4,20251029_115310
1761735137.712024,5105823,1307090688,1307.090688,41,199,178,4,20251029_115310
1761735137.722008,5105862,1307100672,1307.100672,42,199,176,4,20251029_115310
1761735137.731992,5105901,1307110656,1307.110656,43,199,178,4,20251029_115310
1761735137.741976,5105940,1307120640,1307.12064,44,199,176,4,20251029_115310
1761735137.75196,5105979,1307130624,1307.130624,46,199,177,4,20251029_115310
1761735137.761944,5106018,1307140608,1307.140608,47,199,178,4,20251029_115310
1761735137.771928,5106057,1307150592,1307.150592,48,199,177,4,20251029_115310
1761735137.781912,5106096,1307160576,1307.160576,50,199,177,4,20251029_115310
1761735137.791896,5106135,1307170560,1307.17056,51,199,176,4,20251029_115310
1761735137.80188,5106174,1307180544,1307.180544,52,199,177,4,20251029_115310
1761735137.811864,5106213,1307190528,1307.190528,54,199,177,4,20251029_115310
1761735137.821848,5106252,1307200512,1307.200512,55,199,176,4,20251029_115310
1761735137.831832,5106291,1307210496,1307.210496,56,199,176,4,20251029_115310
1761735137.841816,5106330,1307220480,1307.22048,58,198,174,4,20251029_115310
1761735137.8518,5106369,1307230464,1307.230464,59,199,174,4,20251029_115310
1761735137.86204,5106409,1307240704,1307.240704,61,198,172,4,20251029_115310
1761735137.872024,5106448,1307250688,1307.250688,62,199,172,4,20251029_115310
1761735137.882008,5106487,1307260672,1307.260672,64,199,170,4,20251029_115310
1761735137.891992,5106526,1307270656,1307.270656,66,198,165,4,20251029_115310
1761735137.901976,5106565,1307280640,1307.28064,68,199,159,4,20251029_115310
1761735137.91196,5106604,1307290624,1307.290624,70,199,153,4,20251029_115310
1761735137.921944,5106643,1307300608,1307.300608,73,198,147,4,20251029_115310
1761735137.931928,5106682,1307310592,1307.310592,76,199,140,4,20251029_115310
1761735137.941912,5106721,1307320576,1307.320576,79,198,135,4,20251029_115310
1761735137.951896,5106760,1307330560,1307.33056,82,199,131,4,20251029_115310
1761735137.96188,5106799,1307340544,1307.340544,85,198,127,4,20251029_115310
1761735137.971864,5106838,1307350528,1307.350528,88,200,124,4,20251029_115310
1761735137.981848,5106877,1307360512,1307.360512,91,198,121,4,20251029_115310
1761735137.991832,5106916,1307370496,1307.370496,94,198,117,4,20251029_115310
1761735138.002072,5106956,1307380736,1307.380736,97,197,115,4,20251029_115310
1761735138.012056,5106995,1307390720,1307.39072,99,198,116,4,20251029_115310
1761735138.02204,5107034,1307400704,1307.400704,102,197,114,4,20251029_115310
1761735138.032024,5107073,1307410688,1307.410688,105,198,115,4,20251029_115310
1761735138.042008,5107112,1307420672,1307.420672,107,197,114,4,20251029_115310
1761735138.051992,5107151,1307430656,1307.430656,110,197,115,4,20251029_115310
1761735138.061976,5107190,1307440640,1307.44064,112,197,115,4,20251029_115310
1761735138.07196,5107229,1307450624,1307.450624,114,197,114,4,20251029_115310
1761735138.081944,5107268,1307460608,1307.460608,116,197,114,4,20251029_115310
1761735138.091928,5107307,1307470592,1307.470592,119,198,115,4,20251029_115310
1761735138.101912,5107346,1307480576,1307.480576,121,197,115,4,20251029_115310
1761735138.111896,5107385,1307490560,1307.49056,123,198,115,4,20251029_115310
1761735138.12188,5107424,1307500544,1307.500544,125,197,115,4,20251029_115310
1761735138.131864,5107463,1307510528,1307.510528,127,198,116,4,20251029_115310
1761735138.141848,5107502,1307520512,1307.520512,129,197,115,4,20251029_115310
1761735138.152088,5107542,1307530752,1307.530752,131,198,116,4,20251029_115310
1761735138.162072,5107581,1307540736,1307.540736,133,198,117,4,20251029_115310
1761735138.172056,5107620,1307550720,1307.55072,135,198,117,4,20251029_115310
1761735138.18204,5107659,1307560704,1307.560704,136,198,118,4,20251029_115310
1761735138.192024,5107698,1307570688,1307.570688,138,197,118,4,20251029_115310
1761735138.202008,5107737,1307580672,1307.580672,140,198,119,4,20251029_115310
1761735138.211992,5107776,1307590656,1307.590656,142,198,118,4,20251029_115310
1761735138.221976,5107815,1307600640,1307.60064,143,198,121,4,20251029_115310
1761735138.23196,5107854,1307610624,1307.610624,145,198,122,4,20251029_115310
1761735138.241944,5107893,1307620608,1307.620608,147,198,123,4,20251029_115310
1761735138.251928,5107932,1307630592,1307.630592,148,198,123,4,20251029_115310
1761735138.261912,5107971,1307640576,1307.640576,150,197,125,4,20251029_115310
1761735138.271896,5108010,1307650560,1307.65056,152,198,127,4,20251029_115310
1761735138.28188,5108049,1307660544,1307.660544,153,197,127,4,20251029_115310
1761735138.291864,5108088,1307670528,1307.670528,155,198,131,4,20251029_115310
1761735138.302104,5108128,1307680768,1307.680768,157,198,138,4,20251029_115310
1761735138.312088,5108167,1307690752,1307.690752,159,198,144,4,20251029_115310
1761735138.322072,5108206,1307700736,1307.700736,161,198,147,4,20251029_115310
1761735138.332056,5108245,1307710720,1307.71072,164,197,151,4,20251029_115310
1761735138.34204,5108284,1307720704,1307.720704,166,197,156,4,20251029_115310
1761735138.352024,5108323,1307730688,1307.730688,169,198,161,4,20251029_115310
1761735138.362008,5108362,1307740672,1307.740672,172,197,165,4,20251029_115310
1761735138.371992,5108401,1307750656,1307.750656,175,197,170,4,20251029_115310
1761735138.381976,5108440,1307760640,1307.76064,178,198,171,4,20251029_115310
1761735138.39196,5108479,1307770624,1307.770624,181,197,170,4,20251029_115310
1761735138.401944,5108518,1307780608,1307.780608,184,198,171,4,20251029_115310
1761735138.411928,5108557,1307790592,1307.790592,187,198,171,4,20251029_115310
1761735138.421912,5108596,1307800576,1307.800576,190,198,172,4,20251029_115310
1761735138.431896,5108635,1307810560,1307.81056,193,197,172,4,20251029_115310
1761735138.442136,5108675,1307820800,1307.8208,196,198,174,4,20251029_115310
1761735138.45212,5108714,1307830784,1307.830784,199,197,173,4,20251029_115310
1761735138.462104,5108753,1307840768,1307.840768,203,198,174,4,20251029_115310
1761735138.472088,5108792,1307850752,1307.850752,206,197,174,4,20251029_115310
1761735138.482072,5108831,1307860736,1307.860736,209,198,174,4,20251029_115310
1761735138.492056,5108870,1307870720,1307.87072,211,198,174,4,20251029_115310
1761735138.50204,5108909,1307880704,1307.880704,214,199,174,4,20251029_115310
1761735138.512024,5108948,1307890688,1307.890688,217,199,174,4,20251029_115310
1761735138.522008,5108987,1307900672,1307.900672,220,199,175,4,20251029_115310
1761735138.531992,5109026,1307910656,1307.910656,223,199,175,4,20251029_115310
1761735138.541976,5109065,1307920640,1307.92064,225,199,175,4,20251029_115310
1761735138.55196,5109104,1307930624,1307.930624,228,199,175,4,20251029_115310
1761735138.561944,5109143,1307940608,1307.940608,231,199,175,4,20251029_115310
1761735138.571928,5109182,1307950592,1307.950592,233,199,175,4,20251029_115310
1761735138.582168,5109222,1307960832,1307.960832,236,199,176,4,20251029_115310
1761735138.592152,5109261,1307970816,1307.970816,238,199,176,4,20251029_115310
1761735138.602136,5109300,1307980800,1307.9808,240,199,175,4,20251029_115310
1761735138.61212,5109339,1307990784,1307.990784,243,199,176,4,20251029_115310
1761735138.622104,5109378,1308000768,1308.000768,245,199,176,4,20251029_115310
1761735138.632088,5109417,1308010752,1308.010752,247,199,176,4,20251029_115310
1761735138.642072,5109456,1308020736,1308.020736,249,199,175,4,20251029_115310
1761735138.652056,5109495,1308030720,1308.03072,251,199,176,4,20251029_115310
1761735138.66204,5109534,1308040704,1308.040704,253,199,175,4,20251029_115310
1761735138.672024,5109573,1308050688,1308.050688,0,199,177,4,20251029_115310
1761735138.682008,5109612,1308060672,1308.060672,2,199,176,4,20251029_115310
1761735138.691992,5109651,1308070656,1308.070656,4,199,175,4,20251029_115310
1761735138.701976,5109690,1308080640,1308.08064,6,199,176,4,20251029_115310
1761735138.71196,5109729,1308090624,1308.090624,8,199,176,4,20251029_115310
1761735138.721944,5109768,1308100608,1308.100608,10,199,176,4,20251029_115310
1761735138.732184,5109808,1308110848,1308.110848,11,200,175,4,20251029_115310
1761735138.742168,5109847,1308120832,1308.120832,13,199,174,4,20251029_115310
1761735138.752152,5109886,1308130816,1308.130816,15,199,175,4,20251029_115310
1761735138.762136,5109925,1308140800,1308.1408,17,200,175,4,20251029_115310
1761735138.77212,5109964,1308150784,1308.150784,18,200,175,4,20251029_115310
1761735138.782104,5110003,1308160768,1308.160768,20,200,175,4,20251029_115310
1761735138.792088,5110042,1308170752,1308.170752,21,200,175,4,20251029_115310
1761735138.802072,5110081,1308180736,1308.180736,23,199,173,4,20251029_115310
1761735138.812056,5110120,1308190720,1308.19072,25,199,172,4,20251029_115310
1761735138.82204,5110159,1308200704,1308.200704,26,199,173,4,20251029_115310
1761735138.832024,5110198,1308210688,1308.210688,28,199,171,4,20251029_115310
1761735138.842008,5110237,1308220672,1308.220672,29,199,169,4,20251029_115310
1761735138.851992,5110276,1308230656,1308.230656,31,199,169,4,20251029_115310
1761735138.861976,5110315,1308240640,1308.24064,33,199,166,4,20251029_115310
1761735138.872216,5110355,1308250880,1308.25088,35,199,161,4,20251029_115310
1761735138.8822,5110394,1308260864,1308.260864,36,199,157,4,20251029_115310
1761735138.892184,5110433,1308270848,1308.270848,39,199,150,4,20251029_115310
1761735138.902168,5110472,1308280832,1308.280832,41,199,143,4,20251029_115310
1761735138.912152,5110511,1308290816,1308.290816,43,198,139,4,20251029_115310
1761735138.922136,5110550,1308300800,1308.3008,46,199,135,4,20251029_115310
1761735138.93212,5110589,1308310784,1308.310784,49,199,131,4,20251029_115310
1761735138.942104,5110628,1308320768,1308.320768,52,198,127,4,20251029_115310
1761735138.952088,5110667,1308330752,1308.330752,55,198,124,4,20251029_115310
1761735138.962072,5110706,1308340736,1308.340736,58,198,121,4,20251029_115310
1761735138.972056,5110745,1308350720,1308.35072,61,199,119,4,20251029_115310
1761735138.98204,5110784,1308360704,1308.360704,64,199,117,4,20251029_115310
1761735138.992024,5110823,1308370688,1308.370688,68,199,115,4,20251029_115310
1761735139.002008,5110862,1308380672,1308.380672,71,198,114,4,20251029_115310
1761735139.011992,5110901,1308390656,1308.390656,74,198,115,4,20251029_115310
1761735139.022232,5110941,1308400896,1308.400896,77,198,115,4,20251029_115310
1761735139.032216,5110980,1308410880,1308.41088,80,198,115,4,20251029_115310
1761735139.0422,5111019,1308420864,1308.420864,83,198,114,4,20251029_115310
1761735139.052184,5111058,1308430848,1308.430848,86,198,115,4,20251029_115310
1761735139.062168,5111097,1308440832,1308.440832,89,197,114,4,20251029_115310
1761735139.072152,5111136,1308450816,1308.450816,92,197,114,4,20251029_115310
1761735139.082136,5111175,1308460800,1308.4608,95,198,115,4,20251029_115310
1761735139.09212,5111214,1308470784,1308.470784,98,197,115,4,20251029_115310
1761735139.102104,5111253,1308480768,1308.480768,100,197,115,4,20251029_115310
1761735139.112088,5111292,1308490752,1308.490752,103,198,115,4,20251029_115310
1761735139.122072,5111331,1308500736,1308.500736,105,197,116,4,20251029_115310
1761735139.132056,5111370,1308510720,1308.51072,108,197,117,4,20251029_115310
1761735139.14204,5111409,1308520704,1308.520704,110,197,117,4,20251029_115310
1761735139.152024,5111448,1308530688,1308.530688,113,197,117,4,20251029_115310
1761735139.162264,5111488,1308540928,1308.540928,115,197,118,4,20251029_115310
1761735139.172248,5111527,1308550912,1308.550912,117,197,119,4,20251029_115310
1761735139.182232,5111566,1308560896,1308.560896,119,197,120,4,20251029_115310
1761735139.192216,5111605,1308570880,1308.57088,122,197,121,4,20251029_115310
1761735139.2022,5111644,1308580864,1308.580864,124,198,124,4,20251029_115310
1761735139.212184,5111683,1308590848,1308.590848,126,198,126,4,20251029_115310
1761735139.222168,5111722,1308600832,1308.600832,128,198,127,4,20251029_115310
1761735139.232152,5111761,1308610816,1308.610816,130,198,131,4,20251029_115310
1761735139.242136,5111800,1308620800,1308.6208,132,198,137,4,20251029_115310
1761735139.25212,5111839,1308630784,1308.630784,134,198,143,4,20251029_115310
1761735139.262104,5111878,1308640768,1308.640768,137,198,148,4,20251029_115310
1761735139.272088,5111917,1308650752,1308.650752,139,198,152,4,20251029_115310
1761735139.282072,5111956,1308660736,1308.660736,141,198,157,4,20251029_115310
1761735139.292056,5111995,1308670720,1308.67072,144,198,160,4,20251029_115310
1761735139.302296,5112035,1308680960,1308.68096,147,198,163,4,20251029_115310
1761735139.31228,5112074,1308690944,1308.690944,149,198,167,4,20251029_115310
1761735139.322264,5112113,1308700928,1308.700928,152,198,171,4,20251029_115310
1761735139.332248,5112152,1308710912,1308.710912,155,198,171,4,20251029_115310
1761735139.342232,5112191,1308720896,1308.720896,158,198,172,4,20251029_115310
1761735139.352216,5112230,1308730880,1308.73088,161,197,170,4,20251029_115310
1761735139.3622,5112269,1308740864,1308.740864,164,198,172,4,20251029_115310
1761735139.372184,5112308,1308750848,1308.750848,167,198,172,4,20251029_115310
1761735139.382168,5112347,1308760832,1308.760832,171,198,172,4,20251029_115310
1761735139.392152,5112386,1308770816,1308.770816,174,198,173,4,20251029_115310
1761735139.402136,5112425,1308780800,1308.7808,177,198,173,4,20251029_115310
1761735139.41212,5112464,1308790784,1308.790784,180,197,173,4,20251029_115310
1761735139.422104,5112503,1308800768,1308.800768,183,198,174,4,20251029_115310
1761735139.432088,5112542,1308810752,1308.810752,186,198,174,4,20251029_115310
1761735139.442072,5112581,1308820736,1308.820736,190,198,174,4,20251029_115310
1761735139.452312,5112621,1308830976,1308.830976,193,198,173,4,20251029_115310
1761735139.462296,5112660,1308840960,1308.84096,196,198,174,4,20251029_115310
1761735139.47228,5112699,1308850944,1308.850944,199,197,173,4,20251029_115310
1761735139.482264,5112738,1308860928,1308.860928,202,198,174,4,20251029_115310
1761735139.492248,5112777,1308870912,1308.870912,205,197,173,4,20251029_115310
1761735139.502232,5112816,1308880896,1308.880896,208,198,174,4,20251029_115310
1761735139.512216,5112855,1308890880,1308.89088,211,198,175,4,20251029_115310
1761735139.5222,5112894,1308900864,1308.900864,214,199,175,4,20251029_115310
1761735139.532184,5112933,1308910848,1308.910848,217,199,174,4,20251029_115310
1761735139.542168,5112972,1308920832,1308.920832,220,198,174,4,20251029_115310
1761735139.552152,5113011,1308930816,1308.930816,223,198,175,4,20251029_115310
1761735139.562136,5113050,1308940800,1308.9408,225,199,175,4,20251029_115310
1761735139.57212,5113089,1308950784,1308.950784,228,199,175,4,20251029_115310
1761735139.582104,5113128,1308960768,1308.960768,230,198,175,4,20251029_115310
1761735139.592344,5113168,1308971008,1308.971008,233,199,176,4,20251029_115310
1761735139.602328,5113207,1308980992,1308.980992,235,198,174,4,20251029_115310
1761735139.612312,5113246,1308990976,1308.990976,238,199,175,4,20251029_115310
1761735139.622296,5113285,1309000960,1309.00096,240,199,176,4,20251029_115310
1761735139.63228,5113324,1309010944,1309.010944,243,198,174,4,20251029_115310
1761735139.642264,5113363,1309020928,1309.020928,245,199,175,4,20251029_115310
1761735139.652248,5113402,1309030912,1309.030912,247,198,175,4,20251029_115310
1761735139.662232,5113441,1309040896,1309.040896,249,199,175,4,20251029_115310
1761735139.672216,5113480,1309050880,1309.05088,251,199,175,4,20251029_115310
1761735139.6822,5113519,1309060864,1309.060864,253,199,175,4,20251029_115310
1761735139.692184,5113558,1309070848,1309.070848,0,199,175,4,20251029_115310
1761735139.702168,5113597,1309080832,1309.080832,2,199,175,4,20251029_115310
1761735139.712152,5113636,1309090816,1309.090816,4,199,175,4,20251029_115310
1761735139.722136,5113675,1309100800,1309.1008,6,200,175,4,20251029_115310
1761735139.73212,5113714,1309110784,1309.110784,8,200,175,4,20251029_115310
1761735139.74236,5113754,1309121024,1309.121024,10,199,174,4,20251029_115310
1761735139.752344,5113793,1309131008,1309.131008,11,199,174,4,20251029_115310
1761735139.762328,5113832,1309140992,1309.140992,13,199,174,4,20251029_115310
1761735139.772312,5113871,1309150976,1309.150976,15,199,175,4,20251029_115310
1761735139.782296,5113910,1309160960,1309.16096,16,199,175,4,20251029_115310
1761735139.79228,5113949,1309170944,1309.170944,18,199,174,4,20251029_115310
1761735139.802264,5113988,1309180928,1309.180928,20,199,173,4,20251029_115310
1761735139.812248,5114027,1309190912,1309.190912,21,199,173,4,20251029_115310
1761735139.822232,5114066,1309200896,1309.200896,23,199,173,4,20251029_115310
1761735139.832216,5114105,1309210880,1309.21088,24,199,173,4,20251029_115310
1761735139.8422,5114144,1309220864,1309.220864,26,199,173,4,20251029_115310
1761735139.852184,5114183,1309230848,1309.230848,27,199,173,4,20251029_115310
1761735139.862168,5114222,1309240832,1309.240832,29,199,173,4,20251029_115310
1761735139.872152,5114261,1309250816,1309.250816,30,199,174,4,20251029_115310
1761735139.882392,5114301,1309261056,1309.261056,32,199,173,4,20251029_115310
1761735139.892376,5114340,1309271040,1309.27104,33,199,173,4,20251029_115310
1761735139.90236,5114379,1309281024,1309.281024,35,200,174,4,20251029_115310
1761735139.912344,5114418,1309291008,1309.291008,36,199,174,4,20251029_115310
1761735139.922328,5114457,1309300992,1309.300992,38,199,173,4,20251029_115310
1761735139.932312,5114496,1309310976,1309.310976,39,199,173,4,20251029_115310
1761735139.942296,5114535,1309320960,1309.32096,40,199,174,4,20251029_115310
1761735139.95228,5114574,1309330944,1309.330944,42,199,174,4,20251029_115310
1761735139.962264,5114613,1309340928,1309.340928,43,199,173,4,20251029_115310
1761735139.972248,5114652,1309350912,1309.350912,44,199,174,4,20251029_115310
1761735139.982232,5114691,1309360896,1309.360896,46,198,173,4,20251029_115310
1761735139.992216,5114730,1309370880,1309.37088,47,198,174,4,20251029_115310
1761735140.0022,5114769,1309380864,1309.380864,48,199,175,4,20251029_115310
1761735140.012184,5114808,1309390848,1309.390848,50,199,175,4,20251029_115310
1761735140.022168,5114847,1309400832,1309.400832,51,199,174,4,20251029_115310
1761735140.032408,5114887,1309411072,1309.411072,52,199,176,4,20251029_115310
1761735140.042392,5114926,1309421056,1309.421056,53,198,175,4,20251029_115310
1761735140.052376,5114965,1309431040,1309.43104,55,199,174,4,20251029_115310
1761735140.06236,5115004,1309441024,1309.441024,56,198,176,4,20251029_115310
1761735140.072344,5115043,1309451008,1309.451008,57,198,175,4,20251029_115310
1761735140.082328,5115082,1309460992,1309.460992,59,198,176,4,20251029_115310
1761735140.092312,5115121,1309470976,1309.470976,60,199,176,4,20251029_115310
1761735140.102296,5115160,1309480960,1309.48096,61,199,176,4,20251029_115310
1761735140.11228,5115199,1309490944,1309.490944,63,200,178,4,20251029_115310
1761735140.122264,5115238,1309500928,1309.500928,64,199,176,4,20251029_115310
1761735140.132248,5115277,1309510912,1309.510912,65,198,176,4,20251029_115310
1761735140.142232,5115316,1309520896,1309.520896,67,199,175,4,20251029_115310
1761735140.152216,5115355,1309530880,1309.53088,68,199,175,4,20251029_115310
1761735140.1622,5115394,1309540864,1309.540864,69,199,176,4,20251029_115310
1761735140.17244,5115434,1309551104,1309.551104,71,199,176,4,20251029_115310
1761735140.182424,5115473,1309561088,1309.561088,72,198,176,4,20251029_115310
1761735140.192408,5115512,1309571072,1309.571072,74,198,176,4,20251029_115310
1761735140.202392,5115551,1309581056,1309.581056,75,198,175,4,20251029_115310
1761735140.212376,5115590,1309591040,1309.59104,77,198,176,4,20251029_115310
1761735140.22236,5115629,1309601024,1309.601024,78,198,176,4,20251029_115310
1761735140.232344,5115668,1309611008,1309.611008,80,198,175,4,20251029_115310
1761735140.242328,5115707,1309620992,1309.620992,81,198,173,4,20251029_115310
1761735140.252312,5115746,1309630976,1309.630976,83,198,174,4,20251029_115310
1761735140.262296,5115785,1309640960,1309.64096,85,198,172,4,20251029_115310
1761735140.27228,5115824,1309650944,1309.650944,86,198,171,4,20251029_115310
1761735140.282264,5115863,1309660928,1309.660928,88,197,168,4,20251029_115310
1761735140.292248,5115902,1309670912,1309.670912,90,198,166,4,20251029_115310
1761735140.302232,5115941,1309680896,1309.680896,92,197,157,4,20251029_115310
1761735140.312472,5115981,1309691136,1309.691136,94,198,151,4,20251029_115310
1761735140.322456,5116020,1309701120,1309.70112,96,198,145,4,20251029_115310
1761735140.33244,5116059,1309711104,1309.711104,99,197,140,4,20251029_115310
1761735140.342424,5116098,1309721088,1309.721088,101,197,135,4,20251029_115310
1761735140.352408,5116137,1309731072,1309.731072,104,197,132,4,20251029_115310
1761735140.362392,5116176,1309741056,1309.741056,106,198,129,4,20251029_115310
1761735140.372376,5116215,1309751040,1309.75104,108,197,127,4,20251029_115310
1761735140.38236,5116254,1309761024,1309.761024,111,198,126,4,20251029_115310
1761735140.392344,5116293,1309771008,1309.771008,113,198,125,4,20251029_115310
1761735140.402328,5116332,1309780992,1309.780992,115,198,124,4,20251029_115310
1761735140.412312,5116371,1309790976,1309.790976,118,197,121,4,20251029_115310
1761735140.422296,5116410,1309800960,1309.80096,120,197,121,4,20251029_115310
1761735140.43228,5116449,1309810944,1309.810944,122,197,120,4,20251029_115310
1761735140.442264,5116488,1309820928,1309.820928,124,197,119,4,20251029_115310
1761735140.452248,5116527,1309830912,1309.830912,126,197,119,4,20251029_115310
1761735140.462488,5116567,1309841152,1309.841152,128,197,119,4,20251029_115310
1761735140.472472,5116606,1309851136,1309.851136,130,197,120,4,20251029_115310
1761735140.482456,5116645,1309861120,1309.86112,132,197,121,4,20251029_115310
1761735140.49244,5116684,1309871104,1309.871104,134,197,121,4,20251029_115310
1761735140.502424,5116723,1309881088,1309.881088,136,198,122,4,20251029_115310
1761735140.512408,5116762,1309891072,1309.891072,138,197,123,4,20251029_115310
1761735140.522392,5116801,1309901056,1309.901056,139,197,123,4,20251029_115310
1761735140.532376,5116840,1309911040,1309.91104,141,198,124,4,20251029_115310
1761735140.54236,5116879,1309921024,1309.921024,143,197,124,4,20251029_115310
1761735140.552344,5116918,1309931008,1309.931008,145,197,125,4,20251029_115310
1761735140.562328,5116957,1309940992,1309.940992,146,198,126,4,20251029_115310
1761735140.572312,5116996,1309950976,1309.950976,148,197,126,4,20251029_115310
1761735140.582296,5117035,1309960960,1309.96096,150,197,127,4,20251029_115310
1761735140.59228,5117074,1309970944,1309.970944,152,197,127,4,20251029_115310
1761735140.60252,5117114,1309981184,1309.981184,153,198,129,4,20251029_115310
1761735140.612504,5117153,1309991168,1309.991168,155,197,131,4,20251029_115310
1761735140.622488,5117192,1310001152,1310.001152,157,198,135,4,20251029_115310
1761735140.632472,5117231,1310011136,1310.011136,159,198,138,4,20251029_115310
1761735140.642456,5117270,1310021120,1310.02112,161,197,142,4,20251029_115310
1761735140.65244,5117309,1310031104,1310.031104,163,198,146,4,20251029_115310
1761735140.662424,5117348,1310041088,1310.041088,166,198,150,4,20251029_115310
1761735140.672408,5117387,1310051072,1310.051072,168,197,154,4,20251029_115310
1761735140.682392,5117426,1310061056,1310.061056,171,198,158,4,20251029_115310
1761735140.692376,5117465,1310071040,1310.07104,173,198,163,4,20251029_115310
1761735140.70236,5117504,1310081024,1310.081024,176,198,167,4,20251029_115310
1761735140.712344,5117543,1310091008,1310.091008,179,197,169,4,20251029_115310
1761735140.722584,5117583,1310101248,1310.101248,183,198,172,4,20251029_115310
1761735140.732568,5117622,1310111232,1310.111232,186,197,172,4,20251029_115310
1761735140.742552,5117661,1310121216,1310.121216,189,197,172,4,20251029_115310
1761735140.752536,5117700,1310131200,1310.1312,192,197,172,4,20251029_115310
1761735140.76252,5117739,1310141184,1310.141184,195,197,173,4,20251029_115310
1761735140.772504,5117778,1310151168,1310.151168,198,197,174,4,20251029_115310
1761735140.782488,5117817,1310161152,1310.161152,201,198,174,4,20251029_115310
1761735140.792728,5117857,1310171392,1310.171392,205,198,174,4,20251029_115310
1761735140.802712,5117896,1310181376,1310.181376,208,198,174,4,20251029_115310
1761735140.812696,5117935,1310191360,1310.19136,211,198,174,4,20251029_115310
1761735140.82268,5117974,1310201344,1310.201344,214,199,175,4,20251029_115310
1761735140.832664,5118013,1310211328,1310.211328,216,199,175,4,20251029_115310
1761735140.842648,5118052,1310221312,1310.221312,219,198,175,4,20251029_115310
1761735140.852632,5118091,1310231296,1310.231296,222,199,175,4,20251029_115310
1761735140.862616,5118130,1310241280,1310.24128,225,199,175,4,20251029_115310
1761735140.872856,5118170,1310251520,1310.25152,228,198,175,4,20251029_115310
1761735140.88284,5118209,1310261504,1310.261504,230,199,175,4,20251029_115310
1761735140.892824,5118248,1310271488,1310.271488,233,199,175,4,20251029_115310
1761735140.902808,5118287,1310281472,1310.281472,235,199,176,4,20251029_115310
1761735140.912792,5118326,1310291456,1310.291456,238,199,175,4,20251029_115310
1761735140.922776,5118365,1310301440,1310.30144,240,199,176,4,20251029_115310
1761735140.93276,5118404,1310311424,1310.311424,242,199,176,4,20251029_115310
1761735140.943,5118444,1310321664,1310.321664,245,199,175,4,20251029_115310
1761735140.952984,5118483,1310331648,1310.331648,247,200,176,4,20251029_115310
1761735140.962968,5118522,1310341632,1310.341632,249,200,176,4,20251029_115310
1761735140.972952,5118561,1310351616,1310.351616,251,199,176,4,20251029_115310
1761735140.982936,5118600,1310361600,1310.3616,253,199,176,4,20251029_115310
1761735140.99292,5118639,1310371584,1310.371584,0,200,176,4,20251029_115310
1761735141.00316,5118679,1310381824,1310.381824,2,199,176,4,20251029_115310
1761735141.013144,5118718,1310391808,1310.391808,4,199,176,4,20251029_115310
1761735141.023128,5118757,1310401792,1310.401792,6,199,176,4,20251029_115310
1761735141.033112,5118796,1310411776,1310.411776,8,200,176,4,20251029_115310
1761735141.043096,5118835,1310421760,1310.42176,9,199,176,4,20251029_115310
1761735141.05308,5118874,1310431744,1310.431744,11,199,176,4,20251029_115310
1761735141.063064,5118913,1310441728,1310.441728,13,199,175,4,20251029_115310
1761735141.073048,5118952,1310451712,1310.451712,14,199,175,4,20251029_115310
1761735141.083288,5118992,1310461952,1310.461952,16,200,175,4,20251029_115310
1761735141.093272,5119031,1310471936,1310.471936,18,199,175,4,20251029_115310
1761735141.103256,5119070,1310481920,1310.48192,19,200,175,4,20251029_115310
1761735141.11324,5119109,1310491904,1310.491904,21,199,175,4,20251029_115310
1761735141.123224,5119148,1310501888,1310.501888,22,200,175,4,20251029_115310
1761735141.133208,5119187,1310511872,1310.511872,24,199,174,4,20251029_115310
1761735141.143448,5119227,1310522112,1310.522112,26,200,175,4,20251029_115310
1761735141.153432,5119266,1310532096,1310.532096,27,200,172,4,20251029_115310
1761735141.163416,5119305,1310542080,1310.54208,29,199,172,4,20251029_115310
1761735141.1734,5119344,1310552064,1310.552064,30,199,171,4,20251029_115310
1761735141.183384,5119383,1310562048,1310.562048,32,199,170,4,20251029_115310
1761735141.193368,5119422,1310572032,1310.572032,33,199,169,4,20251029_115310
1761735141.203352,5119461,1310582016,1310.582016,35,199,167,4,20251029_115310
1761735141.213336,5119500,1310592000,1310.592,37,199,162,4,20251029_115310
1761735141.22332,5119539,1310601984,1310.601984,39,199,153,4,20251029_115310
1761735141.233304,5119578,1310611968,1310.611968,41,199,145,4,20251029_115310
1761735141.243288,5119617,1310621952,1310.621952,44,199,141,4,20251029_115310
1761735141.253272,5119656,1310631936,1310.631936,47,199,136,4,20251029_115310
1761735141.263512,5119696,1310642176,1310.642176,50,199,133,4,20251029_115310
1761735141.273496,5119735,1310652160,1310.65216,53,199,129,4,20251029_115310
1761735141.28348,5119774,1310662144,1310.662144,56,199,127,4,20251029_115310
1761735141.293464,5119813,1310672128,1310.672128,60,199,125,4,20251029_115310
1761735141.303448,5119852,1310682112,1310.682112,63,198,121,4,20251029_115310
1761735141.313432,5119891,1310692096,1310.692096,66,198,118,4,20251029_115310
1761735141.323416,5119930,1310702080,1310.70208,69,198,115,4,20251029_115310
1761735141.3334,5119969,1310712064,1310.712064,73,199,117,4,20251029_115310
1761735141.343384,5120008,1310722048,1310.722048,76,200,117,4,20251029_115310
1761735141.353368,5120047,1310732032,1310.732032,79,199,114,4,20251029_115310
1761735141.363352,5120086,1310742016,1310.742016,82,198,115,4,20251029_115310
1761735141.373336,5120125,1310752000,1310.752,85,200,117,4,20251029_115310
1761735141.38332,5120164,1310761984,1310.761984,88,198,116,4,20251029_115310
1761735141.393304,5120203,1310771968,1310.771968,91,198,115,4,20251029_115310
1761735141.403288,5120242,1310781952,1310.781952,94,198,116,4,20251029_115310
1761735141.413528,5120282,1310792192,1310.792192,96,197,114,4,20251029_115310
1761735141.423512,5120321,1310802176,1310.802176,99,198,115,4,20251029_115310
1761735141.433496,5120360,1310812160,1310.81216,102,198,115,4,20251029_115310
1761735141.44348,5120399,1310822144,1310.822144,104,197,113,4,20251029_115310
1761735141.453464,5120438,1310832128,1310.832128,107,199,117,4,20251029_115310
1761735141.463448,5120477,1310842112,1310.842112,109,197,116,4,20251029_115310
1761735141.473432,5120516,1310852096,1310.852096,112,197,117,4,20251029_115310
1761735141.483416,5120555,1310862080,1310.86208,114,197,116,4,20251029_115310
1761735141.4934,5120594,1310872064,1310.872064,116,197,116,4,20251029_115310
1761735141.503384,5120633,1310882048,1310.882048,118,198,118,4,20251029_115310
1761735141.513368,5120672,1310892032,1310.892032,121,198,119,4,20251029_115310
1761735141.523352,5120711,1310902016,1310.902016,123,197,118,4,20251029_115310
1761735141.533336,5120750,1310912000,1310.912,125,197,119,4,20251029_115310
1761735141.54332,5120789,1310921984,1310.921984,127,197,119,4,20251029_115310
1761735141.55356,5120829,1310932224,1310.932224,129,198,122,4,20251029_115310
1761735141.563544,5120868,1310942208,1310.942208,131,198,123,4,20251029_115310
1761735141.573528,5120907,1310952192,1310.952192,133,198,124,4,20251029_115310
1761735141.583512,5120946,1310962176,1310.962176,135,198,127,4,20251029_115310
1761735141.593496,5120985,1310972160,1310.97216,137,198,128,4,20251029_115310
1761735141.60348,5121024,1310982144,1310.982144,139,198,132,4,20251029_115310
1761735141.613464,5121063,1310992128,1310.992128,141,198,139,4,20251029_115310
1761735141.623448,5121102,1311002112,1311.002112,143,198,143,4,20251029_115310
1761735141.633432,5121141,1311012096,1311.012096,145,198,148,4,20251029_115310
1761735141.643416,5121180,1311022080,1311.02208,147,198,152,4,20251029_115310
1761735141.6534,5121219,1311032064,1311.032064,150,198,155,4,20251029_115310
1761735141.663384,5121258,1311042048,1311.042048,153,198,159,4,20251029_115310
1761735141.673368,5121297,1311052032,1311.052032,155,198,164,4,20251029_115310
1761735141.683352,5121336,1311062016,1311.062016,158,198,168,4,20251029_115310
1761735141.693336,5121375,1311072000,1311.072,161,197,169,4,20251029_115310
1761735141.703576,5121415,1311082240,1311.08224,164,198,171,4,20251029_115310
1761735141.71356,5121454,1311092224,1311.092224,167,198,171,4,20251029_115310
1761735141.723544,5121493,1311102208,1311.102208,170,198,172,4,20251029_115310
1761735141.733528,5121532,1311112192,1311.112192,174,198,172,4,20251029_115310
1761735141.743512,5121571,1311122176,1311.122176,177,198,173,4,20251029_115310
1761735141.753496,5121610,1311132160,1311.13216,180,198,172,4,20251029_115310
1761735141.76348,5121649,1311142144,1311.142144,183,197,172,4,20251029_115310
1761735141.773464,5121688,1311152128,1311.152128,186,198,173,4,20251029_115310
1761735141.783448,5121727,1311162112,1311.162112,190,197,174,4,20251029_115310
1761735141.793432,5121766,1311172096,1311.172096,193,198,174,4,20251029_115310
1761735141.803416,5121805,1311182080,1311.18208,196,197,174,4,20251029_115310
1761735141.8134,5121844,1311192064,1311.192064,199,198,175,4,20251029_115310
1761735141.823384,5121883,1311202048,1311.202048,202,198,175,4,20251029_115310
1761735141.833368,5121922,1311212032,1311.212032,205,198,174,4,20251029_115310
1761735141.843608,5121962,1311222272,1311.222272,208,198,175,4,20251029_115310
1761735141.853592,5122001,1311232256,1311.232256,211,198,174,4,20251029_115310
1761735141.863576,5122040,1311242240,1311.24224,214,198,175,4,20251029_115310
1761735141.87356,5122079,1311252224,1311.252224,217,198,175,4,20251029_115310
1761735141.883544,5122118,1311262208,1311.262208,220,199,175,4,20251029_115310
1761735141.893528,5122157,1311272192,1311.272192,223,199,175,4,20251029_115310
1761735141.903512,5122196,1311282176,1311.282176,225,199,175,4,20251029_115310
1761735141.913496,5122235,1311292160,1311.29216,228,198,175,4,20251029_115310
1761735141.92348,5122274,1311302144,1311.302144,231,198,175,4,20251029_115310
1761735141.933464,5122313,1311312128,1311.312128,233,199,175,4,20251029_115310
1761735141.943448,5122352,1311322112,1311.322112,236,199,175,4,20251029_115310
1761735141.953432,5122391,1311332096,1311.332096,238,199,175,4,20251029_115310
1761735141.963416,5122430,1311342080,1311.34208,240,199,175,4,20251029_115310
1761735141.9734,5122469,1311352064,1311.352064,243,199,175,4,20251029_115310
1761735141.983384,5122508,1311362048,1311.362048,245,199,175,4,20251029_115310
1761735141.993624,5122548,1311372288,1311.372288,247,199,175,4,20251029_115310
1761735142.003608,5122587,1311382272,1311.382272,249,199,175,4,20251029_115310
1761735142.013592,5122626,1311392256,1311.392256,251,200,174,4,20251029_115310
1761735142.023576,5122665,1311402240,1311.40224,253,199,175,4,20251029_115310
1761735142.03356,5122704,1311412224,1311.412224,0,199,175,4,20251029_115310
1761735142.043544,5122743,1311422208,1311.422208,2,199,175,4,20251029_115310
1761735142.053528,5122782,1311432192,1311.432192,4,200,175,4,20251029_115310
1761735142.063512,5122821,1311442176,1311.442176,6,200,175,4,20251029_115310
1761735142.073496,5122860,1311452160,1311.45216,8,200,174,4,20251029_115310
1761735142.08348,5122899,1311462144,1311.462144,10,199,174,4,20251029_115310
1761735142.093464,5122938,1311472128,1311.472128,11,199,173,4,20251029_115310
1761735142.103448,5122977,1311482112,1311.482112,13,199,173,4,20251029_115310
1761735142.113432,5123016,1311492096,1311.492096,15,199,172,4,20251029_115310
1761735142.123416,5123055,1311502080,1311.50208,17,200,172,4,20251029_115310
1761735142.133656,5123095,1311512320,1311.51232,18,199,171,4,20251029_115310
1761735142.14364,5123134,1311522304,1311.522304,20,199,170,4,20251029_115310
1761735142.153624,5123173,1311532288,1311.532288,22,199,169,4,20251029_115310
1761735142.163608,5123212,1311542272,1311.542272,23,199,170,4,20251029_115310
1761735142.173592,5123251,1311552256,1311.552256,25,199,168,4,20251029_115310
1761735142.183576,5123290,1311562240,1311.56224,27,199,168,4,20251029_115310
1761735142.19356,5123329,1311572224,1311.572224,28,199,168,4,20251029_115310
1761735142.203544,5123368,1311582208,1311.582208,30,199,167,4,20251029_115310
1761735142.213528,5123407,1311592192,1311.592192,32,199,167,4,20251029_115310
1761735142.223512,5123446,1311602176,1311.602176,33,199,166,4,20251029_115310
1761735142.233496,5123485,1311612160,1311.61216,35,199,166,4,20251029_115310
1761735142.24348,5123524,1311622144,1311.622144,37,199,166,4,20251029_115310
1761735142.253464,5123563,1311632128,1311.632128,38,199,166,4,20251029_115310
1761735142.263448,5123602,1311642112,1311.642112,40,199,165,4,20251029_115310
1761735142.273432,5123641,1311652096,1311.652096,42,200,166,4,20251029_115310
1761735142.283672,5123681,1311662336,1311.662336,43,199,165,4,20251029_115310
1761735142.293656,5123720,1311672320,1311.67232,45,199,164,4,20251029_115310
1761735142.30364,5123759,1311682304,1311.682304,47,199,164,4,20251029_115310
1761735142.313624,5123798,1311692288,1311.692288,48,199,164,4,20251029_115310
1761735142.323608,5123837,1311702272,1311.702272,50,199,165,4,20251029_115310
1761735142.333592,5123876,1311712256,1311.712256,52,199,164,4,20251029_115310
1761735142.343576,5123915,1311722240,1311.72224,53,199,165,4,20251029_115310
1761735142.35356,5123954,1311732224,1311.732224,55,199,164,4,20251029_115310
1761735142.363544,5123993,1311742208,1311.742208,57,200,166,4,20251029_115310
1761735142.373528,5124032,1311752192,1311.752192,58,199,165,4,20251029_115310
1761735142.383512,5124071,1311762176,1311.762176,60,199,165,4,20251029_115310
1761735142.393496,5124110,1311772160,1311.77216,62,198,165,4,20251029_115310
1761735142.40348,5124149,1311782144,1311.782144,63,198,164,4,20251029_115310
1761735142.413464,5124188,1311792128,1311.792128,65,199,166,4,20251029_115310
1761735142.423704,5124228,1311802368,1311.802368,67,199,166,4,20251029_115310
1761735142.433688,5124267,1311812352,1311.812352,68,198,166,4,20251029_115310
1761735142.443672,5124306,1311822336,1311.822336,70,199,167,4,20251029_115310
1761735142.453656,5124345,1311832320,1311.83232,72,198,167,4,20251029_115310
1761735142.46364,5124384,1311842304,1311.842304,73,198,166,4,20251029_115310
1761735142.473624,5124423,1311852288,1311.852288,75,199,167,4,20251029_115310
1761735142.483608,5124462,1311862272,1311.862272,77,198,166,4,20251029_115310
1761735142.493592,5124501,1311872256,1311.872256,79,198,167,4,20251029_115310
1761735142.503576,5124540,1311882240,1311.88224,80,199,167,4,20251029_115310
1761735142.51356,5124579,1311892224,1311.892224,82,198,167,4,20251029_115310
1761735142.523544,5124618,1311902208,1311.902208,84,198,168,4,20251029_115310
1761735142.533528,5124657,1311912192,1311.912192,86,198,168,4,20251029_115310
1761735142.543512,5124696,1311922176,1311.922176,88,198,167,4,20251029_115310
1761735142.553496,5124735,1311932160,1311.93216,89,198,168,4,20251029_115310
1761735142.56348,5124774,1311942144,1311.942144,91,198,167,4,20251029_115310
1761735142.57372,5124814,1311952384,1311.952384,93,197,167,4,20251029_115310
1761735142.583704,5124853,1311962368,1311.962368,95,197,167,4,20251029_115310
1761735142.593688,5124892,1311972352,1311.972352,97,198,166,4,20251029_115310
1761735142.603672,5124931,1311982336,1311.982336,99,198,167,4,20251029_115310
1761735142.613656,5124970,1311992320,1311.99232,101,198,165,4,20251029_115310
1761735142.62364,5125009,1312002304,1312.002304,103,197,165,4,20251029_115310
1761735142.633624,5125048,1312012288,1312.012288,106,197,165,4,20251029_115310
1761735142.643608,5125087,1312022272,1312.022272,108,198,164,4,20251029_115310
1761735142.653592,5125126,1312032256,1312.032256,110,198,162,4,20251029_115310
1761735142.663576,5125165,1312042240,1312.04224,112,197,159,4,20251029_115310
1761735142.67356,5125204,1312052224,1312.052224,114,198,157,4,20251029_115310
1761735142.683544,5125243,1312062208,1312.062208,117,198,154,4,20251029_115310
1761735142.693528,5125282,1312072192,1312.072192,119,197,152,4,20251029_115310
1761735142.703512,5125321,1312082176,1312.082176,121,198,149,4,20251029_115310
1761735142.713752,5125361,1312092416,1312.092416,124,198,148,4,20251029_115310
1761735142.723736,5125400,1312102400,1312.1024,126,197,145,4,20251029_115310
1761735142.73372,5125439,1312112384,1312.112384,128,198,146,4,20251029_115310
1761735142.743704,5125478,1312122368,1312.122368,131,197,143,4,20251029_115310
1761735142.753688,5125517,1312132352,1312.132352,133,198,145,4,20251029_115310
1761735142.763672,5125556,1312142336,1312.142336,135,197,147,4,20251029_115310
1761735142.773656,5125595,1312152320,1312.15232,137,198,148,4,20251029_115310
1761735142.78364,5125634,1312162304,1312.162304,140,197,148,4,20251029_115310
1761735142.793624,5125673,1312172288,1312.172288,142,198,149,4,20251029_115310
1761735142.803608,5125712,1312182272,1312.182272,144,198,151,4,20251029_115310
1761735142.813592,5125751,1312192256,1312.192256,147,197,151,4,20251029_115310
1761735142.823576,5125790,1312202240,1312.20224,149,197,154,4,20251029_115310
1761735142.83356,5125829,1312212224,1312.212224,152,198,154,4,20251029_115310
1761735142.843544,5125868,1312222208,1312.222208,154,198,156,4,20251029_115310
1761735142.853528,5125907,1312232192,1312.232192,157,198,158,4,20251029_115310
1761735142.863768,5125947,1312242432,1312.242432,160,198,160,4,20251029_115310
1761735142.873752,5125986,1312252416,1312.252416,162,198,162,4,20251029_115310
1761735142.883736,5126025,1312262400,1312.2624,165,197,161,4,20251029_115310
1761735142.89372,5126064,1312272384,1312.272384,168,197,164,4,20251029_115310
1761735142.903704,5126103,1312282368,1312.282368,171,198,166,4,20251029_115310
1761735142.913688,5126142,1312292352,1312.292352,174,198,166,4,20251029_115310
1761735142.923672,5126181,1312302336,1312.302336,177,197,169,4,20251029_115310
1761735142.933656,5126220,1312312320,1312.31232,180,197,171,4,20251029_115310
1761735142.94364,5126259,1312322304,1312.322304,183,198,173,4,20251029_115310
1761735142.953624,5126298,1312332288,1312.332288,186,197,172,4,20251029_115310
1761735142.963608,5126337,1312342272,1312.342272,190,197,174,4,20251029_115310
1761735142.973592,5126376,1312352256,1312.352256,193,198,174,4,20251029_115310
1761735142.983576,5126415,1312362240,1312.36224,196,198,174,4,20251029_115310
1761735142.99356,5126454,1312372224,1312.372224,199,198,174,4,20251029_115310
1761735143.0038,5126494,1312382464,1312.382464,202,198,175,4,20251029_115310
1761735143.013784,5126533,1312392448,1312.392448,205,198,176,4,20251029_115310
1761735143.023768,5126572,1312402432,1312.402432,209,198,176,4,20251029_115310
1761735143.033752,5126611,1312412416,1312.412416,212,198,175,4,20251029_115310
1761735143.043736,5126650,1312422400,1312.4224,215,199,176,4,20251029_115310
1761735143.05372,5126689,1312432384,1312.432384,217,199,176,4,20251029_115310
1761735143.063704,5126728,1312442368,1312.442368,220,198,176,4,20251029_115310
1761735143.073688,5126767,1312452352,1312.452352,223,199,177,4,20251029_115310
1761735143.083672,5126806,1312462336,1312.462336,226,199,177,4,20251029_115310
1761735143.093656,5126845,1312472320,1312.47232,228,199,177,4,20251029_115310
1761735143.10364,5126884,1312482304,1312.482304,231,198,177,4,20251029_115310
1761735143.113624,5126923,1312492288,1312.492288,234,199,177,4,20251029_115310
1761735143.123608,5126962,1312502272,1312.502272,236,199,177,4,20251029_115310
1761735143.133592,5127001,1312512256,1312.512256,238,199,177,4,20251029_115310
1761735143.143832,5127041,1312522496,1312.522496,241,200,178,4,20251029_115310
1761735143.153816,5127080,1312532480,1312.53248,243,198,177,4,20251029_115310
1761735143.1638,5127119,1312542464,1312.542464,245,200,177,4,20251029_115310
1761735143.173784,5127158,1312552448,1312.552448,247,199,177,4,20251029_115310
1761735143.183768,5127197,1312562432,1312.562432,250,200,177,4,20251029_115310
1761735143.193752,5127236,1312572416,1312.572416,252,198,176,4,20251029_115310
1761735143.203736,5127275,1312582400,1312.5824,254,199,177,4,20251029_115310
1761735143.21372,5127314,1312592384,1312.592384,1,200,177,4,20251029_115310
1761735143.223704,5127353,1312602368,1312.602368,3,199,177,4,20251029_115310
1761735143.233688,5127392,1312612352,1312.612352,4,200,177,4,20251029_115310
1761735143.243672,5127431,1312622336,1312.622336,6,200,178,4,20251029_115310
1761735143.253656,5127470,1312632320,1312.63232,8,199,178,4,20251029_115310
1761735143.26364,5127509,1312642304,1312.642304,10,199,177,4,20251029_115310
1761735143.273624,5127548,1312652288,1312.652288,12,200,178,4,20251029_115310
1761735143.283608,5127587,1312662272,1312.662272,13,199,177,4,20251029_115310
1761735143.293848,5127627,1312672512,1312.672512,15,199,178,4,20251029_115310
1761735143.303832,5127666,1312682496,1312.682496,17,199,177,4,20251029_115310
1761735143.313816,5127705,1312692480,1312.69248,18,199,177,4,20251029_115310
1761735143.3238,5127744,1312702464,1312.702464,20,199,177,4,20251029_115310
1761735143.333784,5127783,1312712448,1312.712448,21,200,178,4,20251029_115310
1761735143.343768,5127822,1312722432,1312.722432,23,200,178,4,20251029_115310
1761735143.353752,5127861,1312732416,1312.732416,24,200,177,4,20251029_115310
1761735143.363736,5127900,1312742400,1312.7424,26,200,178,4,20251029_115310
1761735143.37372,5127939,1312752384,1312.752384,27,199,177,4,20251029_115310
1761735143.383704,5127978,1312762368,1312.762368,29,200,178,4,20251029_115310
1761735143.393688,5128017,1312772352,1312.772352,30,200,178,4,20251029_115310
1761735143.403672,5128056,1312782336,1312.782336,31,199,177,4,20251029_115310
1761735143.413656,5128095,1312792320,1312.79232,33,198,177,4,20251029_115310
1761735143.42364,5128134,1312802304,1312.802304,34,199,177,4,20251029_115310
1761735143.433624,5128173,1312812288,1312.812288,36,200,176,4,20251029_115310
1761735143.443864,5128213,1312822528,1312.822528,37,199,176,4,20251029_115310
1761735143.453848,5128252,1312832512,1312.832512,38,199,176,4,20251029_115310
1761735143.463832,5128291,1312842496,1312.842496,40,199,176,4,20251029_115310
1761735143.473816,5128330,1312852480,1312.85248,41,200,176,4,20251029_115310
1761735143.4838,5128369,1312862464,1312.862464,43,199,175,4,20251029_115310
1761735143.493784,5128408,1312872448,1312.872448,44,199,174,4,20251029_115310
1761735143.503768,5128447,1312882432,1312.882432,46,199,174,4,20251029_115310
1761735143.513752,5128486,1312892416,1312.892416,47,199,172,4,20251029_115310
1761735143.523736,5128525,1312902400,1312.9024,49,199,171,4,20251029_115310
1761735143.53372,5128564,1312912384,1312.912384,51,199,169,4,20251029_115310
1761735143.543704,5128603,1312922368,1312.922368,53,199,161,4,20251029_115310
1761735143.553688,5128642,1312932352,1312.932352,56,199,155,4,20251029_115310
1761735143.563672,5128681,1312942336,1312.942336,59,199,149,4,20251029_115310
1761735143.573656,5128720,1312952320,1312.95232,62,199,142,4,20251029_115310
1761735143.58364,5128759,1312962304,1312.962304,66,198,136,4,20251029_115310
1761735143.59388,5128799,1312972544,1312.972544,69,198,130,4,20251029_115310
1761735143.603864,5128838,1312982528,1312.982528,72,199,127,4,20251029_115310
1761735143.613848,5128877,1312992512,1312.992512,75,199,123,4,20251029_115310
1761735143.623832,5128916,1313002496,1313.002496,78,198,119,4,20251029_115310
1761735143.633816,5128955,1313012480,1313.01248,81,199,116,4,20251029_115310
1761735143.6438,5128994,1313022464,1313.022464,84,200,116,4,20251029_115310
1761735143.653784,5129033,1313032448,1313.032448,87,198,117,4,20251029_115310
1761735143.663768,5129072,1313042432,1313.042432,90,198,115,4,20251029_115310
1761735143.673752,5129111,1313052416,1313.052416,93,198,114,4,20251029_115310
1761735143.683736,5129150,1313062400,1313.0624,96,198,114,4,20251029_115310
1761735143.69372,5129189,1313072384,1313.072384,98,198,115,4,20251029_115310
1761735143.703704,5129228,1313082368,1313.082368,101,198,116,4,20251029_115310
1761735143.713688,5129267,1313092352,1313.092352,104,197,114,4,20251029_115310
1761735143.723672,5129306,1313102336,1313.102336,106,198,115,4,20251029_115310
1761735143.733912,5129346,1313112576,1313.112576,109,197,116,4,20251029_115310
1761735143.743896,5129385,1313122560,1313.12256,111,198,116,4,20251029_115310
1761735143.75388,5129424,1313132544,1313.132544,113,197,116,4,20251029_115310
1761735143.763864,5129463,1313142528,1313.142528,116,197,116,4,20251029_115310
1761735143.773848,5129502,1313152512,1313.152512,118,197,116,4,20251029_115310
1761735143.783832,5129541,1313162496,1313.162496,120,197,116,4,20251029_115310
1761735143.793816,5129580,1313172480,1313.17248,122,197,115,4,20251029_115310
1761735143.8038,5129619,1313182464,1313.182464,124,197,117,4,20251029_115310
1761735143.813784,5129658,1313192448,1313.192448,126,197,117,4,20251029_115310
1761735143.823768,5129697,1313202432,1313.202432,128,197,118,4,20251029_115310
1761735143.833752,5129736,1313212416,1313.212416,130,197,117,4,20251029_115310
1761735143.843736,5129775,1313222400,1313.2224,132,198,118,4,20251029_115310
1761735143.85372,5129814,1313232384,1313.232384,134,197,118,4,20251029_115310
1761735143.863704,5129853,1313242368,1313.242368,136,198,120,4,20251029_115310
1761735143.873944,5129893,1313252608,1313.252608,138,197,120,4,20251029_115310
1761735143.883928,5129932,1313262592,1313.262592,139,197,122,4,20251029_115310
1761735143.893912,5129971,1313272576,1313.272576,141,198,122,4,20251029_115310
1761735143.903896,5130010,1313282560,1313.28256,143,198,124,4,20251029_115310
1761735143.91388,5130049,1313292544,1313.292544,145,198,125,4,20251029_115310
1761735143.923864,5130088,1313302528,1313.302528,146,198,126,4,20251029_115310
1761735143.933848,5130127,1313312512,1313.312512,148,197,127,4,20251029_115310
1761735143.943832,5130166,1313322496,1313.322496,150,198,128,4,20251029_115310
1761735143.953816,5130205,1313332480,1313.33248,152,198,132,4,20251029_115310
1761735143.9638,5130244,1313342464,1313.342464,154,198,139,4,20251029_115310
1761735143.973784,5130283,1313352448,1313.352448,156,197,143,4,20251029_115310
1761735143.983768,5130322,1313362432,1313.362432,158,198,149,4,20251029_115310
1761735143.993752,5130361,1313372416,1313.372416,161,198,153,4,20251029_115310
1761735144.003736,5130400,1313382400,1313.3824,163,198,158,4,20251029_115310
1761735144.01372,5130439,1313392384,1313.392384,166,197,160,4,20251029_115310
1761735144.02396,5130479,1313402624,1313.402624,169,198,165,4,20251029_115310
1761735144.033944,5130518,1313412608,1313.412608,172,198,170,4,20251029_115310
1761735144.043928,5130557,1313422592,1313.422592,175,197,170,4,20251029_115310
1761735144.053912,5130596,1313432576,1313.432576,178,198,170,4,20251029_115310
1761735144.063896,5130635,1313442560,1313.44256,181,198,171,4,20251029_115310
1761735144.07388,5130674,1313452544,1313.452544,184,198,170,4,20251029_115310
1761735144.083864,5130713,1313462528,1313.462528,187,197,170,4,20251029_115310
1761735144.093848,5130752,1313472512,1313.472512,190,198,172,4,20251029_115310
1761735144.103832,5130791,1313482496,1313.482496,193,197,173,4,20251029_115310
1761735144.113816,5130830,1313492480,1313.49248,196,198,173,4,20251029_115310
1761735144.1238,5130869,1313502464,1313.502464,199,198,174,4,20251029_115310
1761735144.133784,5130908,1313512448,1313.512448,202,198,174,4,20251029_115310
1761735144.143768,5130947,1313522432,1313.522432,205,197,174,4,20251029_115310
1761735144.153752,5130986,1313532416,1313.532416,208,198,174,4,20251029_115310
1761735144.163992,5131026,1313542656,1313.542656,211,198,174,4,20251029_115310
1761735144.173976,5131065,1313552640,1313.55264,214,198,175,4,20251029_115310
1761735144.18396,5131104,1313562624,1313.562624,217,199,175,4,20251029_115310
1761735144.193944,5131143,1313572608,1313.572608,220,198,174,4,20251029_115310
1761735144.203928,5131182,1313582592,1313.582592,223,199,174,4,20251029_115310
1761735144.213912,5131221,1313592576,1313.592576,225,198,175,4,20251029_115310
1761735144.223896,5131260,1313602560,1313.60256,228,198,175,4,20251029_115310
1761735144.23388,5131299,1313612544,1313.612544,231,199,174,4,20251029_115310
1761735144.243864,5131338,1313622528,1313.622528,233,200,176,4,20251029_115310
1761735144.253848,5131377,1313632512,1313.632512,236,199,175,4,20251029_115310
1761735144.263832,5131416,1313642496,1313.642496,238,200,175,4,20251029_115310
1761735144.273816,5131455,1313652480,1313.65248,240,199,175,4,20251029_115310
1761735144.2838,5131494,1313662464,1313.662464,243,200,175,4,20251029_115310
1761735144.293784,5131533,1313672448,1313.672448,245,199,175,4,20251029_115310
1761735144.304024,5131573,1313682688,1313.682688,247,199,175,4,20251029_115310
1761735144.314008,5131612,1313692672,1313.692672,249,199,175,4,20251029_115310
1761735144.323992,5131651,1313702656,1313.702656,251,199,175,4,20251029_115310
1761735144.333976,5131690,1313712640,1313.71264,253,200,176,4,20251029_115310
1761735144.34396,5131729,1313722624,1313.722624,0,200,176,4,20251029_115310
1761735144.353944,5131768,1313732608,1313.732608,2,200,176,4,20251029_115310
1761735144.363928,5131807,1313742592,1313.742592,4,199,176,4,20251029_115310
1761735144.373912,5131846,1313752576,1313.752576,6,199,175,4,20251029_115310
1761735144.383896,5131885,1313762560,1313.76256,8,200,175,4,20251029_115310
1761735144.39388,5131924,1313772544,1313.772544,10,200,175,4,20251029_115310
1761735144.403864,5131963,1313782528,1313.782528,12,199,175,4,20251029_115310
1761735144.413848,5132002,1313792512,1313.792512,13,199,174,4,20251029_115310
1761735144.423832,5132041,1313802496,1313.802496,15,200,175,4,20251029_115310
1761735144.433816,5132080,1313812480,1313.81248,17,199,174,4,20251029_115310
1761735144.4438,5132119,1313822464,1313.822464,18,200,174,4,20251029_115310
1761735144.45404,5132159,1313832704,1313.832704,20,199,172,4,20251029_115310
1761735144.464024,5132198,1313842688,1313.842688,22,200,173,4,20251029_115310
1761735144.474008,5132237,1313852672,1313.852672,23,199,172,4,20251029_115310
1761735144.483992,5132276,1313862656,1313.862656,25,200,172,4,20251029_115310
1761735144.493976,5132315,1313872640,1313.87264,27,199,170,4,20251029_115310
1761735144.50396,5132354,1313882624,1313.882624,28,199,169,4,20251029_115310
1761735144.513944,5132393,1313892608,1313.892608,30,200,167,4,20251029_115310
1761735144.523928,5132432,1313902592,1313.902592,32,199,163,4,20251029_115310
1761735144.533912,5132471,1313912576,1313.912576,34,199,156,4,20251029_115310
1761735144.543896,5132510,1313922560,1313.92256,36,199,151,4,20251029_115310
1761735144.55388,5132549,1313932544,1313.932544,38,199,146,4,20251029_115310
1761735144.563864,5132588,1313942528,1313.942528,40,199,140,4,20251029_115310
1761735144.573848,5132627,1313952512,1313.952512,43,200,136,4,20251029_115310
1761735144.583832,5132666,1313962496,1313.962496,46,200,130,4,20251029_115310
1761735144.594072,5132706,1313972736,1313.972736,49,198,127,4,20251029_115310
1761735144.604056,5132745,1313982720,1313.98272,52,199,127,4,20251029_115310
1761735144.61404,5132784,1313992704,1313.992704,55,199,123,4,20251029_115310
1761735144.624024,5132823,1314002688,1314.002688,58,199,121,4,20251029_115310
1761735144.634008,5132862,1314012672,1314.012672,61,199,118,4,20251029_115310
1761735144.643992,5132901,1314022656,1314.022656,65,198,115,4,20251029_115310
1761735144.653976,5132940,1314032640,1314.03264,68,199,115,4,20251029_115310
1761735144.66396,5132979,1314042624,1314.042624,71,199,115,4,20251029_115310
1761735144.673944,5133018,1314052608,1314.052608,74,199,116,4,20251029_115310
1761735144.683928,5133057,1314062592,1314.062592,77,199,116,4,20251029_115310
1761735144.693912,5133096,1314072576,1314.072576,80,199,115,4,20251029_115310
1761735144.703896,5133135,1314082560,1314.08256,83,198,113,4,20251029_115310
1761735144.71388,5133174,1314092544,1314.092544,86,199,114,4,20251029_115310
1761735144.723864,5133213,1314102528,1314.102528,89,198,114,4,20251029_115310
1761735144.733848,5133252,1314112512,1314.112512,92,198,116,4,20251029_115310
1761735144.744088,5133292,1314122752,1314.122752,95,198,116,4,20251029_115310
1761735144.754072,5133331,1314132736,1314.132736,98,198,116,4,20251029_115310
1761735144.764056,5133370,1314142720,1314.14272,100,198,116,4,20251029_115310
1761735144.77404,5133409,1314152704,1314.152704,103,197,117,4,20251029_115310
1761735144.784024,5133448,1314162688,1314.162688,105,198,118,4,20251029_115310
1761735144.794008,5133487,1314172672,1314.172672,108,197,117,4,20251029_115310
1761735144.803992,5133526,1314182656,1314.182656,110,198,119,4,20251029_115310
1761735144.813976,5133565,1314192640,1314.19264,113,198,119,4,20251029_115310
1761735144.82396,5133604,1314202624,1314.202624,115,197,121,4,20251029_115310
1761735144.833944,5133643,1314212608,1314.212608,117,198,123,4,20251029_115310
1761735144.843928,5133682,1314222592,1314.222592,119,198,125,4,20251029_115310
1761735144.853912,5133721,1314232576,1314.232576,122,198,126,4,20251029_115310
1761735144.863896,5133760,1314242560,1314.24256,124,197,127,4,20251029_115310
1761735144.87388,5133799,1314252544,1314.252544,126,198,129,4,20251029_115310
1761735144.88412,5133839,1314262784,1314.262784,128,197,133,4,20251029_115310
1761735144.894104,5133878,1314272768,1314.272768,130,198,141,4,20251029_115310
1761735144.904088,5133917,1314282752,1314.282752,132,198,146,4,20251029_115310
1761735144.914072,5133956,1314292736,1314.292736,135,198,150,4,20251029_115310
1761735144.924056,5133995,1314302720,1314.30272,137,198,154,4,20251029_115310
1761735144.93404,5134034,1314312704,1314.312704,140,198,158,4,20251029_115310
1761735144.944024,5134073,1314322688,1314.322688,142,198,162,4,20251029_115310
1761735144.954008,5134112,1314332672,1314.332672,145,197,164,4,20251029_115310
1761735144.963992,5134151,1314342656,1314.342656,148,198,168,4,20251029_115310
1761735144.973976,5134190,1314352640,1314.35264,150,198,170,4,20251029_115310
1761735144.98396,5134229,1314362624,1314.362624,153,197,171,4,20251029_115310
1761735144.993944,5134268,1314372608,1314.372608,156,198,172,4,20251029_115310
1761735145.003928,5134307,1314382592,1314.382592,159,198,172,4,20251029_115310
1761735145.013912,5134346,1314392576,1314.392576,162,197,171,4,20251029_115310
1761735145.024152,5134386,1314402816,1314.402816,166,198,172,4,20251029_115310
1761735145.034136,5134425,1314412800,1314.4128,169,198,172,4,20251029_115310
1761735145.04412,5134464,1314422784,1314.422784,172,198,173,4,20251029_115310
1761735145.054104,5134503,1314432768,1314.432768,175,198,172,4,20251029_115310
1761735145.064088,5134542,1314442752,1314.442752,178,198,172,4,20251029_115310
1761735145.074072,5134581,1314452736,1314.452736,181,198,174,4,20251029_115310
1761735145.084056,5134620,1314462720,1314.46272,185,198,174,4,20251029_115310
1761735145.09404,5134659,1314472704,1314.472704,188,198,174,4,20251029_115310
1761735145.104024,5134698,1314482688,1314.482688,191,198,174,4,20251029_115310
1761735145.114008,5134737,1314492672,1314.492672,194,198,174,4,20251029_115310
1761735145.123992,5134776,1314502656,1314.502656,197,198,174,4,20251029_115310
1761735145.133976,5134815,1314512640,1314.51264,200,198,175,4,20251029_115310
1761735145.14396,5134854,1314522624,1314.522624,203,199,175,4,20251029_115310
1761735145.153944,5134893,1314532608,1314.532608,206,199,174,4,20251029_115310
1761735145.164184,5134933,1314542848,1314.542848,209,199,175,4,20251029_115310
1761735145.174168,5134972,1314552832,1314.552832,212,198,175,4,20251029_115310
1761735145.184152,5135011,1314562816,1314.562816,215,199,174,4,20251029_115310
1761735145.194136,5135050,1314572800,1314.5728,218,199,175,4,20251029_115310
1761735145.20412,5135089,1314582784,1314.582784,221,199,175,4,20251029_115310
1761735145.214104,5135128,1314592768,1314.592768,224,199,175,4,20251029_115310
1761735145.224088,5135167,1314602752,1314.602752,226,199,175,4,20251029_115310
1761735145.234072,5135206,1314612736,1314.612736,229,199,174,4,20251029_115310
1761735145.244056,5135245,1314622720,1314.62272,231,198,174,4,20251029_115310
1761735145.25404,5135284,1314632704,1314.632704,234,199,174,4,20251029_115310
1761735145.264024,5135323,1314642688,1314.642688,236,199,175,4,20251029_115310
1761735145.274008,5135362,1314652672,1314.652672,239,199,174,4,20251029_115310
1761735145.283992,5135401,1314662656,1314.662656,241,200,176,4,20251029_115310
1761735145.293976,5135440,1314672640,1314.67264,243,199,175,4,20251029_115310
1761735145.30396,5135479,1314682624,1314.682624,246,200,175,4,20251029_115310
1761735145.3142,5135519,1314692864,1314.692864,248,199,175,4,20251029_115310
1761735145.324184,5135558,1314702848,1314.702848,250,199,183,4,20251029_115310
1761735145.334168,5135597,1314712832,1314.712832,252,198,174,4,20251029_115310
1761735145.344152,5135636,1314722816,1314.722816,254,199,174,4,20251029_115310
1761735145.354136,5135675,1314732800,1314.7328,1,200,175,4,20251029_115310
1761735145.36412,5135714,1314742784,1314.742784,3,199,175,4,20251029_115310
1761735145.374104,5135753,1314752768,1314.752768,5,199,174,4,20251029_115310
1761735145.384088,5135792,1314762752,1314.762752,7,199,174,4,20251029_115310
1761735145.394072,5135831,1314772736,1314.772736,8,199,174,4,20251029_115310
1761735145.404056,5135870,1314782720,1314.78272,10,199,174,4,20251029_115310
1761735145.41404,5135909,1314792704,1314.792704,12,199,174,4,20251029_115310
1761735145.424024,5135948,1314802688,1314.802688,14,199,173,4,20251029_115310
1761735145.434008,5135987,1314812672,1314.812672,15,199,173,4,20251029_115310
1761735145.443992,5136026,1314822656,1314.822656,17,199,173,4,20251029_115310
1761735145.454232,5136066,1314832896,1314.832896,19,199,173,4,20251029_115310
1761735145.464216,5136105,1314842880,1314.84288,20,199,177,4,20251029_115310
1761735145.4742,5136144,1314852864,1314.852864,22,199,172,4,20251029_115310
1761735145.484184,5136183,1314862848,1314.862848,24,199,173,4,20251029_115310
1761735145.494168,5136222,1314872832,1314.872832,25,198,172,4,20251029_115310
1761735145.504152,5136261,1314882816,1314.882816,27,199,172,4,20251029_115310
1761735145.514136,5136300,1314892800,1314.8928,28,199,172,4,20251029_115310
1761735145.52412,5136339,1314902784,1314.902784,30,199,173,4,20251029_115310
1761735145.534104,5136378,1314912768,1314.912768,31,199,173,4,20251029_115310
1761735145.544088,5136417,1314922752,1314.922752,33,199,172,4,20251029_115310
1761735145.554072,5136456,1314932736,1314.932736,34,199,173,4,20251029_115310
1761735145.564056,5136495,1314942720,1314.94272,35,199,172,4,20251029_115310
1761735145.57404,5136534,1314952704,1314.952704,37,198,172,4,20251029_115310
1761735145.584024,5136573,1314962688,1314.962688,38,199,173,4,20251029_115310
1761735145.594008,5136612,1314972672,1314.972672,40,199,173,4,20251029_115310
1761735145.604248,5136652,1314982912,1314.982912,41,199,174,4,20251029_115310
1761735145.614232,5136691,1314992896,1314.992896,42,199,174,4,20251029_115310
1761735145.624216,5136730,1315002880,1315.00288,44,199,174,4,20251029_115310
1761735145.6342,5136769,1315012864,1315.012864,45,199,174,4,20251029_115310
1761735145.644184,5136808,1315022848,1315.022848,46,199,174,4,20251029_115310
1761735145.654168,5136847,1315032832,1315.032832,48,199,174,4,20251029_115310
1761735145.664152,5136886,1315042816,1315.042816,49,199,175,4,20251029_115310
1761735145.674136,5136925,1315052800,1315.0528,50,198,174,4,20251029_115310
1761735145.68412,5136964,1315062784,1315.062784,52,199,174,4,20251029_115310
1761735145.694104,5137003,1315072768,1315.072768,53,199,174,4,20251029_115310
1761735145.704088,5137042,1315082752,1315.082752,54,199,175,4,20251029_115310
1761735145.714072,5137081,1315092736,1315.092736,55,199,177,4,20251029_115310
1761735145.724056,5137120,1315102720,1315.10272,57,199,175,4,20251029_115310
1761735145.73404,5137159,1315112704,1315.112704,58,199,176,4,20251029_115310
1761735145.74428,5137199,1315122944,1315.122944,59,198,175,4,20251029_115310
1761735145.754264,5137238,1315132928,1315.132928,61,198,176,4,20251029_115310
1761735145.764248,5137277,1315142912,1315.142912,62,199,175,4,20251029_115310
1761735145.774232,5137316,1315152896,1315.152896,63,198,175,4,20251029_115310
1761735145.784216,5137355,1315162880,1315.16288,65,199,176,4,20251029_115310
1761735145.7942,5137394,1315172864,1315.172864,66,198,175,4,20251029_115310
1761735145.804184,5137433,1315182848,1315.182848,67,198,175,4,20251029_115310
1761735145.814168,5137472,1315192832,1315.192832,69,198,176,4,20251029_115310
1761735145.824152,5137511,1315202816,1315.202816,70,199,176,4,20251029_115310
1761735145.834136,5137550,1315212800,1315.2128,72,199,175,4,20251029_115310
1761735145.84412,5137589,1315222784,1315.222784,73,199,175,4,20251029_115310
1761735145.854104,5137628,1315232768,1315.232768,74,199,174,4,20251029_115310
1761735145.864088,5137667,1315242752,1315.242752,76,199,174,4,20251029_115310
1761735145.874072,5137706,1315252736,1315.252736,77,199,174,4,20251029_115310
1761735145.884312,5137746,1315262976,1315.262976,79,199,172,4,20251029_115310
1761735145.894296,5137785,1315272960,1315.27296,81,198,170,4,20251029_115310
1761735145.90428,5137824,1315282944,1315.282944,82,199,170,4,20251029_115310
1761735145.914264,5137863,1315292928,1315.292928,84,198,168,4,20251029_115310
1761735145.924248,5137902,1315302912,1315.302912,86,198,165,4,20251029_115310
1761735145.934232,5137941,1315312896,1315.312896,88,199,158,4,20251029_115310
1761735145.944216,5137980,1315322880,1315.32288,90,198,150,4,20251029_115310
1761735145.9542,5138019,1315332864,1315.332864,92,199,145,4,20251029_115310
1761735145.964184,5138058,1315342848,1315.342848,95,198,140,4,20251029_115310
1761735145.974168,5138097,1315352832,1315.352832,97,199,136,4,20251029_115310
1761735145.984152,5138136,1315362816,1315.362816,100,198,132,4,20251029_115310
1761735145.994136,5138175,1315372800,1315.3728,102,198,129,4,20251029_115310
1761735146.00412,5138214,1315382784,1315.382784,105,198,127,4,20251029_115310
1761735146.014104,5138253,1315392768,1315.392768,107,198,125,4,20251029_115310
1761735146.024088,5138292,1315402752,1315.402752,110,198,124,4,20251029_115310
1761735146.034328,5138332,1315412992,1315.412992,112,198,123,4,20251029_115310
1761735146.044312,5138371,1315422976,1315.422976,114,198,120,4,20251029_115310
1761735146.054296,5138410,1315432960,1315.43296,117,197,119,4,20251029_115310
1761735146.06428,5138449,1315442944,1315.442944,119,198,118,4,20251029_115310
1761735146.074264,5138488,1315452928,1315.452928,121,198,116,4,20251029_115310
1761735146.084248,5138527,1315462912,1315.462912,123,198,117,4,20251029_115310
1761735146.094232,5138566,1315472896,1315.472896,125,198,117,4,20251029_115310
1761735146.104216,5138605,1315482880,1315.48288,127,197,117,4,20251029_115310
1761735146.1142,5138644,1315492864,1315.492864,129,197,118,4,20251029_115310
1761735146.124184,5138683,1315502848,1315.502848,131,198,118,4,20251029_115310
1761735146.134168,5138722,1315512832,1315.512832,133,197,118,4,20251029_115310
1761735146.144152,5138761,1315522816,1315.522816,135,198,118,4,20251029_115310
1761735146.154136,5138800,1315532800,1315.5328,136,197,118,4,20251029_115310
1761735146.16412,5138839,1315542784,1315.542784,138,197,119,4,20251029_115310
1761735146.17436,5138879,1315553024,1315.553024,140,197,120,4,20251029_115310
1761735146.184344,5138918,1315563008,1315.563008,142,198,120,4,20251029_115310
1761735146.194328,5138957,1315572992,1315.572992,143,197,120,4,20251029_115310
1761735146.204312,5138996,1315582976,1315.582976,145,197,122,4,20251029_115310
1761735146.214296,5139035,1315592960,1315.59296,147,197,122,4,20251029_115310
1761735146.22428,5139074,1315602944,1315.602944,148,198,124,4,20251029_115310
1761735146.234264,5139113,1315612928,1315.612928,150,198,126,4,20251029_115310
1761735146.244504,5139153,1315623168,1315.623168,152,198,127,4,20251029_115310
1761735146.254488,5139192,1315633152,1315.633152,154,198,127,4,20251029_115310
1761735146.264472,5139231,1315643136,1315.643136,155,197,128,4,20251029_115310
1761735146.274456,5139270,1315653120,1315.65312,157,198,130,4,20251029_115310
1761735146.28444,5139309,1315663104,1315.663104,159,198,133,4,20251029_115310
1761735146.294424,5139348,1315673088,1315.673088,161,197,136,4,20251029_115310
1761735146.304664,5139388,1315683328,1315.683328,163,198,143,4,20251029_115310
1761735146.314648,5139427,1315693312,1315.693312,165,198,147,4,20251029_115310
1761735146.324632,5139466,1315703296,1315.703296,168,197,152,4,20251029_115310
1761735146.334616,5139505,1315713280,1315.71328,170,198,157,4,20251029_115310
1761735146.3446,5139544,1315723264,1315.723264,173,197,161,4,20251029_115310
1761735146.354584,5139583,1315733248,1315.733248,176,198,166,4,20251029_115310
1761735146.364568,5139622,1315743232,1315.743232,179,197,169,4,20251029_115310
1761735146.374552,5139661,1315753216,1315.753216,182,198,171,4,20251029_115310
1761735146.384792,5139701,1315763456,1315.763456,185,198,172,4,20251029_115310
1761735146.394776,5139740,1315773440,1315.77344,188,197,171,4,20251029_115310
1761735146.40476,5139779,1315783424,1315.783424,192,197,170,4,20251029_115310
1761735146.414744,5139818,1315793408,1315.793408,195,198,171,4,20251029_115310
1761735146.424728,5139857,1315803392,1315.803392,198,198,173,4,20251029_115310
1761735146.434712,5139896,1315813376,1315.813376,201,198,173,4,20251029_115310
1761735146.444696,5139935,1315823360,1315.82336,204,198,172,4,20251029_115310
1761735146.454936,5139975,1315833600,1315.8336,207,198,174,4,20251029_115310
1761735146.46492,5140014,1315843584,1315.843584,210,198,174,4,20251029_115310
1761735146.474904,5140053,1315853568,1315.853568,213,199,174,4,20251029_115310
1761735146.484888,5140092,1315863552,1315.863552,216,198,174,4,20251029_115310
1761735146.494872,5140131,1315873536,1315.873536,219,198,174,4,20251029_115310
1761735146.504856,5140170,1315883520,1315.88352,222,199,175,4,20251029_115310
1761735146.515096,5140210,1315893760,1315.89376,224,198,175,4,20251029_115310
1761735146.52508,5140249,1315903744,1315.903744,227,199,176,4,20251029_115310
1761735146.535064,5140288,1315913728,1315.913728,230,199,175,4,20251029_115310
1761735146.545048,5140327,1315923712,1315.923712,232,199,175,4,20251029_115310
1761735146.555032,5140366,1315933696,1315.933696,235,200,175,4,20251029_115310
1761735146.565016,5140405,1315943680,1315.94368,237,199,175,4,20251029_115310
1761735146.575,5140444,1315953664,1315.953664,240,199,175,4,20251029_115310
1761735146.58524,5140484,1315963904,1315.963904,242,200,176,4,20251029_115310
1761735146.595224,5140523,1315973888,1315.973888,244,199,176,4,20251029_115310
1761735146.605208,5140562,1315983872,1315.983872,246,199,174,4,20251029_115310
1761735146.615192,5140601,1315993856,1315.993856,249,199,175,4,20251029_115310
1761735146.625176,5140640,1316003840,1316.00384,251,199,176,4,20251029_115310
1761735146.63516,5140679,1316013824,1316.013824,253,199,176,4,20251029_115310
1761735146.645144,5140718,1316023808,1316.023808,0,199,176,4,20251029_115310
1761735146.655128,5140757,1316033792,1316.033792,2,200,175,4,20251029_115310
1761735146.665112,5140796,1316043776,1316.043776,4,199,175,4,20251029_115310
1761735146.675096,5140835,1316053760,1316.05376,5,200,174,4,20251029_115310
1761735146.685336,5140875,1316064000,1316.064,7,200,175,4,20251029_115310
1761735146.69532,5140914,1316073984,1316.073984,9,199,175,4,20251029_115310
1761735146.705304,5140953,1316083968,1316.083968,11,199,175,4,20251029_115310
1761735146.715288,5140992,1316093952,1316.093952,13,200,176,4,20251029_115310
1761735146.725272,5141031,1316103936,1316.103936,14,199,174,4,20251029_115310
1761735146.735256,5141070,1316113920,1316.11392,16,199,174,4,20251029_115310
1761735146.74524,5141109,1316123904,1316.123904,18,199,173,4,20251029_115310
1761735146.755224,5141148,1316133888,1316.133888,19,199,174,4,20251029_115310
1761735146.765208,5141187,1316143872,1316.143872,21,199,174,4,20251029_115310
1761735146.775192,5141226,1316153856,1316.153856,22,200,174,4,20251029_115310
1761735146.785176,5141265,1316163840,1316.16384,24,199,172,4,20251029_115310
1761735146.79516,5141304,1316173824,1316.173824,25,200,171,4,20251029_115310
1761735146.805144,5141343,1316183808,1316.183808,27,200,171,4,20251029_115310
1761735146.815128,5141382,1316193792,1316.193792,29,200,171,4,20251029_115310
1761735146.825112,5141421,1316203776,1316.203776,30,199,168,4,20251029_115310
1761735146.835352,5141461,1316214016,1316.214016,32,200,167,4,20251029_115310
1761735146.845336,5141500,1316224000,1316.224,33,199,165,4,20251029_115310
1761735146.85532,5141539,1316233984,1316.233984,35,199,158,4,20251029_115310
1761735146.865304,5141578,1316243968,1316.243968,37,199,149,4,20251029_115310
1761735146.875288,5141617,1316253952,1316.253952,40,199,143,4,20251029_115310
1761735146.885272,5141656,1316263936,1316.263936,42,199,140,4,20251029_115310
1761735146.895256,5141695,1316273920,1316.27392,45,199,135,4,20251029_115310
1761735146.90524,5141734,1316283904,1316.283904,48,199,131,4,20251029_115310
1761735146.915224,5141773,1316293888,1316.293888,51,199,127,4,20251029_115310
1761735146.925208,5141812,1316303872,1316.303872,54,199,127,4,20251029_115310
1761735146.935192,5141851,1316313856,1316.313856,58,199,123,4,20251029_115310
1761735146.945176,5141890,1316323840,1316.32384,61,199,120,4,20251029_115310
1761735146.95516,5141929,1316333824,1316.333824,64,198,117,4,20251029_115310
1761735146.965144,5141968,1316343808,1316.343808,68,198,117,4,20251029_115310
1761735146.975384,5142008,1316354048,1316.354048,71,198,116,4,20251029_115310
1761735146.985368,5142047,1316364032,1316.364032,74,199,115,4,20251029_115310
1761735146.995352,5142086,1316374016,1316.374016,77,199,114,4,20251029_115310
1761735147.005336,5142125,1316384000,1316.384,80,199,115,4,20251029_115310
1761735147.01532,5142164,1316393984,1316.393984,83,199,115,4,20251029_115310
1761735147.025304,5142203,1316403968,1316.403968,86,198,115,4,20251029_115310
1761735147.035288,5142242,1316413952,1316.413952,89,198,115,4,20251029_115310
1761735147.045272,5142281,1316423936,1316.423936,92,198,115,4,20251029_115310
1761735147.055256,5142320,1316433920,1316.43392,95,198,116,4,20251029_115310
1761735147.06524,5142359,1316443904,1316.443904,97,198,116,4,20251029_115310
1761735147.075224,5142398,1316453888,1316.453888,100,198,116,4,20251029_115310
1761735147.085208,5142437,1316463872,1316.463872,103,197,116,4,20251029_115310
1761735147.095192,5142476,1316473856,1316.473856,105,197,115,4,20251029_115310
1761735147.105176,5142515,1316483840,1316.48384,108,197,117,4,20251029_115310
1761735147.11516,5142554,1316493824,1316.493824,110,197,117,4,20251029_115310
1761735147.1254,5142594,1316504064,1316.504064,112,197,117,4,20251029_115310
1761735147.135384,5142633,1316514048,1316.514048,115,196,118,4,20251029_115310
1761735147.145368,5142672,1316524032,1316.524032,117,198,117,4,20251029_115310
1761735147.155352,5142711,1316534016,1316.534016,119,197,119,4,20251029_115310
1761735147.165336,5142750,1316544000,1316.544,121,197,120,4,20251029_115310
1761735147.17532,5142789,1316553984,1316.553984,124,198,121,4,20251029_115310
1761735147.185304,5142828,1316563968,1316.563968,126,197,122,4,20251029_115310
1761735147.195288,5142867,1316573952,1316.573952,128,198,124,4,20251029_115310
1761735147.205272,5142906,1316583936,1316.583936,130,197,125,4,20251029_115310
1761735147.215256,5142945,1316593920,1316.59392,132,197,127,4,20251029_115310
1761735147.22524,5142984,1316603904,1316.603904,134,198,129,4,20251029_115310
1761735147.235224,5143023,1316613888,1316.613888,136,197,134,4,20251029_115310
1761735147.245208,5143062,1316623872,1316.623872,138,197,140,4,20251029_115310
1761735147.255448,5143102,1316634112,1316.634112,140,198,145,4,20251029_115310
1761735147.265432,5143141,1316644096,1316.644096,143,197,150,4,20251029_115310
1761735147.275416,5143180,1316654080,1316.65408,145,198,154,4,20251029_115310
1761735147.2854,5143219,1316664064,1316.664064,147,198,158,4,20251029_115310
1761735147.295384,5143258,1316674048,1316.674048,150,198,161,4,20251029_115310
1761735147.305368,5143297,1316684032,1316.684032,153,198,165,4,20251029_115310
1761735147.315352,5143336,1316694016,1316.694016,156,197,170,4,20251029_115310
1761735147.325336,5143375,1316704000,1316.704,159,198,170,4,20251029_115310
1761735147.33532,5143414,1316713984,1316.713984,162,198,170,4,20251029_115310
1761735147.345304,5143453,1316723968,1316.723968,165,197,172,4,20251029_115310
1761735147.355288,5143492,1316733952,1316.733952,168,197,170,4,20251029_115310
1761735147.365272,5143531,1316743936,1316.743936,171,198,171,4,20251029_115310
1761735147.375256,5143570,1316753920,1316.75392,174,199,172,4,20251029_115310
1761735147.38524,5143609,1316763904,1316.763904,178,198,171,4,20251029_115310
1761735147.395224,5143648,1316773888,1316.773888,181,197,173,4,20251029_115310
1761735147.405464,5143688,1316784128,1316.784128,184,198,174,4,20251029_115310
1761735147.415448,5143727,1316794112,1316.794112,187,198,174,4,20251029_115310
1761735147.425432,5143766,1316804096,1316.804096,191,198,174,4,20251029_115310
1761735147.435416,5143805,1316814080,1316.81408,194,198,174,4,20251029_115310
1761735147.4454,5143844,1316824064,1316.824064,197,198,173,4,20251029_115310
1761735147.455384,5143883,1316834048,1316.834048,200,198,174,4,20251029_115310
1761735147.465368,5143922,1316844032,1316.844032,203,198,174,4,20251029_115310
1761735147.475352,5143961,1316854016,1316.854016,206,198,174,4,20251029_115310
1761735147.485336,5144000,1316864000,1316.864,209,199,175,4,20251029_115310
1761735147.49532,5144039,1316873984,1316.873984,212,198,174,4,20251029_115310
1761735147.505304,5144078,1316883968,1316.883968,215,199,176,4,20251029_115310
1761735147.515288,5144117,1316893952,1316.893952,218,199,174,4,20251029_115310
1761735147.525272,5144156,1316903936,1316.903936,221,199,175,4,20251029_115310
1761735147.535256,5144195,1316913920,1316.91392,224,199,176,4,20251029_115310
1761735147.545496,5144235,1316924160,1316.92416,226,199,174,4,20251029_115310
1761735147.55548,5144274,1316934144,1316.934144,229,199,173,4,20251029_115310
1761735147.565464,5144313,1316944128,1316.944128,232,199,175,4,20251029_115310
1761735147.575448,5144352,1316954112,1316.954112,234,199,175,4,20251029_115310
1761735147.585432,5144391,1316964096,1316.964096,237,199,174,4,20251029_115310
1761735147.595416,5144430,1316974080,1316.97408,239,200,175,4,20251029_115310
1761735147.6054,5144469,1316984064,1316.984064,241,199,175,4,20251029_115310
1761735147.615384,5144508,1316994048,1316.994048,244,199,175,4,20251029_115310
1761735147.625368,5144547,1317004032,1317.004032,246,200,175,4,20251029_115310
1761735147.635352,5144586,1317014016,1317.014016,248,199,175,4,20251029_115310
1761735147.645336,5144625,1317024000,1317.024,250,199,176,4,20251029_115310
1761735147.65532,5144664,1317033984,1317.033984,252,199,173,4,20251029_115310
1761735147.665304,5144703,1317043968,1317.043968,254,199,175,4,20251029_115310
1761735147.675288,5144742,1317053952,1317.053952,1,199,175,4,20251029_115310
1761735147.685528,5144782,1317064192,1317.064192,3,200,175,4,20251029_115310
1761735147.695512,5144821,1317074176,1317.074176,5,199,173,4,20251029_115310
1761735147.705496,5144860,1317084160,1317.08416,7,199,173,4,20251029_115310
1761735147.71548,5144899,1317094144,1317.094144,9,199,174,4,20251029_115310
1761735147.725464,5144938,1317104128,1317.104128,10,199,173,4,20251029_115310
1761735147.735448,5144977,1317114112,1317.114112,12,199,173,4,20251029_115310
1761735147.745432,5145016,1317124096,1317.124096,14,200,173,4,20251029_115310
1761735147.755416,5145055,1317134080,1317.13408,16,200,172,4,20251029_115310
1761735147.7654,5145094,1317144064,1317.144064,17,200,172,4,20251029_115310
1761735147.775384,5145133,1317154048,1317.154048,19,200,173,4,20251029_115310
1761735147.785368,5145172,1317164032,1317.164032,21,200,171,4,20251029_115310
1761735147.795352,5145211,1317174016,1317.174016,22,199,170,4,20251029_115310
1761735147.805336,5145250,1317184000,1317.184,24,200,170,4,20251029_115310
1761735147.81532,5145289,1317193984,1317.193984,25,199,171,4,20251029_115310
1761735147.82556,5145329,1317204224,1317.204224,27,199,169,4,20251029_115310
1761735147.835544,5145368,1317214208,1317.214208,29,200,170,4,20251029_115310
1761735147.845528,5145407,1317224192,1317.224192,30,199,169,4,20251029_115310
1761735147.855512,5145446,1317234176,1317.234176,32,200,169,4,20251029_115310
1761735147.865496,5145485,1317244160,1317.24416,34,199,168,4,20251029_115310
1761735147.87548,5145524,1317254144,1317.254144,35,199,168,4,20251029_115310
1761735147.885464,5145563,1317264128,1317.264128,37,200,168,4,20251029_115310
1761735147.895448,5145602,1317274112,1317.274112,38,199,167,4,20251029_115310
1761735147.905432,5145641,1317284096,1317.284096,40,200,169,4,20251029_115310
1761735147.915416,5145680,1317294080,1317.29408,41,199,168,4,20251029_115310
1761735147.9254,5145719,1317304064,1317.304064,43,200,169,4,20251029_115310
1761735147.935384,5145758,1317314048,1317.314048,44,199,168,4,20251029_115310
1761735147.945368,5145797,1317324032,1317.324032,46,199,169,4,20251029_115310
1761735147.955352,5145836,1317334016,1317.334016,47,199,169,4,20251029_115310
1761735147.965336,5145875,1317344000,1317.344,49,199,169,4,20251029_115310
1761735147.975576,5145915,1317354240,1317.35424,50,199,170,4,20251029_115310
1761735147.98556,5145954,1317364224,1317.364224,52,200,169,4,20251029_115310
1761735147.995544,5145993,1317374208,1317.374208,53,199,169,4,20251029_115310
1761735148.005528,5146032,1317384192,1317.384192,55,199,171,4,20251029_115310
1761735148.015512,5146071,1317394176,1317.394176,56,199,171,4,20251029_115310
1761735148.025496,5146110,1317404160,1317.40416,58,198,171,4,20251029_115310
1761735148.03548,5146149,1317414144,1317.414144,59,199,171,4,20251029_115310
1761735148.045464,5146188,1317424128,1317.424128,60,199,172,4,20251029_115310
1761735148.055448,5146227,1317434112,1317.434112,62,199,172,4,20251029_115310
1761735148.065432,5146266,1317444096,1317.444096,63,199,172,4,20251029_115310
1761735148.075416,5146305,1317454080,1317.45408,65,199,172,4,20251029_115310
1761735148.0854,5146344,1317464064,1317.464064,66,199,172,4,20251029_115310
1761735148.095384,5146383,1317474048,1317.474048,68,199,174,4,20251029_115310
1761735148.105368,5146422,1317484032,1317.484032,69,199,173,4,20251029_115310
1761735148.115608,5146462,1317494272,1317.494272,71,198,171,4,20251029_115310
1761735148.125592,5146501,1317504256,1317.504256,72,199,174,4,20251029_115310
1761735148.135576,5146540,1317514240,1317.51424,74,198,173,4,20251029_115310
1761735148.14556,5146579,1317524224,1317.524224,75,198,173,4,20251029_115310
1761735148.155544,5146618,1317534208,1317.534208,77,198,173,4,20251029_115310
1761735148.165528,5146657,1317544192,1317.544192,78,198,173,4,20251029_115310
1761735148.175512,5146696,1317554176,1317.554176,80,198,173,4,20251029_115310
1761735148.185496,5146735,1317564160,1317.56416,81,198,172,4,20251029_115310
1761735148.19548,5146774,1317574144,1317.574144,83,198,173,4,20251029_115310
1761735148.205464,5146813,1317584128,1317.584128,85,198,172,4,20251029_115310
1761735148.215448,5146852,1317594112,1317.594112,86,197,172,4,20251029_115310
1761735148.225432,5146891,1317604096,1317.604096,88,198,172,4,20251029_115310
1761735148.235416,5146930,1317614080,1317.61408,90,198,172,4,20251029_115310
1761735148.2454,5146969,1317624064,1317.624064,92,198,172,4,20251029_115310
1761735148.255384,5147008,1317634048,1317.634048,93,198,170,4,20251029_115310
1761735148.265624,5147048,1317644288,1317.644288,95,198,168,4,20251029_115310
1761735148.275608,5147087,1317654272,1317.654272,97,198,167,4,20251029_115310
1761735148.285592,5147126,1317664256,1317.664256,99,198,165,4,20251029_115310
1761735148.295576,5147165,1317674240,1317.67424,102,198,158,4,20251029_115310
1761735148.30556,5147204,1317684224,1317.684224,104,198,152,4,20251029_115310
1761735148.315544,5147243,1317694208,1317.694208,106,197,146,4,20251029_115310
1761735148.325528,5147282,1317704192,1317.704192,108,198,143,4,20251029_115310
1761735148.335512,5147321,1317714176,1317.714176,111,197,140,4,20251029_115310
1761735148.345496,5147360,1317724160,1317.72416,113,198,137,4,20251029_115310
1761735148.35548,5147399,1317734144,1317.734144,115,198,134,4,20251029_115310
1761735148.365464,5147438,1317744128,1317.744128,118,197,132,4,20251029_115310
1761735148.375448,5147477,1317754112,1317.754112,120,197,129,4,20251029_115310
1761735148.385432,5147516,1317764096,1317.764096,122,197,128,4,20251029_115310
1761735148.395416,5147555,1317774080,1317.77408,124,198,127,4,20251029_115310
1761735148.405656,5147595,1317784320,1317.78432,126,197,127,4,20251029_115310
1761735148.41564,5147634,1317794304,1317.794304,128,197,127,4,20251029_115310
1761735148.425624,5147673,1317804288,1317.804288,130,197,127,4,20251029_115310
1761735148.435608,5147712,1317814272,1317.814272,132,197,127,4,20251029_115310
1761735148.445592,5147751,1317824256,1317.824256,134,197,128,4,20251029_115310
1761735148.455576,5147790,1317834240,1317.83424,136,197,128,4,20251029_115310
1761735148.46556,5147829,1317844224,1317.844224,138,197,129,4,20251029_115310
1761735148.475544,5147868,1317854208,1317.854208,140,198,130,4,20251029_115310
1761735148.485528,5147907,1317864192,1317.864192,142,197,130,4,20251029_115310
1761735148.495512,5147946,1317874176,1317.874176,144,197,131,4,20251029_115310
1761735148.505496,5147985,1317884160,1317.88416,146,198,131,4,20251029_115310
1761735148.51548,5148024,1317894144,1317.894144,148,198,132,4,20251029_115310
1761735148.525464,5148063,1317904128,1317.904128,150,197,134,4,20251029_115310
1761735148.535448,5148102,1317914112,1317.914112,152,197,134,4,20251029_115310
1761735148.545688,5148142,1317924352,1317.924352,154,197,136,4,20251029_115310
1761735148.555672,5148181,1317934336,1317.934336,156,197,138,4,20251029_115310
1761735148.565656,5148220,1317944320,1317.94432,158,197,140,4,20251029_115310
1761735148.57564,5148259,1317954304,1317.954304,160,198,143,4,20251029_115310
1761735148.585624,5148298,1317964288,1317.964288,162,197,147,4,20251029_115310
1761735148.595608,5148337,1317974272,1317.974272,164,197,149,4,20251029_115310
1761735148.605592,5148376,1317984256,1317.984256,167,198,153,4,20251029_115310
1761735148.615576,5148415,1317994240,1317.99424,169,198,156,4,20251029_115310
1761735148.62556,5148454,1318004224,1318.004224,172,198,160,4,20251029_115310
1761735148.635544,5148493,1318014208,1318.014208,175,199,163,4,20251029_115310
1761735148.645528,5148532,1318024192,1318.024192,178,198,165,4,20251029_115310
1761735148.655512,5148571,1318034176,1318.034176,181,198,168,4,20251029_115310
1761735148.665496,5148610,1318044160,1318.04416,184,197,170,4,20251029_115310
1761735148.67548,5148649,1318054144,1318.054144,187,198,173,4,20251029_115310
1761735148.68572,5148689,1318064384,1318.064384,190,198,172,4,20251029_115310
1761735148.695704,5148728,1318074368,1318.074368,194,198,173,4,20251029_115310
1761735148.705688,5148767,1318084352,1318.084352,197,198,174,4,20251029_115310
1761735148.715672,5148806,1318094336,1318.094336,200,198,174,4,20251029_115310
1761735148.725656,5148845,1318104320,1318.10432,203,198,175,4,20251029_115310
1761735148.73564,5148884,1318114304,1318.114304,206,198,174,4,20251029_115310
1761735148.745624,5148923,1318124288,1318.124288,209,198,175,4,20251029_115310
1761735148.755608,5148962,1318134272,1318.134272,212,198,175,4,20251029_115310
1761735148.765592,5149001,1318144256,1318.144256,215,198,175,4,20251029_115310
1761735148.775576,5149040,1318154240,1318.15424,218,198,175,4,20251029_115310
1761735148.78556,5149079,1318164224,1318.164224,221,199,175,4,20251029_115310
1761735148.795544,5149118,1318174208,1318.174208,224,199,175,4,20251029_115310
1761735148.805528,5149157,1318184192,1318.184192,226,198,176,4,20251029_115310
1761735148.815512,5149196,1318194176,1318.194176,229,199,174,4,20251029_115310
1761735148.825752,5149236,1318204416,1318.204416,231,199,176,4,20251029_115310
1761735148.835736,5149275,1318214400,1318.2144,234,200,176,4,20251029_115310
1761735148.84572,5149314,1318224384,1318.224384,236,199,176,4,20251029_115310
1761735148.855704,5149353,1318234368,1318.234368,239,199,176,4,20251029_115310
1761735148.865688,5149392,1318244352,1318.244352,241,199,176,4,20251029_115310
1761735148.875672,5149431,1318254336,1318.254336,243,199,176,4,20251029_115310
1761735148.885656,5149470,1318264320,1318.26432,246,200,176,4,20251029_115310
1761735148.89564,5149509,1318274304,1318.274304,248,199,176,4,20251029_115310
1761735148.905624,5149548,1318284288,1318.284288,250,200,176,4,20251029_115310
1761735148.915608,5149587,1318294272,1318.294272,252,200,177,4,20251029_115310
1761735148.925592,5149626,1318304256,1318.304256,254,199,176,4,20251029_115310
1761735148.935576,5149665,1318314240,1318.31424,1,200,176,4,20251029_115310
1761735148.94556,5149704,1318324224,1318.324224,3,200,177,4,20251029_115310
1761735148.955544,5149743,1318334208,1318.334208,5,199,176,4,20251029_115310
1761735148.965528,5149782,1318344192,1318.344192,7,200,177,4,20251029_115310
1761735148.975768,5149822,1318354432,1318.354432,8,199,176,4,20251029_115310
1761735148.985752,5149861,1318364416,1318.364416,10,200,177,4,20251029_115310
1761735148.995736,5149900,1318374400,1318.3744,12,199,176,4,20251029_115310
1761735149.00572,5149939,1318384384,1318.384384,14,199,176,4,20251029_115310
1761735149.015704,5149978,1318394368,1318.394368,15,200,177,4,20251029_115310
1761735149.025688,5150017,1318404352,1318.404352,17,199,176,4,20251029_115310
1761735149.035672,5150056,1318414336,1318.414336,18,199,176,4,20251029_115310
1761735149.045656,5150095,1318424320,1318.42432,20,199,176,4,20251029_115310
1761735149.05564,5150134,1318434304,1318.434304,22,199,174,4,20251029_115310
1761735149.065624,5150173,1318444288,1318.444288,23,199,176,4,20251029_115310
1761735149.075608,5150212,1318454272,1318.454272,25,199,177,4,20251029_115310
1761735149.085592,5150251,1318464256,1318.464256,26,200,176,4,20251029_115310
1761735149.095576,5150290,1318474240,1318.47424,28,199,176,4,20251029_115310
1761735149.10556,5150329,1318484224,1318.484224,29,200,175,4,20251029_115310
1761735149.1158,5150369,1318494464,1318.494464,30,200,175,4,20251029_115310
1761735149.125784,5150408,1318504448,1318.504448,32,199,174,4,20251029_115310
1761735149.135768,5150447,1318514432,1318.514432,33,200,174,4,20251029_115310
1761735149.145752,5150486,1318524416,1318.524416,35,199,173,4,20251029_115310
1761735149.155736,5150525,1318534400,1318.5344,36,199,171,4,20251029_115310
1761735149.16572,5150564,1318544384,1318.544384,38,199,171,4,20251029_115310
1761735149.175704,5150603,1318554368,1318.554368,39,199,169,4,20251029_115310
1761735149.185688,5150642,1318564352,1318.564352,41,199,167,4,20251029_115310
1761735149.195672,5150681,1318574336,1318.574336,43,198,157,4,20251029_115310
1761735149.205656,5150720,1318584320,1318.58432,45,199,150,4,20251029_115310
1761735149.21564,5150759,1318594304,1318.594304,48,199,145,4,20251029_115310
1761735149.225624,5150798,1318604288,1318.604288,51,199,140,4,20251029_115310
1761735149.235608,5150837,1318614272,1318.614272,54,199,135,4,20251029_115310
1761735149.245592,5150876,1318624256,1318.624256,58,199,131,4,20251029_115310
1761735149.255576,5150915,1318634240,1318.63424,61,199,127,4,20251029_115310
1761735149.265816,5150955,1318644480,1318.64448,64,199,125,4,20251029_115310
1761735149.2758,5150994,1318654464,1318.654464,67,200,122,4,20251029_115310
1761735149.285784,5151033,1318664448,1318.664448,71,199,117,4,20251029_115310
1761735149.295768,5151072,1318674432,1318.674432,74,199,117,4,20251029_115310
1761735149.305752,5151111,1318684416,1318.684416,77,199,117,4,20251029_115310
1761735149.315736,5151150,1318694400,1318.6944,80,198,116,4,20251029_115310
1761735149.32572,5151189,1318704384,1318.704384,83,199,116,4,20251029_115310
1761735149.335704,5151228,1318714368,1318.714368,86,198,116,4,20251029_115310
1761735149.345688,5151267,1318724352,1318.724352,89,200,117,4,20251029_115310
1761735149.355672,5151306,1318734336,1318.734336,92,198,115,4,20251029_115310
1761735149.365656,5151345,1318744320,1318.74432,95,197,115,4,20251029_115310
1761735149.37564,5151384,1318754304,1318.754304,97,198,115,4,20251029_115310
1761735149.385624,5151423,1318764288,1318.764288,100,198,116,4,20251029_115310
1761735149.395608,5151462,1318774272,1318.774272,103,198,116,4,20251029_115310
1761735149.405848,5151502,1318784512,1318.784512,105,198,116,4,20251029_115310
1761735149.415832,5151541,1318794496,1318.794496,108,198,116,4,20251029_115310
1761735149.425816,5151580,1318804480,1318.80448,110,197,116,4,20251029_115310
1761735149.4358,5151619,1318814464,1318.814464,112,197,116,4,20251029_115310
1761735149.445784,5151658,1318824448,1318.824448,115,197,117,4,20251029_115310
1761735149.455768,5151697,1318834432,1318.834432,117,197,117,4,20251029_115310
1761735149.465752,5151736,1318844416,1318.844416,119,197,117,4,20251029_115310
1761735149.475736,5151775,1318854400,1318.8544,121,197,115,4,20251029_115310
1761735149.48572,5151814,1318864384,1318.864384,123,197,117,4,20251029_115310
1761735149.495704,5151853,1318874368,1318.874368,125,197,117,4,20251029_115310
1761735149.505688,5151892,1318884352,1318.884352,127,198,117,4,20251029_115310
1761735149.515672,5151931,1318894336,1318.894336,129,197,118,4,20251029_115310
1761735149.525656,5151970,1318904320,1318.90432,131,197,118,4,20251029_115310
1761735149.53564,5152009,1318914304,1318.914304,133,197,120,4,20251029_115310
1761735149.545624,5152048,1318924288,1318.924288,135,197,121,4,20251029_115310
1761735149.555864,5152088,1318934528,1318.934528,137,197,123,4,20251029_115310
1761735149.565848,5152127,1318944512,1318.944512,139,197,124,4,20251029_115310
1761735149.575832,5152166,1318954496,1318.954496,141,197,127,4,20251029_115310
1761735149.585816,5152205,1318964480,1318.96448,143,197,127,4,20251029_115310
1761735149.5958,5152244,1318974464,1318.974464,144,197,130,4,20251029_115310
1761735149.605784,5152283,1318984448,1318.984448,146,198,135,4,20251029_115310
1761735149.615768,5152322,1318994432,1318.994432,148,198,141,4,20251029_115310
1761735149.625752,5152361,1319004416,1319.004416,151,198,145,4,20251029_115310
1761735149.635736,5152400,1319014400,1319.0144,153,197,151,4,20251029_115310
1761735149.64572,5152439,1319024384,1319.024384,155,198,155,4,20251029_115310
1761735149.655704,5152478,1319034368,1319.034368,158,197,160,4,20251029_115310
1761735149.665688,5152517,1319044352,1319.044352,161,197,164,4,20251029_115310
1761735149.675672,5152556,1319054336,1319.054336,164,198,167,4,20251029_115310
1761735149.685656,5152595,1319064320,1319.06432,167,198,171,4,20251029_115310
1761735149.695896,5152635,1319074560,1319.07456,170,197,171,4,20251029_115310
1761735149.70588,5152674,1319084544,1319.084544,173,197,170,4,20251029_115310
1761735149.715864,5152713,1319094528,1319.094528,176,197,171,4,20251029_115310
1761735149.725848,5152752,1319104512,1319.104512,179,198,171,4,20251029_115310
1761735149.735832,5152791,1319114496,1319.114496,182,198,171,4,20251029_115310
1761735149.745816,5152830,1319124480,1319.12448,186,198,172,4,20251029_115310
1761735149.7558,5152869,1319134464,1319.134464,189,198,173,4,20251029_115310
1761735149.765784,5152908,1319144448,1319.144448,192,198,172,4,20251029_115310
1761735149.775768,5152947,1319154432,1319.154432,195,198,173,4,20251029_115310
1761735149.785752,5152986,1319164416,1319.164416,198,198,173,4,20251029_115310
1761735149.795736,5153025,1319174400,1319.1744,201,198,173,4,20251029_115310
1761735149.80572,5153064,1319184384,1319.184384,204,198,173,4,20251029_115310
1761735149.815704,5153103,1319194368,1319.194368,207,198,174,4,20251029_115310
1761735149.825688,5153142,1319204352,1319.204352,210,198,174,4,20251029_115310
1761735149.835928,5153182,1319214592,1319.214592,213,199,174,4,20251029_115310
1761735149.845912,5153221,1319224576,1319.224576,216,198,175,4,20251029_115310
1761735149.855896,5153260,1319234560,1319.23456,219,198,174,4,20251029_115310
1761735149.86588,5153299,1319244544,1319.244544,222,199,175,4,20251029_115310
1761735149.875864,5153338,1319254528,1319.254528,224,199,175,4,20251029_115310
1761735149.885848,5153377,1319264512,1319.264512,227,198,174,4,20251029_115310
1761735149.895832,5153416,1319274496,1319.274496,230,199,175,4,20251029_115310
1761735149.905816,5153455,1319284480,1319.28448,232,199,175,4,20251029_115310
1761735149.9158,5153494,1319294464,1319.294464,235,199,174,4,20251029_115310
1761735149.925784,5153533,1319304448,1319.304448,237,199,175,4,20251029_115310
1761735149.935768,5153572,1319314432,1319.314432,240,199,175,4,20251029_115310
1761735149.945752,5153611,1319324416,1319.324416,242,200,175,4,20251029_115310
1761735149.955736,5153650,1319334400,1319.3344,244,200,175,4,20251029_115310
1761735149.96572,5153689,1319344384,1319.344384,246,199,174,4,20251029_115310
1761735149.975704,5153728,1319354368,1319.354368,249,199,174,4,20251029_115310
1761735149.985944,5153768,1319364608,1319.364608,251,200,173,4,20251029_115310
1761735149.995928,5153807,1319374592,1319.374592,253,199,174,4,20251029_115310
1761735150.005912,5153846,1319384576,1319.384576,0,199,174,4,20251029_115310
1761735150.015896,5153885,1319394560,1319.39456,2,200,175,4,20251029_115310
1761735150.02588,5153924,1319404544,1319.404544,4,200,174,4,20251029_115310
1761735150.035864,5153963,1319414528,1319.414528,5,200,175,4,20251029_115310
1761735150.045848,5154002,1319424512,1319.424512,7,199,174,4,20251029_115310
1761735150.055832,5154041,1319434496,1319.434496,9,200,174,4,20251029_115310
1761735150.065816,5154080,1319444480,1319.44448,11,199,173,4,20251029_115310
1761735150.0758,5154119,1319454464,1319.454464,13,199,173,4,20251029_115310
1761735150.085784,5154158,1319464448,1319.464448,14,200,173,4,20251029_115310
1761735150.095768,5154197,1319474432,1319.474432,16,200,172,4,20251029_115310
1761735150.105752,5154236,1319484416,1319.484416,18,199,170,4,20251029_115310
1761735150.115736,5154275,1319494400,1319.4944,20,200,171,4,20251029_115310
1761735150.125976,5154315,1319504640,1319.50464,21,200,171,4,20251029_115310
1761735150.13596,5154354,1319514624,1319.514624,23,200,169,4,20251029_115310
1761735150.145944,5154393,1319524608,1319.524608,25,199,168,4,20251029_115310
1761735150.155928,5154432,1319534592,1319.534592,26,199,165,4,20251029_115310
1761735150.165912,5154471,1319544576,1319.544576,28,199,163,4,20251029_115310
1761735150.175896,5154510,1319554560,1319.55456,30,199,160,4,20251029_115310
1761735150.18588,5154549,1319564544,1319.564544,32,200,155,4,20251029_115310
1761735150.195864,5154588,1319574528,1319.574528,34,201,153,4,20251029_115310
1761735150.205848,5154627,1319584512,1319.584512,36,199,148,4,20251029_115310
1761735150.215832,5154666,1319594496,1319.594496,38,200,147,4,20251029_115310
1761735150.225816,5154705,1319604480,1319.60448,41,199,143,4,20251029_115310
1761735150.2358,5154744,1319614464,1319.614464,43,200,141,4,20251029_115310
1761735150.245784,5154783,1319624448,1319.624448,46,200,137,4,20251029_115310
1761735150.255768,5154822,1319634432,1319.634432,48,200,134,4,20251029_115310
1761735150.265752,5154861,1319644416,1319.644416,51,199,131,4,20251029_115310
1761735150.275992,5154901,1319654656,1319.654656,54,200,130,4,20251029_115310
1761735150.285976,5154940,1319664640,1319.66464,57,199,127,4,20251029_115310
1761735150.29596,5154979,1319674624,1319.674624,60,199,126,4,20251029_115310
1761735150.305944,5155018,1319684608,1319.684608,63,199,125,4,20251029_115310
1761735150.315928,5155057,1319694592,1319.694592,66,199,124,4,20251029_115310
1761735150.325912,5155096,1319704576,1319.704576,69,199,123,4,20251029_115310
1761735150.335896,5155135,1319714560,1319.71456,72,199,121,4,20251029_115310
1761735150.34588,5155174,1319724544,1319.724544,75,199,119,4,20251029_115310
1761735150.355864,5155213,1319734528,1319.734528,78,199,118,4,20251029_115310
1761735150.365848,5155252,1319744512,1319.744512,81,198,117,4,20251029_115310
1761735150.375832,5155291,1319754496,1319.754496,84,198,116,4,20251029_115310
1761735150.385816,5155330,1319764480,1319.76448,87,198,115,4,20251029_115310
1761735150.3958,5155369,1319774464,1319.774464,90,198,116,4,20251029_115310
1761735150.405784,5155408,1319784448,1319.784448,93,198,116,4,20251029_115310
1761735150.416024,5155448,1319794688,1319.794688,96,198,115,4,20251029_115310
1761735150.426008,5155487,1319804672,1319.804672,98,198,117,4,20251029_115310
1761735150.435992,5155526,1319814656,1319.814656,101,197,117,4,20251029_115310
1761735150.445976,5155565,1319824640,1319.82464,104,198,117,4,20251029_115310
1761735150.45596,5155604,1319834624,1319.834624,106,198,118,4,20251029_115310
1761735150.465944,5155643,1319844608,1319.844608,109,197,119,4,20251029_115310
1761735150.475928,5155682,1319854592,1319.854592,111,197,120,4,20251029_115310
1761735150.485912,5155721,1319864576,1319.864576,113,198,121,4,20251029_115310
1761735150.495896,5155760,1319874560,1319.87456,116,197,122,4,20251029_115310
1761735150.50588,5155799,1319884544,1319.884544,118,197,123,4,20251029_115310
1761735150.515864,5155838,1319894528,1319.894528,120,197,125,4,20251029_115310
1761735150.525848,5155877,1319904512,1319.904512,122,198,127,4,20251029_115310
1761735150.535832,5155916,1319914496,1319.914496,124,197,127,4,20251029_115310
1761735150.545816,5155955,1319924480,1319.92448,127,198,129,4,20251029_115310
1761735150.5558,5155994,1319934464,1319.934464,129,198,132,4,20251029_115310
1761735150.56604,5156034,1319944704,1319.944704,131,197,136,4,20251029_115310
1761735150.576024,5156073,1319954688,1319.954688,133,197,141,4,20251029_115310
1761735150.586008,5156112,1319964672,1319.964672,135,197,144,4,20251029_115310
1761735150.595992,5156151,1319974656,1319.974656,138,198,149,4,20251029_115310
1761735150.605976,5156190,1319984640,1319.98464,140,198,152,4,20251029_115310
1761735150.61596,5156229,1319994624,1319.994624,142,197,154,4,20251029_115310
1761735150.625944,5156268,1320004608,1320.004608,145,198,157,4,20251029_115310
1761735150.635928,5156307,1320014592,1320.014592,147,198,160,4,20251029_115310
1761735150.645912,5156346,1320024576,1320.024576,150,198,161,4,20251029_115310
1761735150.655896,5156385,1320034560,1320.03456,153,198,164,4,20251029_115310
1761735150.66588,5156424,1320044544,1320.044544,156,197,166,4,20251029_115310
1761735150.675864,5156463,1320054528,1320.054528,159,198,169,4,20251029_115310
1761735150.685848,5156502,1320064512,1320.064512,162,197,170,4,20251029_115310
1761735150.695832,5156541,1320074496,1320.074496,165,198,172,4,20251029_115310
1761735150.706072,5156581,1320084736,1320.084736,168,198,172,4,20251029_115310
1761735150.716056,5156620,1320094720,1320.09472,171,197,171,4,20251029_115310
1761735150.72604,5156659,1320104704,1320.104704,174,198,172,4,20251029_115310
1761735150.736024,5156698,1320114688,1320.114688,177,197,172,4,20251029_115310
1761735150.746008,5156737,1320124672,1320.124672,181,198,173,4,20251029_115310
1761735150.755992,5156776,1320134656,1320.134656,184,198,173,4,20251029_115310
1761735150.765976,5156815,1320144640,1320.14464,187,198,173,4,20251029_115310
1761735150.77596,5156854,1320154624,1320.154624,190,198,173,4,20251029_115310
1761735150.785944,5156893,1320164608,1320.164608,193,198,174,4,20251029_115310
1761735150.795928,5156932,1320174592,1320.174592,196,198,174,4,20251029_115310
1761735150.805912,5156971,1320184576,1320.184576,200,198,174,4,20251029_115310
1761735150.815896,5157010,1320194560,1320.19456,203,198,175,4,20251029_115310
1761735150.82588,5157049,1320204544,1320.204544,206,198,174,4,20251029_115310
1761735150.835864,5157088,1320214528,1320.214528,209,199,175,4,20251029_115310
1761735150.846104,5157128,1320224768,1320.224768,212,198,173,4,20251029_115310
1761735150.856088,5157167,1320234752,1320.234752,215,198,175,4,20251029_115310
1761735150.866072,5157206,1320244736,1320.244736,218,199,175,4,20251029_115310
1761735150.876056,5157245,1320254720,1320.25472,220,199,175,4,20251029_115310
1761735150.88604,5157284,1320264704,1320.264704,223,199,175,4,20251029_115310
1761735150.896024,5157323,1320274688,1320.274688,226,199,175,4,20251029_115310
1761735150.906008,5157362,1320284672,1320.284672,228,199,175,4,20251029_115310
1761735150.915992,5157401,1320294656,1320.294656,231,199,176,4,20251029_115310
1761735150.925976,5157440,1320304640,1320.30464,234,199,175,4,20251029_115310
1761735150.93596,5157479,1320314624,1320.314624,236,199,175,4,20251029_115310
1761735150.945944,5157518,1320324608,1320.324608,238,199,175,4,20251029_115310
1761735150.955928,5157557,1320334592,1320.334592,241,199,175,4,20251029_115310
1761735150.965912,5157596,1320344576,1320.344576,243,199,175,4,20251029_115310
1761735150.975896,5157635,1320354560,1320.35456,245,200,176,4,20251029_115310
1761735150.98588,5157674,1320364544,1320.364544,248,200,176,4,20251029_115310
1761735150.99612,5157714,1320374784,1320.374784,250,199,175,4,20251029_115310
1761735151.006104,5157753,1320384768,1320.384768,252,200,175,4,20251029_115310
1761735151.016088,5157792,1320394752,1320.394752,254,199,174,4,20251029_115310
1761735151.026072,5157831,1320404736,1320.404736,1,199,174,4,20251029_115310
1761735151.036056,5157870,1320414720,1320.41472,3,199,174,4,20251029_115310
1761735151.04604,5157909,1320424704,1320.424704,5,199,174,4,20251029_115310
1761735151.056024,5157948,1320434688,1320.434688,6,200,176,4,20251029_115310
1761735151.066008,5157987,1320444672,1320.444672,8,199,174,4,20251029_115310
1761735151.075992,5158026,1320454656,1320.454656,10,199,175,4,20251029_115310
1761735151.085976,5158065,1320464640,1320.46464,12,200,175,4,20251029_115310
1761735151.09596,5158104,1320474624,1320.474624,13,199,175,4,20251029_115310
1761735151.105944,5158143,1320484608,1320.484608,15,200,175,4,20251029_115310
1761735151.115928,5158182,1320494592,1320.494592,17,199,175,4,20251029_115310
1761735151.125912,5158221,1320504576,1320.504576,18,200,175,4,20251029_115310
1761735151.136152,5158261,1320514816,1320.514816,20,200,175,4,20251029_115310
1761735151.146136,5158300,1320524800,1320.5248,21,199,176,4,20251029_115310
1761735151.15612,5158339,1320534784,1320.534784,23,199,176,4,20251029_115310
1761735151.166104,5158378,1320544768,1320.544768,24,199,176,4,20251029_115310
1761735151.176088,5158417,1320554752,1320.554752,26,200,176,4,20251029_115310
1761735151.186072,5158456,1320564736,1320.564736,27,199,175,4,20251029_115310
1761735151.196056,5158495,1320574720,1320.57472,29,199,176,4,20251029_115310
1761735151.20604,5158534,1320584704,1320.584704,30,200,177,4,20251029_115310
1761735151.216024,5158573,1320594688,1320.594688,32,199,176,4,20251029_115310
1761735151.226008,5158612,1320604672,1320.604672,33,199,177,4,20251029_115310
1761735151.235992,5158651,1320614656,1320.614656,34,199,178,4,20251029_115310
1761735151.245976,5158690,1320624640,1320.62464,36,200,176,4,20251029_115310
1761735151.25596,5158729,1320634624,1320.634624,37,199,177,4,20251029_115310
1761735151.265944,5158768,1320644608,1320.644608,38,199,175,4,20251029_115310
1761735151.275928,5158807,1320654592,1320.654592,40,199,177,4,20251029_115310
1761735151.286168,5158847,1320664832,1320.664832,41,200,177,4,20251029_115310
1761735151.296152,5158886,1320674816,1320.674816,42,199,177,4,20251029_115310
1761735151.306136,5158925,1320684800,1320.6848,44,200,175,4,20251029_115310
1761735151.31612,5158964,1320694784,1320.694784,45,199,176,4,20251029_115310
1761735151.326104,5159003,1320704768,1320.704768,46,200,177,4,20251029_115310
1761735151.336088,5159042,1320714752,1320.714752,47,199,177,4,20251029_115310
1761735151.346072,5159081,1320724736,1320.724736,49,199,177,4,20251029_115310
1761735151.356056,5159120,1320734720,1320.73472,50,199,177,4,20251029_115310
1761735151.36604,5159159,1320744704,1320.744704,51,199,176,4,20251029_115310
1761735151.376024,5159198,1320754688,1320.754688,53,198,176,4,20251029_115310
1761735151.386008,5159237,1320764672,1320.764672,54,199,175,4,20251029_115310
1761735151.395992,5159276,1320774656,1320.774656,55,199,175,4,20251029_115310
1761735151.405976,5159315,1320784640,1320.78464,56,199,175,4,20251029_115310
1761735151.41596,5159354,1320794624,1320.794624,58,199,175,4,20251029_115310
1761735151.425944,5159393,1320804608,1320.804608,59,199,175,4,20251029_115310
1761735151.436184,5159433,1320814848,1320.814848,60,199,174,4,20251029_115310
1761735151.446168,5159472,1320824832,1320.824832,62,199,174,4,20251029_115310
1761735151.456152,5159511,1320834816,1320.834816,63,199,174,4,20251029_115310
1761735151.466136,5159550,1320844800,1320.8448,65,199,172,4,20251029_115310
1761735151.47612,5159589,1320854784,1320.854784,66,199,172,4,20251029_115310
1761735151.486104,5159628,1320864768,1320.864768,68,198,171,4,20251029_115310
1761735151.496088,5159667,1320874752,1320.874752,69,199,169,4,20251029_115310
1761735151.506072,5159706,1320884736,1320.884736,71,199,167,4,20251029_115310
1761735151.516056,5159745,1320894720,1320.89472,73,199,162,4,20251029_115310
1761735151.52604,5159784,1320904704,1320.904704,75,199,154,4,20251029_115310
1761735151.536024,5159823,1320914688,1320.914688,77,198,147,4,20251029_115310
1761735151.546008,5159862,1320924672,1320.924672,79,198,141,4,20251029_115310
1761735151.555992,5159901,1320934656,1320.934656,82,198,135,4,20251029_115310
1761735151.565976,5159940,1320944640,1320.94464,85,198,132,4,20251029_115310
1761735151.576216,5159980,1320954880,1320.95488,87,198,128,4,20251029_115310
1761735151.5862,5160019,1320964864,1320.964864,90,198,127,4,20251029_115310
1761735151.596184,5160058,1320974848,1320.974848,93,198,124,4,20251029_115310
1761735151.606168,5160097,1320984832,1320.984832,96,198,120,4,20251029_115310
1761735151.616152,5160136,1320994816,1320.994816,99,198,118,4,20251029_115310
1761735151.626136,5160175,1321004800,1321.0048,101,198,115,4,20251029_115310
1761735151.63612,5160214,1321014784,1321.014784,104,198,115,4,20251029_115310
1761735151.646104,5160253,1321024768,1321.024768,106,199,116,4,20251029_115310
1761735151.656088,5160292,1321034752,1321.034752,109,197,116,4,20251029_115310
1761735151.666072,5160331,1321044736,1321.044736,111,198,117,4,20251029_115310
1761735151.676056,5160370,1321054720,1321.05472,114,198,118,4,20251029_115310
1761735151.68604,5160409,1321064704,1321.064704,116,198,117,4,20251029_115310
1761735151.696024,5160448,1321074688,1321.074688,118,197,117,4,20251029_115310
1761735151.706008,5160487,1321084672,1321.084672,120,197,118,4,20251029_115310
1761735151.715992,5160526,1321094656,1321.094656,122,197,118,4,20251029_115310
1761735151.726232,5160566,1321104896,1321.104896,124,197,117,4,20251029_115310
1761735151.736216,5160605,1321114880,1321.11488,126,197,119,4,20251029_115310
1761735151.7462,5160644,1321124864,1321.124864,128,197,119,4,20251029_115310
1761735151.756184,5160683,1321134848,1321.134848,130,197,119,4,20251029_115310
1761735151.766168,5160722,1321144832,1321.144832,132,197,119,4,20251029_115310
1761735151.776152,5160761,1321154816,1321.154816,134,197,119,4,20251029_115310
1761735151.786136,5160800,1321164800,1321.1648,136,197,121,4,20251029_115310
1761735151.79612,5160839,1321174784,1321.174784,138,197,120,4,20251029_115310
1761735151.806104,5160878,1321184768,1321.184768,140,197,123,4,20251029_115310
1761735151.816088,5160917,1321194752,1321.194752,141,197,122,4,20251029_115310
1761735151.826072,5160956,1321204736,1321.204736,143,197,123,4,20251029_115310
1761735151.836056,5160995,1321214720,1321.21472,145,197,124,4,20251029_115310
1761735151.84604,5161034,1321224704,1321.224704,147,197,125,4,20251029_115310
1761735151.856024,5161073,1321234688,1321.234688,148,197,126,4,20251029_115310
1761735151.866264,5161113,1321244928,1321.244928,150,197,127,4,20251029_115310
1761735151.876248,5161152,1321254912,1321.254912,152,198,127,4,20251029_115310
1761735151.886232,5161191,1321264896,1321.264896,154,197,128,4,20251029_115310
1761735151.896216,5161230,1321274880,1321.27488,155,197,133,4,20251029_115310
1761735151.9062,5161269,1321284864,1321.284864,157,197,139,4,20251029_115310
1761735151.916184,5161308,1321294848,1321.294848,160,197,144,4,20251029_115310
1761735151.926168,5161347,1321304832,1321.304832,162,197,147,4,20251029_115310
1761735151.936152,5161386,1321314816,1321.314816,164,198,151,4,20251029_115310
1761735151.946136,5161425,1321324800,1321.3248,167,198,155,4,20251029_115310
1761735151.95612,5161464,1321334784,1321.334784,169,198,160,4,20251029_115310
1761735151.966104,5161503,1321344768,1321.344768,172,198,164,4,20251029_115310
1761735151.976088,5161542,1321354752,1321.354752,175,198,168,4,20251029_115310
1761735151.986072,5161581,1321364736,1321.364736,178,198,171,4,20251029_115310
1761735151.996056,5161620,1321374720,1321.37472,181,198,171,4,20251029_115310
1761735152.00604,5161659,1321384704,1321.384704,184,198,171,4,20251029_115310
1761735152.01628,5161699,1321394944,1321.394944,188,198,171,4,20251029_115310
1761735152.026264,5161738,1321404928,1321.404928,191,198,172,4,20251029_115310
1761735152.036248,5161777,1321414912,1321.414912,194,198,172,4,20251029_115310
1761735152.046232,5161816,1321424896,1321.424896,197,198,172,4,20251029_115310
1761735152.056216,5161855,1321434880,1321.43488,200,198,173,4,20251029_115310
1761735152.0662,5161894,1321444864,1321.444864,203,198,174,4,20251029_115310
1761735152.076184,5161933,1321454848,1321.454848,206,198,174,4,20251029_115310
1761735152.086168,5161972,1321464832,1321.464832,209,198,174,4,20251029_115310
1761735152.096152,5162011,1321474816,1321.474816,212,198,174,4,20251029_115310
1761735152.106136,5162050,1321484800,1321.4848,215,198,174,4,20251029_115310
1761735152.11612,5162089,1321494784,1321.494784,218,199,174,4,20251029_115310
1761735152.126104,5162128,1321504768,1321.504768,221,199,175,4,20251029_115310
1761735152.136088,5162167,1321514752,1321.514752,223,199,174,4,20251029_115310
1761735152.146072,5162206,1321524736,1321.524736,226,199,174,4,20251029_115310
1761735152.156312,5162246,1321534976,1321.534976,229,199,174,4,20251029_115310
1761735152.166296,5162285,1321544960,1321.54496,231,199,174,4,20251029_115310
1761735152.17628,5162324,1321554944,1321.554944,234,199,175,4,20251029_115310
1761735152.186264,5162363,1321564928,1321.564928,236,199,175,4,20251029_115310
1761735152.196248,5162402,1321574912,1321.574912,239,199,175,4,20251029_115310
1761735152.206232,5162441,1321584896,1321.584896,241,199,175,4,20251029_115310
1761735152.216216,5162480,1321594880,1321.59488,243,200,175,4,20251029_115310
1761735152.2262,5162519,1321604864,1321.604864,245,199,175,4,20251029_115310
1761735152.236184,5162558,1321614848,1321.614848,248,200,175,4,20251029_115310
1761735152.246168,5162597,1321624832,1321.624832,250,199,175,4,20251029_115310
1761735152.256152,5162636,1321634816,1321.634816,252,199,175,4,20251029_115310
1761735152.266136,5162675,1321644800,1321.6448,254,200,175,4,20251029_115310
1761735152.27612,5162714,1321654784,1321.654784,1,200,175,4,20251029_115310
1761735152.286104,5162753,1321664768,1321.664768,3,199,176,4,20251029_115310
1761735152.296088,5162792,1321674752,1321.674752,5,200,176,4,20251029_115310
1761735152.306328,5162832,1321684992,1321.684992,7,199,175,4,20251029_115310
1761735152.316312,5162871,1321694976,1321.694976,8,200,175,4,20251029_115310
1761735152.326296,5162910,1321704960,1321.70496,10,199,175,4,20251029_115310
1761735152.33628,5162949,1321714944,1321.714944,12,200,175,4,20251029_115310
1761735152.346264,5162988,1321724928,1321.724928,14,199,176,4,20251029_115310
1761735152.356248,5163027,1321734912,1321.734912,15,200,175,4,20251029_115310
1761735152.366232,5163066,1321744896,1321.744896,17,199,173,4,20251029_115310
1761735152.376216,5163105,1321754880,1321.75488,19,200,173,4,20251029_115310
1761735152.3862,5163144,1321764864,1321.764864,20,200,174,4,20251029_115310
1761735152.396184,5163183,1321774848,1321.774848,22,199,173,4,20251029_115310
1761735152.406168,5163222,1321784832,1321.784832,23,199,172,4,20251029_115310
1761735152.416152,5163261,1321794816,1321.794816,25,199,172,4,20251029_115310
1761735152.426136,5163300,1321804800,1321.8048,27,199,171,4,20251029_115310
1761735152.43612,5163339,1321814784,1321.814784,28,199,170,4,20251029_115310
1761735152.44636,5163379,1321825024,1321.825024,30,199,169,4,20251029_115310
1761735152.456344,5163418,1321835008,1321.835008,31,200,168,4,20251029_115310
1761735152.466328,5163457,1321844992,1321.844992,33,199,165,4,20251029_115310
1761735152.476312,5163496,1321854976,1321.854976,35,200,162,4,20251029_115310
1761735152.486296,5163535,1321864960,1321.86496,37,199,155,4,20251029_115310
1761735152.49628,5163574,1321874944,1321.874944,39,199,145,4,20251029_115310
1761735152.506264,5163613,1321884928,1321.884928,42,200,139,4,20251029_115310
1761735152.516248,5163652,1321894912,1321.894912,44,199,135,4,20251029_115310
1761735152.526232,5163691,1321904896,1321.904896,47,199,131,4,20251029_115310
1761735152.536216,5163730,1321914880,1321.91488,50,200,127,4,20251029_115310
1761735152.5462,5163769,1321924864,1321.924864,53,199,127,4,20251029_115310
1761735152.556184,5163808,1321934848,1321.934848,57,199,123,4,20251029_115310
1761735152.566168,5163847,1321944832,1321.944832,60,199,120,4,20251029_115310
1761735152.576152,5163886,1321954816,1321.954816,63,200,118,4,20251029_115310
1761735152.586136,5163925,1321964800,1321.9648,66,200,116,4,20251029_115310
1761735152.596376,5163965,1321975040,1321.97504,70,199,114,4,20251029_115310
1761735152.60636,5164004,1321985024,1321.985024,73,199,116,4,20251029_115310
1761735152.616344,5164043,1321995008,1321.995008,76,199,115,4,20251029_115310
1761735152.626328,5164082,1322004992,1322.004992,79,198,115,4,20251029_115310
1761735152.636312,5164121,1322014976,1322.014976,82,198,114,4,20251029_115310
1761735152.646296,5164160,1322024960,1322.02496,85,198,116,4,20251029_115310
1761735152.65628,5164199,1322034944,1322.034944,88,198,115,4,20251029_115310
1761735152.666264,5164238,1322044928,1322.044928,91,198,115,4,20251029_115310
1761735152.676248,5164277,1322054912,1322.054912,94,198,115,4,20251029_115310
1761735152.686232,5164316,1322064896,1322.064896,96,198,116,4,20251029_115310
1761735152.696216,5164355,1322074880,1322.07488,99,197,116,4,20251029_115310
1761735152.7062,5164394,1322084864,1322.084864,102,198,115,4,20251029_115310
1761735152.716184,5164433,1322094848,1322.094848,104,198,115,4,20251029_115310
1761735152.726168,5164472,1322104832,1322.104832,107,197,116,4,20251029_115310
1761735152.736408,5164512,1322115072,1322.115072,109,198,116,4,20251029_115310
1761735152.746392,5164551,1322125056,1322.125056,112,197,116,4,20251029_115310
1761735152.756376,5164590,1322135040,1322.13504,114,198,118,4,20251029_115310
1761735152.76636,5164629,1322145024,1322.145024,116,197,117,4,20251029_115310
1761735152.776344,5164668,1322155008,1322.155008,118,197,119,4,20251029_115310
1761735152.786328,5164707,1322164992,1322.164992,121,197,120,4,20251029_115310
1761735152.796312,5164746,1322174976,1322.174976,123,197,120,4,20251029_115310
1761735152.806296,5164785,1322184960,1322.18496,125,197,121,4,20251029_115310
1761735152.81628,5164824,1322194944,1322.194944,127,197,123,4,20251029_115310
1761735152.826264,5164863,1322204928,1322.204928,129,198,125,4,20251029_115310
1761735152.836248,5164902,1322214912,1322.214912,131,197,127,4,20251029_115310
1761735152.846232,5164941,1322224896,1322.224896,133,198,128,4,20251029_115310
1761735152.856216,5164980,1322234880,1322.23488,135,197,132,4,20251029_115310
1761735152.8662,5165019,1322244864,1322.244864,137,198,138,4,20251029_115310
1761735152.87644,5165059,1322255104,1322.255104,139,197,144,4,20251029_115310
1761735152.886424,5165098,1322265088,1322.265088,142,198,147,4,20251029_115310
1761735152.896408,5165137,1322275072,1322.275072,144,198,153,4,20251029_115310
1761735152.906392,5165176,1322285056,1322.285056,147,198,156,4,20251029_115310
1761735152.916376,5165215,1322295040,1322.29504,149,198,160,4,20251029_115310
1761735152.92636,5165254,1322305024,1322.305024,152,197,164,4,20251029_115310
1761735152.936344,5165293,1322315008,1322.315008,155,198,166,4,20251029_115310
1761735152.946328,5165332,1322324992,1322.324992,158,197,170,4,20251029_115310
1761735152.956312,5165371,1322334976,1322.334976,161,198,171,4,20251029_115310
1761735152.966296,5165410,1322344960,1322.34496,164,197,170,4,20251029_115310
1761735152.97628,5165449,1322354944,1322.354944,167,198,170,4,20251029_115310
1761735152.986264,5165488,1322364928,1322.364928,170,198,171,4,20251029_115310
1761735152.996248,5165527,1322374912,1322.374912,173,197,171,4,20251029_115310
1761735153.006232,5165566,1322384896,1322.384896,176,198,172,4,20251029_115310
1761735153.016216,5165605,1322394880,1322.39488,179,198,171,4,20251029_115310
1761735153.026456,5165645,1322405120,1322.40512,183,198,173,4,20251029_115310
1761735153.03644,5165684,1322415104,1322.415104,186,198,173,4,20251029_115310
1761735153.046424,5165723,1322425088,1322.425088,189,198,173,4,20251029_115310
1761735153.056408,5165762,1322435072,1322.435072,192,198,173,4,20251029_115310
1761735153.066392,5165801,1322445056,1322.445056,195,198,174,4,20251029_115310
1761735153.076376,5165840,1322455040,1322.45504,198,198,174,4,20251029_115310
1761735153.08636,5165879,1322465024,1322.465024,202,198,174,4,20251029_115310
1761735153.096344,5165918,1322475008,1322.475008,205,198,175,4,20251029_115310
1761735153.106328,5165957,1322484992,1322.484992,208,198,175,4,20251029_115310
1761735153.116312,5165996,1322494976,1322.494976,211,199,175,4,20251029_115310
1761735153.126296,5166035,1322504960,1322.50496,214,198,175,4,20251029_115310
1761735153.13628,5166074,1322514944,1322.514944,217,199,174,4,20251029_115310
1761735153.146264,5166113,1322524928,1322.524928,219,199,175,4,20251029_115310
1761735153.156248,5166152,1322534912,1322.534912,222,199,174,4,20251029_115310
1761735153.166488,5166192,1322545152,1322.545152,225,199,175,4,20251029_115310
1761735153.176472,5166231,1322555136,1322.555136,228,199,174,4,20251029_115310
1761735153.186456,5166270,1322565120,1322.56512,230,200,174,4,20251029_115310
1761735153.19644,5166309,1322575104,1322.575104,233,199,175,4,20251029_115310
1761735153.206424,5166348,1322585088,1322.585088,235,199,175,4,20251029_115310
1761735153.216408,5166387,1322595072,1322.595072,238,199,175,4,20251029_115310
1761735153.226392,5166426,1322605056,1322.605056,240,200,175,4,20251029_115310
1761735153.236376,5166465,1322615040,1322.61504,242,199,174,4,20251029_115310
1761735153.24636,5166504,1322625024,1322.625024,244,199,174,4,20251029_115310
1761735153.256344,5166543,1322635008,1322.635008,247,199,175,4,20251029_115310
1761735153.266328,5166582,1322644992,1322.644992,249,199,174,4,20251029_115310
1761735153.276312,5166621,1322654976,1322.654976,251,199,175,4,20251029_115310
1761735153.286296,5166660,1322664960,1322.66496,253,200,174,4,20251029_115310
1761735153.296536,5166700,1322675200,1322.6752,0,199,175,4,20251029_115310
1761735153.30652,5166739,1322685184,1322.685184,2,199,173,4,20251029_115310
1761735153.316504,5166778,1322695168,1322.695168,4,199,174,4,20251029_115310
1761735153.326488,5166817,1322705152,1322.705152,6,199,174,4,20251029_115310
1761735153.336472,5166856,1322715136,1322.715136,8,200,174,4,20251029_115310
1761735153.346456,5166895,1322725120,1322.72512,9,199,173,4,20251029_115310
1761735153.35644,5166934,1322735104,1322.735104,11,200,173,4,20251029_115310
1761735153.36668,5166974,1322745344,1322.745344,13,200,172,4,20251029_115310
1761735153.376664,5167013,1322755328,1322.755328,15,200,171,4,20251029_115310
1761735153.386648,5167052,1322765312,1322.765312,16,200,172,4,20251029_115310
1761735153.396632,5167091,1322775296,1322.775296,18,200,171,4,20251029_115310
1761735153.406616,5167130,1322785280,1322.78528,20,199,171,4,20251029_115310
1761735153.4166,5167169,1322795264,1322.795264,21,200,170,4,20251029_115310
1761735153.426584,5167208,1322805248,1322.805248,23,200,169,4,20251029_115310
1761735153.436824,5167248,1322815488,1322.815488,25,199,170,4,20251029_115310
1761735153.446808,5167287,1322825472,1322.825472,26,200,170,4,20251029_115310
1761735153.456792,5167326,1322835456,1322.835456,28,200,169,4,20251029_115310
1761735153.466776,5167365,1322845440,1322.84544,30,199,168,4,20251029_115310
1761735153.47676,5167404,1322855424,1322.855424,31,200,169,4,20251029_115310
1761735153.486744,5167443,1322865408,1322.865408,33,200,168,4,20251029_115310
1761735153.496984,5167483,1322875648,1322.875648,34,200,167,4,20251029_115310
1761735153.506968,5167522,1322885632,1322.885632,36,200,168,4,20251029_115310
1761735153.516952,5167561,1322895616,1322.895616,37,200,168,4,20251029_115310
1761735153.526936,5167600,1322905600,1322.9056,39,199,168,4,20251029_115310
1761735153.53692,5167639,1322915584,1322.915584,41,201,170,4,20251029_115310
1761735153.546904,5167678,1322925568,1322.925568,42,199,168,4,20251029_115310
1761735153.556888,5167717,1322935552,1322.935552,44,200,170,4,20251029_115310
1761735153.566872,5167756,1322945536,1322.945536,45,199,168,4,20251029_115310
1761735153.577112,5167796,1322955776,1322.955776,47,200,169,4,20251029_115310
1761735153.587096,5167835,1322965760,1322.96576,48,199,169,4,20251029_115310
1761735153.59708,5167874,1322975744,1322.975744,50,200,169,4,20251029_115310
1761735153.607064,5167913,1322985728,1322.985728,51,199,169,4,20251029_115310
1761735153.617048,5167952,1322995712,1322.995712,53,199,169,4,20251029_115310
1761735153.627032,5167991,1323005696,1323.005696,54,199,170,4,20251029_115310
1761735153.637016,5168030,1323015680,1323.01568,55,199,170,4,20251029_115310
1761735153.647,5168069,1323025664,1323.025664,57,199,169,4,20251029_115310
1761735153.65724,5168109,1323035904,1323.035904,58,199,168,4,20251029_115310
1761735153.667224,5168148,1323045888,1323.045888,60,199,170,4,20251029_115310
1761735153.677208,5168187,1323055872,1323.055872,61,199,171,4,20251029_115310
1761735153.687192,5168226,1323065856,1323.065856,63,199,170,4,20251029_115310
1761735153.697176,5168265,1323075840,1323.07584,64,199,171,4,20251029_115310
1761735153.70716,5168304,1323085824,1323.085824,66,201,172,4,20251029_115310
1761735153.717144,5168343,1323095808,1323.095808,67,199,171,4,20251029_115310
1761735153.727128,5168382,1323105792,1323.105792,69,198,172,4,20251029_115310
1761735153.737112,5168421,1323115776,1323.115776,70,199,171,4,20251029_115310
1761735153.747096,5168460,1323125760,1323.12576,72,199,172,4,20251029_115310
1761735153.75708,5168499,1323135744,1323.135744,73,199,171,4,20251029_115310
1761735153.767064,5168538,1323145728,1323.145728,75,198,171,4,20251029_115310
1761735153.777048,5168577,1323155712,1323.155712,76,198,172,4,20251029_115310
1761735153.787032,5168616,1323165696,1323.165696,78,198,171,4,20251029_115310
1761735153.797272,5168656,1323175936,1323.175936,80,198,170,4,20251029_115310
1761735153.807256,5168695,1323185920,1323.18592,81,198,172,4,20251029_115310
1761735153.81724,5168734,1323195904,1323.195904,83,198,171,4,20251029_115310
1761735153.827224,5168773,1323205888,1323.205888,85,198,170,4,20251029_115310
1761735153.837208,5168812,1323215872,1323.215872,87,198,169,4,20251029_115310
1761735153.847192,5168851,1323225856,1323.225856,88,198,168,4,20251029_115310
1761735153.857176,5168890,1323235840,1323.23584,90,198,167,4,20251029_115310
1761735153.86716,5168929,1323245824,1323.245824,92,198,166,4,20251029_115310
1761735153.877144,5168968,1323255808,1323.255808,94,198,165,4,20251029_115310
1761735153.887128,5169007,1323265792,1323.265792,96,198,161,4,20251029_115310
1761735153.897112,5169046,1323275776,1323.275776,98,198,155,4,20251029_115310
1761735153.907096,5169085,1323285760,1323.28576,100,198,150,4,20251029_115310
1761735153.91708,5169124,1323295744,1323.295744,103,197,148,4,20251029_115310
1761735153.927064,5169163,1323305728,1323.305728,105,197,144,4,20251029_115310
1761735153.937304,5169203,1323315968,1323.315968,107,197,140,4,20251029_115310
1761735153.947288,5169242,1323325952,1323.325952,110,197,136,4,20251029_115310
1761735153.957272,5169281,1323335936,1323.335936,112,197,134,4,20251029_115310
1761735153.967256,5169320,1323345920,1323.34592,114,198,133,4,20251029_115310
1761735153.97724,5169359,1323355904,1323.355904,117,198,130,4,20251029_115310
1761735153.987224,5169398,1323365888,1323.365888,119,197,129,4,20251029_115310
1761735153.997208,5169437,1323375872,1323.375872,121,198,128,4,20251029_115310
1761735154.007192,5169476,1323385856,1323.385856,123,198,128,4,20251029_115310
1761735154.017176,5169515,1323395840,1323.39584,125,197,127,4,20251029_115310
1761735154.02716,5169554,1323405824,1323.405824,127,197,128,4,20251029_115310
1761735154.037144,5169593,1323415808,1323.415808,129,198,128,4,20251029_115310
1761735154.047128,5169632,1323425792,1323.425792,132,197,128,4,20251029_115310
1761735154.057112,5169671,1323435776,1323.435776,134,198,128,4,20251029_115310
1761735154.067096,5169710,1323445760,1323.44576,135,198,129,4,20251029_115310
1761735154.077336,5169750,1323456000,1323.456,137,197,130,4,20251029_115310
1761735154.08732,5169789,1323465984,1323.465984,139,197,130,4,20251029_115310
1761735154.097304,5169828,1323475968,1323.475968,141,197,130,4,20251029_115310
1761735154.107288,5169867,1323485952,1323.485952,143,197,131,4,20251029_115310
1761735154.117272,5169906,1323495936,1323.495936,145,197,132,4,20251029_115310
1761735154.127256,5169945,1323505920,1323.50592,147,197,133,4,20251029_115310
1761735154.13724,5169984,1323515904,1323.515904,149,197,134,4,20251029_115310
1761735154.147224,5170023,1323525888,1323.525888,151,197,135,4,20251029_115310
1761735154.157208,5170062,1323535872,1323.535872,153,197,137,4,20251029_115310
1761735154.167192,5170101,1323545856,1323.545856,155,197,138,4,20251029_115310
1761735154.177176,5170140,1323555840,1323.55584,157,199,142,4,20251029_115310
1761735154.18716,5170179,1323565824,1323.565824,159,198,143,4,20251029_115310
1761735154.1974,5170219,1323576064,1323.576064,162,198,148,4,20251029_115310
1761735154.207384,5170258,1323586048,1323.586048,164,197,150,4,20251029_115310
1761735154.217368,5170297,1323596032,1323.596032,166,198,152,4,20251029_115310
1761735154.227352,5170336,1323606016,1323.606016,169,197,156,4,20251029_115310
1761735154.237336,5170375,1323616000,1323.616,172,198,160,4,20251029_115310
1761735154.24732,5170414,1323625984,1323.625984,174,197,161,4,20251029_115310
1761735154.257304,5170453,1323635968,1323.635968,177,197,164,4,20251029_115310
1761735154.267288,5170492,1323645952,1323.645952,180,197,167,4,20251029_115310
1761735154.277272,5170531,1323655936,1323.655936,184,198,170,4,20251029_115310
1761735154.287256,5170570,1323665920,1323.66592,187,198,172,4,20251029_115310
1761735154.297496,5170610,1323676160,1323.67616,190,198,173,4,20251029_115310
1761735154.30748,5170649,1323686144,1323.686144,193,198,172,4,20251029_115310
1761735154.317464,5170688,1323696128,1323.696128,196,198,173,4,20251029_115310
1761735154.327448,5170727,1323706112,1323.706112,199,198,173,4,20251029_115310
1761735154.337432,5170766,1323716096,1323.716096,203,197,175,4,20251029_115310
1761735154.347416,5170805,1323726080,1323.72608,206,198,174,4,20251029_115310
1761735154.3574,5170844,1323736064,1323.736064,209,198,174,4,20251029_115310
1761735154.367384,5170883,1323746048,1323.746048,212,198,174,4,20251029_115310
1761735154.377368,5170922,1323756032,1323.756032,215,199,175,4,20251029_115310
1761735154.387352,5170961,1323766016,1323.766016,218,199,175,4,20251029_115310
1761735154.397336,5171000,1323776000,1323.776,220,198,175,4,20251029_115310
1761735154.40732,5171039,1323785984,1323.785984,223,199,176,4,20251029_115310
1761735154.417304,5171078,1323795968,1323.795968,226,199,176,4,20251029_115310
1761735154.427288,5171117,1323805952,1323.805952,228,199,175,4,20251029_115310
1761735154.437528,5171157,1323816192,1323.816192,231,199,176,4,20251029_115310
1761735154.447512,5171196,1323826176,1323.826176,234,199,175,4,20251029_115310
1761735154.457496,5171235,1323836160,1323.83616,236,199,176,4,20251029_115310
1761735154.46748,5171274,1323846144,1323.846144,238,199,175,4,20251029_115310
1761735154.477464,5171313,1323856128,1323.856128,241,199,176,4,20251029_115310
1761735154.487448,5171352,1323866112,1323.866112,243,199,176,4,20251029_115310
1761735154.497432,5171391,1323876096,1323.876096,245,199,176,4,20251029_115310
1761735154.507416,5171430,1323886080,1323.88608,247,199,176,4,20251029_115310
1761735154.5174,5171469,1323896064,1323.896064,250,199,176,4,20251029_115310
1761735154.527384,5171508,1323906048,1323.906048,252,199,176,4,20251029_115310
1761735154.537368,5171547,1323916032,1323.916032,254,199,176,4,20251029_115310
1761735154.547352,5171586,1323926016,1323.926016,1,200,177,4,20251029_115310
1761735154.557336,5171625,1323936000,1323.936,3,200,176,4,20251029_115310
1761735154.56732,5171664,1323945984,1323.945984,5,200,176,4,20251029_115310
1761735154.57756,5171704,1323956224,1323.956224,6,200,177,4,20251029_115310
1761735154.587544,5171743,1323966208,1323.966208,8,199,176,4,20251029_115310
1761735154.597528,5171782,1323976192,1323.976192,10,200,176,4,20251029_115310
1761735154.607512,5171821,1323986176,1323.986176,12,199,176,4,20251029_115310
1761735154.617496,5171860,1323996160,1323.99616,13,199,176,4,20251029_115310
1761735154.62748,5171899,1324006144,1324.006144,15,199,177,4,20251029_115310
1761735154.637464,5171938,1324016128,1324.016128,17,200,175,4,20251029_115310
1761735154.647448,5171977,1324026112,1324.026112,18,200,177,4,20251029_115310
1761735154.657432,5172016,1324036096,1324.036096,20,199,176,4,20251029_115310
1761735154.667416,5172055,1324046080,1324.04608,21,199,176,4,20251029_115310
1761735154.6774,5172094,1324056064,1324.056064,23,200,175,4,20251029_115310
1761735154.687384,5172133,1324066048,1324.066048,24,200,176,4,20251029_115310
1761735154.697368,5172172,1324076032,1324.076032,26,199,176,4,20251029_115310
1761735154.707352,5172211,1324086016,1324.086016,27,199,176,4,20251029_115310
1761735154.717592,5172251,1324096256,1324.096256,29,199,175,4,20251029_115310
1761735154.727576,5172290,1324106240,1324.10624,30,200,175,4,20251029_115310
1761735154.73756,5172329,1324116224,1324.116224,32,200,175,4,20251029_115310
1761735154.747544,5172368,1324126208,1324.126208,33,200,174,4,20251029_115310
1761735154.757528,5172407,1324136192,1324.136192,34,199,174,4,20251029_115310
1761735154.767512,5172446,1324146176,1324.146176,36,199,173,4,20251029_115310
1761735154.777496,5172485,1324156160,1324.15616,37,200,173,4,20251029_115310
1761735154.78748,5172524,1324166144,1324.166144,39,200,170,4,20251029_115310
1761735154.797464,5172563,1324176128,1324.176128,41,199,169,4,20251029_115310
1761735154.807448,5172602,1324186112,1324.186112,42,200,167,4,20251029_115310
1761735154.817432,5172641,1324196096,1324.196096,44,200,159,4,20251029_115310
1761735154.827416,5172680,1324206080,1324.20608,46,199,151,4,20251029_115310
1761735154.8374,5172719,1324216064,1324.216064,49,200,146,4,20251029_115310
1761735154.847384,5172758,1324226048,1324.226048,52,199,141,4,20251029_115310
1761735154.857624,5172798,1324236288,1324.236288,55,199,134,4,20251029_115310
1761735154.867608,5172837,1324246272,1324.246272,58,199,130,4,20251029_115310
1761735154.877592,5172876,1324256256,1324.256256,62,199,127,4,20251029_115310
1761735154.887576,5172915,1324266240,1324.26624,65,199,125,4,20251029_115310
1761735154.89756,5172954,1324276224,1324.276224,68,200,120,4,20251029_115310
1761735154.907544,5172993,1324286208,1324.286208,71,199,116,4,20251029_115310
1761735154.917528,5173032,1324296192,1324.296192,75,199,116,4,20251029_115310
1761735154.927512,5173071,1324306176,1324.306176,78,198,115,4,20251029_115310
1761735154.937496,5173110,1324316160,1324.31616,81,198,115,4,20251029_115310
1761735154.94748,5173149,1324326144,1324.326144,84,199,115,4,20251029_115310
1761735154.957464,5173188,1324336128,1324.336128,87,199,116,4,20251029_115310
1761735154.967448,5173227,1324346112,1324.346112,90,198,116,4,20251029_115310
1761735154.977432,5173266,1324356096,1324.356096,92,198,115,4,20251029_115310
1761735154.987416,5173305,1324366080,1324.36608,95,198,116,4,20251029_115310
1761735154.9974,5173344,1324376064,1324.376064,98,198,115,4,20251029_115310
1761735155.00764,5173384,1324386304,1324.386304,101,197,116,4,20251029_115310
1761735155.017624,5173423,1324396288,1324.396288,103,198,115,4,20251029_115310
1761735155.027608,5173462,1324406272,1324.406272,106,199,116,4,20251029_115310
1761735155.037592,5173501,1324416256,1324.416256,108,197,116,4,20251029_115310
1761735155.047576,5173540,1324426240,1324.42624,111,197,116,4,20251029_115310
1761735155.05756,5173579,1324436224,1324.436224,113,198,117,4,20251029_115310
1761735155.067544,5173618,1324446208,1324.446208,115,197,116,4,20251029_115310
1761735155.077528,5173657,1324456192,1324.456192,118,197,116,4,20251029_115310
1761735155.087512,5173696,1324466176,1324.466176,120,197,116,4,20251029_115310
1761735155.097496,5173735,1324476160,1324.47616,122,197,117,4,20251029_115310
1761735155.10748,5173774,1324486144,1324.486144,124,197,116,4,20251029_115310
1761735155.117464,5173813,1324496128,1324.496128,126,197,117,4,20251029_115310
1761735155.127448,5173852,1324506112,1324.506112,128,197,118,4,20251029_115310
1761735155.137432,5173891,1324516096,1324.516096,130,197,118,4,20251029_115310
1761735155.147416,5173930,1324526080,1324.52608,132,197,118,4,20251029_115310
1761735155.157656,5173970,1324536320,1324.53632,134,197,118,4,20251029_115310
1761735155.16764,5174009,1324546304,1324.546304,135,197,119,4,20251029_115310
1761735155.177624,5174048,1324556288,1324.556288,137,197,120,4,20251029_115310
1761735155.187608,5174087,1324566272,1324.566272,139,197,122,4,20251029_115310
1761735155.197592,5174126,1324576256,1324.576256,141,197,124,4,20251029_115310
1761735155.207576,5174165,1324586240,1324.58624,143,197,126,4,20251029_115310
1761735155.21756,5174204,1324596224,1324.596224,145,197,127,4,20251029_115310
1761735155.227544,5174243,1324606208,1324.606208,146,197,128,4,20251029_115310
1761735155.237528,5174282,1324616192,1324.616192,148,197,131,4,20251029_115310
1761735155.247512,5174321,1324626176,1324.626176,150,197,138,4,20251029_115310
1761735155.257496,5174360,1324636160,1324.63616,153,197,144,4,20251029_115310
1761735155.26748,5174399,1324646144,1324.646144,155,197,148,4,20251029_115310
1761735155.277464,5174438,1324656128,1324.656128,157,197,153,4,20251029_115310
1761735155.287448,5174477,1324666112,1324.666112,160,197,158,4,20251029_115310
1761735155.297432,5174516,1324676096,1324.676096,163,198,162,4,20251029_115310
1761735155.307672,5174556,1324686336,1324.686336,165,197,165,4,20251029_115310
1761735155.317656,5174595,1324696320,1324.69632,168,197,168,4,20251029_115310
1761735155.32764,5174634,1324706304,1324.706304,171,197,170,4,20251029_115310
1761735155.337624,5174673,1324716288,1324.716288,175,198,170,4,20251029_115310
1761735155.347608,5174712,1324726272,1324.726272,178,197,171,4,20251029_115310
1761735155.357592,5174751,1324736256,1324.736256,181,198,170,4,20251029_115310
1761735155.367576,5174790,1324746240,1324.74624,184,198,171,4,20251029_115310
1761735155.37756,5174829,1324756224,1324.756224,187,197,170,4,20251029_115310
1761735155.387544,5174868,1324766208,1324.766208,190,198,173,4,20251029_115310
1761735155.397528,5174907,1324776192,1324.776192,193,198,173,4,20251029_115310
1761735155.407512,5174946,1324786176,1324.786176,196,198,173,4,20251029_115310
1761735155.417496,5174985,1324796160,1324.79616,200,198,172,4,20251029_115310
1761735155.42748,5175024,1324806144,1324.806144,203,198,174,4,20251029_115310
1761735155.437464,5175063,1324816128,1324.816128,206,198,174,4,20251029_115310
1761735155.447704,5175103,1324826368,1324.826368,209,198,174,4,20251029_115310
1761735155.457688,5175142,1324836352,1324.836352,212,198,176,4,20251029_115310
1761735155.467672,5175181,1324846336,1324.846336,215,199,175,4,20251029_115310
1761735155.477656,5175220,1324856320,1324.85632,217,199,175,4,20251029_115310
1761735155.48764,5175259,1324866304,1324.866304,220,199,175,4,20251029_115310
1761735155.497624,5175298,1324876288,1324.876288,223,199,174,4,20251029_115310
1761735155.507608,5175337,1324886272,1324.886272,226,199,174,4,20251029_115310
1761735155.517592,5175376,1324896256,1324.896256,228,199,175,4,20251029_115310
1761735155.527576,5175415,1324906240,1324.90624,231,199,174,4,20251029_115310
1761735155.53756,5175454,1324916224,1324.916224,233,199,175,4,20251029_115310
1761735155.547544,5175493,1324926208,1324.926208,236,199,174,4,20251029_115310
1761735155.557528,5175532,1324936192,1324.936192,238,199,174,4,20251029_115310
1761735155.567512,5175571,1324946176,1324.946176,241,199,175,4,20251029_115310
1761735155.577496,5175610,1324956160,1324.95616,243,199,174,4,20251029_115310
1761735155.58748,5175649,1324966144,1324.966144,245,199,175,4,20251029_115310
1761735155.59772,5175689,1324976384,1324.976384,247,199,176,4,20251029_115310
1761735155.607704,5175728,1324986368,1324.986368,250,199,176,4,20251029_115310
1761735155.617688,5175767,1324996352,1324.996352,252,199,176,4,20251029_115310
1761735155.627672,5175806,1325006336,1325.006336,254,199,175,4,20251029_115310
1761735155.637656,5175845,1325016320,1325.01632,1,199,175,4,20251029_115310
1761735155.64764,5175884,1325026304,1325.026304,3,200,174,4,20251029_115310
1761735155.657624,5175923,1325036288,1325.036288,4,200,173,4,20251029_115310
1761735155.667608,5175962,1325046272,1325.046272,6,199,174,4,20251029_115310
1761735155.677592,5176001,1325056256,1325.056256,8,199,173,4,20251029_115310
1761735155.687576,5176040,1325066240,1325.06624,10,200,174,4,20251029_115310
1761735155.69756,5176079,1325076224,1325.076224,12,199,173,4,20251029_115310
1761735155.707544,5176118,1325086208,1325.086208,13,200,172,4,20251029_115310
1761735155.717528,5176157,1325096192,1325.096192,15,199,172,4,20251029_115310
1761735155.727512,5176196,1325106176,1325.106176,17,199,171,4,20251029_115310
1761735155.737752,5176236,1325116416,1325.116416,19,199,169,4,20251029_115310
1761735155.747736,5176275,1325126400,1325.1264,20,200,170,4,20251029_115310
1761735155.75772,5176314,1325136384,1325.136384,22,200,168,4,20251029_115310
1761735155.767704,5176353,1325146368,1325.146368,24,200,166,4,20251029_115310
1761735155.777688,5176392,1325156352,1325.156352,26,198,162,4,20251029_115310
1761735155.787672,5176431,1325166336,1325.166336,28,200,159,4,20251029_115310
1761735155.797656,5176470,1325176320,1325.17632,30,200,154,4,20251029_115310
1761735155.80764,5176509,1325186304,1325.186304,32,199,150,4,20251029_115310
1761735155.817624,5176548,1325196288,1325.196288,34,199,146,4,20251029_115310
1761735155.827608,5176587,1325206272,1325.206272,36,200,144,4,20251029_115310
1761735155.837592,5176626,1325216256,1325.216256,39,199,140,4,20251029_115310
1761735155.847576,5176665,1325226240,1325.22624,41,199,136,4,20251029_115310
1761735155.85756,5176704,1325236224,1325.236224,44,199,134,4,20251029_115310
1761735155.867544,5176743,1325246208,1325.246208,47,199,130,4,20251029_115310
1761735155.877528,5176782,1325256192,1325.256192,50,199,129,4,20251029_115310
1761735155.887768,5176822,1325266432,1325.266432,53,200,127,4,20251029_115310
1761735155.897752,5176861,1325276416,1325.276416,56,199,125,4,20251029_115310
1761735155.907736,5176900,1325286400,1325.2864,59,199,123,4,20251029_115310
1761735155.91772,5176939,1325296384,1325.296384,62,199,121,4,20251029_115310
1761735155.927704,5176978,1325306368,1325.306368,65,199,120,4,20251029_115310
1761735155.937688,5177017,1325316352,1325.316352,68,198,118,4,20251029_115310
1761735155.947672,5177056,1325326336,1325.326336,71,198,115,4,20251029_115310
1761735155.957656,5177095,1325336320,1325.33632,74,199,115,4,20251029_115310
1761735155.96764,5177134,1325346304,1325.346304,78,198,116,4,20251029_115310
1761735155.977624,5177173,1325356288,1325.356288,81,198,116,4,20251029_115310
1761735155.987608,5177212,1325366272,1325.366272,84,198,114,4,20251029_115310
1761735155.997592,5177251,1325376256,1325.376256,87,198,115,4,20251029_115310
1761735156.007576,5177290,1325386240,1325.38624,89,198,116,4,20251029_115310
1761735156.01756,5177329,1325396224,1325.396224,92,198,116,4,20251029_115310
1761735156.0278,5177369,1325406464,1325.406464,95,197,116,4,20251029_115310
1761735156.037784,5177408,1325416448,1325.416448,98,198,117,4,20251029_115310
1761735156.047768,5177447,1325426432,1325.426432,100,199,117,4,20251029_115310
1761735156.057752,5177486,1325436416,1325.436416,103,198,117,4,20251029_115310
1761735156.067736,5177525,1325446400,1325.4464,106,198,118,4,20251029_115310
1761735156.07772,5177564,1325456384,1325.456384,108,197,118,4,20251029_115310
1761735156.087704,5177603,1325466368,1325.466368,110,198,119,4,20251029_115310
1761735156.097688,5177642,1325476352,1325.476352,113,197,119,4,20251029_115310
1761735156.107672,5177681,1325486336,1325.486336,115,198,120,4,20251029_115310
1761735156.117656,5177720,1325496320,1325.49632,117,197,122,4,20251029_115310
1761735156.12764,5177759,1325506304,1325.506304,120,197,124,4,20251029_115310
1761735156.137624,5177798,1325516288,1325.516288,122,198,126,4,20251029_115310
1761735156.147608,5177837,1325526272,1325.526272,124,197,127,4,20251029_115310
1761735156.157592,5177876,1325536256,1325.536256,126,197,128,4,20251029_115310
1761735156.167832,5177916,1325546496,1325.546496,128,197,130,4,20251029_115310
1761735156.177816,5177955,1325556480,1325.55648,130,197,136,4,20251029_115310
1761735156.1878,5177994,1325566464,1325.566464,132,198,140,4,20251029_115310
1761735156.197784,5178033,1325576448,1325.576448,135,197,144,4,20251029_115310
1761735156.207768,5178072,1325586432,1325.586432,137,198,148,4,20251029_115310
1761735156.217752,5178111,1325596416,1325.596416,139,197,150,4,20251029_115310
1761735156.227736,5178150,1325606400,1325.6064,142,198,155,4,20251029_115310
1761735156.23772,5178189,1325616384,1325.616384,144,197,157,4,20251029_115310
1761735156.247704,5178228,1325626368,1325.626368,147,198,160,4,20251029_115310
1761735156.257688,5178267,1325636352,1325.636352,150,198,163,4,20251029_115310
1761735156.267672,5178306,1325646336,1325.646336,152,197,166,4,20251029_115310
1761735156.277656,5178345,1325656320,1325.65632,155,197,168,4,20251029_115310
1761735156.28764,5178384,1325666304,1325.666304,158,197,170,4,20251029_115310
1761735156.297624,5178423,1325676288,1325.676288,161,197,172,4,20251029_115310
1761735156.307864,5178463,1325686528,1325.686528,164,197,171,4,20251029_115310
1761735156.317848,5178502,1325696512,1325.696512,168,198,173,4,20251029_115310
1761735156.327832,5178541,1325706496,1325.706496,171,197,172,4,20251029_115310
1761735156.337816,5178580,1325716480,1325.71648,174,198,172,4,20251029_115310
1761735156.3478,5178619,1325726464,1325.726464,177,197,172,4,20251029_115310
1761735156.357784,5178658,1325736448,1325.736448,180,197,172,4,20251029_115310
1761735156.367768,5178697,1325746432,1325.746432,183,198,172,4,20251029_115310
1761735156.377752,5178736,1325756416,1325.756416,187,198,173,4,20251029_115310
1761735156.387736,5178775,1325766400,1325.7664,190,198,172,4,20251029_115310
1761735156.39772,5178814,1325776384,1325.776384,193,198,174,4,20251029_115310
1761735156.407704,5178853,1325786368,1325.786368,196,198,174,4,20251029_115310
1761735156.417688,5178892,1325796352,1325.796352,199,198,174,4,20251029_115310
1761735156.427672,5178931,1325806336,1325.806336,202,198,174,4,20251029_115310
1761735156.437656,5178970,1325816320,1325.81632,205,198,174,4,20251029_115310
1761735156.44764,5179009,1325826304,1325.826304,208,198,175,4,20251029_115310
1761735156.45788,5179049,1325836544,1325.836544,211,198,175,4,20251029_115310
1761735156.467864,5179088,1325846528,1325.846528,214,199,175,4,20251029_115310
1761735156.477848,5179127,1325856512,1325.856512,217,199,175,4,20251029_115310
1761735156.487832,5179166,1325866496,1325.866496,220,199,175,4,20251029_115310
1761735156.497816,5179205,1325876480,1325.87648,223,199,175,4,20251029_115310
1761735156.5078,5179244,1325886464,1325.886464,226,199,176,4,20251029_115310
1761735156.517784,5179283,1325896448,1325.896448,228,199,175,4,20251029_115310
1761735156.527768,5179322,1325906432,1325.906432,231,199,175,4,20251029_115310
1761735156.537752,5179361,1325916416,1325.916416,233,200,175,4,20251029_115310
1761735156.547736,5179400,1325926400,1325.9264,236,199,175,4,20251029_115310
1761735156.55772,5179439,1325936384,1325.936384,238,199,175,4,20251029_115310
1761735156.567704,5179478,1325946368,1325.946368,241,199,175,4,20251029_115310
1761735156.577688,5179517,1325956352,1325.956352,243,199,175,4,20251029_115310
1761735156.587672,5179556,1325966336,1325.966336,245,199,176,4,20251029_115310
1761735156.597912,5179596,1325976576,1325.976576,247,200,175,4,20251029_115310
1761735156.607896,5179635,1325986560,1325.98656,249,199,175,4,20251029_115310
1761735156.61788,5179674,1325996544,1325.996544,251,199,174,4,20251029_115310
1761735156.627864,5179713,1326006528,1326.006528,253,200,175,4,20251029_115310
1761735156.637848,5179752,1326016512,1326.016512,0,199,174,4,20251029_115310
1761735156.647832,5179791,1326026496,1326.026496,2,199,175,4,20251029_115310
1761735156.657816,5179830,1326036480,1326.03648,4,199,175,4,20251029_115310
1761735156.6678,5179869,1326046464,1326.046464,6,199,175,4,20251029_115310
1761735156.677784,5179908,1326056448,1326.056448,8,199,175,4,20251029_115310
1761735156.687768,5179947,1326066432,1326.066432,10,200,175,4,20251029_115310
1761735156.697752,5179986,1326076416,1326.076416,11,199,174,4,20251029_115310
1761735156.707736,5180025,1326086400,1326.0864,13,199,174,4,20251029_115310
1761735156.71772,5180064,1326096384,1326.096384,15,200,175,4,20251029_115310
1761735156.727704,5180103,1326106368,1326.106368,16,199,173,4,20251029_115310
1761735156.737944,5180143,1326116608,1326.116608,18,199,175,4,20251029_115310
1761735156.747928,5180182,1326126592,1326.126592,20,199,175,4,20251029_115310
1761735156.757912,5180221,1326136576,1326.136576,21,199,176,4,20251029_115310
1761735156.767896,5180260,1326146560,1326.14656,23,199,175,4,20251029_115310
1761735156.77788,5180299,1326156544,1326.156544,24,199,175,4,20251029_115310
1761735156.787864,5180338,1326166528,1326.166528,26,199,175,4,20251029_115310
1761735156.797848,5180377,1326176512,1326.176512,27,199,175,4,20251029_115310
1761735156.807832,5180416,1326186496,1326.186496,29,199,176,4,20251029_115310
1761735156.817816,5180455,1326196480,1326.19648,30,199,175,4,20251029_115310
1761735156.8278,5180494,1326206464,1326.206464,31,199,176,4,20251029_115310
1761735156.837784,5180533,1326216448,1326.216448,33,199,175,4,20251029_115310
1761735156.847768,5180572,1326226432,1326.226432,34,199,176,4,20251029_115310
1761735156.857752,5180611,1326236416,1326.236416,35,199,176,4,20251029_115310
1761735156.867736,5180650,1326246400,1326.2464,37,199,177,4,20251029_115310
1761735156.877976,5180690,1326256640,1326.25664,38,199,175,4,20251029_115310
1761735156.88796,5180729,1326266624,1326.266624,39,199,176,4,20251029_115310
1761735156.897944,5180768,1326276608,1326.276608,41,199,177,4,20251029_115310
1761735156.907928,5180807,1326286592,1326.286592,42,199,176,4,20251029_115310
1761735156.917912,5180846,1326296576,1326.296576,43,199,178,4,20251029_115310
1761735156.927896,5180885,1326306560,1326.30656,45,199,175,4,20251029_115310
1761735156.93788,5180924,1326316544,1326.316544,46,199,177,4,20251029_115310
1761735156.947864,5180963,1326326528,1326.326528,47,199,177,4,20251029_115310
1761735156.957848,5181002,1326336512,1326.336512,49,199,177,4,20251029_115310
1761735156.967832,5181041,1326346496,1326.346496,50,199,177,4,20251029_115310
1761735156.977816,5181080,1326356480,1326.35648,51,198,176,4,20251029_115310
1761735156.9878,5181119,1326366464,1326.366464,52,198,177,4,20251029_115310
1761735156.997784,5181158,1326376448,1326.376448,54,199,176,4,20251029_115310
1761735157.007768,5181197,1326386432,1326.386432,55,199,176,4,20251029_115310
1761735157.017752,5181236,1326396416,1326.396416,56,199,175,4,20251029_115310
1761735157.027992,5181276,1326406656,1326.406656,58,199,174,4,20251029_115310
1761735157.037976,5181315,1326416640,1326.41664,59,199,174,4,20251029_115310
1761735157.04796,5181354,1326426624,1326.426624,60,199,175,4,20251029_115310
1761735157.057944,5181393,1326436608,1326.436608,62,199,174,4,20251029_115310
1761735157.067928,5181432,1326446592,1326.446592,63,199,174,4,20251029_115310
1761735157.077912,5181471,1326456576,1326.456576,64,198,174,4,20251029_115310
1761735157.087896,5181510,1326466560,1326.46656,66,198,173,4,20251029_115310
1761735157.09788,5181549,1326476544,1326.476544,67,199,172,4,20251029_115310
1761735157.107864,5181588,1326486528,1326.486528,69,199,173,4,20251029_115310
1761735157.117848,5181627,1326496512,1326.496512,70,198,170,4,20251029_115310
1761735157.127832,5181666,1326506496,1326.506496,72,198,168,4,20251029_115310
1761735157.137816,5181705,1326516480,1326.51648,74,199,164,4,20251029_115310
1761735157.1478,5181744,1326526464,1326.526464,75,198,158,4,20251029_115310
1761735157.157784,5181783,1326536448,1326.536448,78,198,151,4,20251029_115310
1761735157.168024,5181823,1326546688,1326.546688,80,198,144,4,20251029_115310
1761735157.178008,5181862,1326556672,1326.556672,82,199,140,4,20251029_115310
1761735157.187992,5181901,1326566656,1326.566656,85,198,134,4,20251029_115310
1761735157.197976,5181940,1326576640,1326.57664,88,198,130,4,20251029_115310
1761735157.20796,5181979,1326586624,1326.586624,90,198,127,4,20251029_115310
1761735157.217944,5182018,1326596608,1326.596608,93,198,125,4,20251029_115310
1761735157.227928,5182057,1326606592,1326.606592,96,197,122,4,20251029_115310
1761735157.237912,5182096,1326616576,1326.616576,99,198,119,4,20251029_115310
1761735157.247896,5182135,1326626560,1326.62656,101,198,117,4,20251029_115310
1761735157.25788,5182174,1326636544,1326.636544,104,197,116,4,20251029_115310
1761735157.267864,5182213,1326646528,1326.646528,106,197,115,4,20251029_115310
1761735157.277848,5182252,1326656512,1326.656512,109,197,115,4,20251029_115310
1761735157.287832,5182291,1326666496,1326.666496,111,197,116,4,20251029_115310
1761735157.297816,5182330,1326676480,1326.67648,114,197,115,4,20251029_115310
1761735157.3078,5182369,1326686464,1326.686464,116,197,118,4,20251029_115310
1761735157.31804,5182409,1326696704,1326.696704,118,197,116,4,20251029_115310
1761735157.328024,5182448,1326706688,1326.706688,120,197,117,4,20251029_115310
1761735157.338008,5182487,1326716672,1326.716672,122,199,117,4,20251029_115310
1761735157.347992,5182526,1326726656,1326.726656,124,197,117,4,20251029_115310
1761735157.357976,5182565,1326736640,1326.73664,126,197,117,4,20251029_115310
1761735157.36796,5182604,1326746624,1326.746624,128,197,117,4,20251029_115310
1761735157.377944,5182643,1326756608,1326.756608,130,197,117,4,20251029_115310
1761735157.387928,5182682,1326766592,1326.766592,132,197,119,4,20251029_115310
1761735157.397912,5182721,1326776576,1326.776576,134,197,117,4,20251029_115310
1761735157.407896,5182760,1326786560,1326.78656,136,197,118,4,20251029_115310
1761735157.41788,5182799,1326796544,1326.796544,138,197,118,4,20251029_115310
1761735157.427864,5182838,1326806528,1326.806528,139,197,120,4,20251029_115310
1761735157.437848,5182877,1326816512,1326.816512,141,196,121,4,20251029_115310
1761735157.447832,5182916,1326826496,1326.826496,143,197,122,4,20251029_115310
1761735157.458072,5182956,1326836736,1326.836736,145,197,122,4,20251029_115310
1761735157.468056,5182995,1326846720,1326.84672,146,197,122,4,20251029_115310
1761735157.47804,5183034,1326856704,1326.856704,148,197,124,4,20251029_115310
1761735157.488024,5183073,1326866688,1326.866688,150,196,125,4,20251029_115310
1761735157.498008,5183112,1326876672,1326.876672,152,197,127,4,20251029_115310
1761735157.507992,5183151,1326886656,1326.886656,153,197,128,4,20251029_115310
1761735157.517976,5183190,1326896640,1326.89664,155,197,129,4,20251029_115310
1761735157.52796,5183229,1326906624,1326.906624,157,197,133,4,20251029_115310
1761735157.537944,5183268,1326916608,1326.916608,159,197,138,4,20251029_115310
1761735157.547928,5183307,1326926592,1326.926592,161,198,143,4,20251029_115310
1761735157.557912,5183346,1326936576,1326.936576,163,199,147,4,20251029_115310
1761735157.567896,5183385,1326946560,1326.94656,166,197,150,4,20251029_115310
1761735157.57788,5183424,1326956544,1326.956544,168,198,156,4,20251029_115310
1761735157.587864,5183463,1326966528,1326.966528,171,198,160,4,20251029_115310
1761735157.598104,5183503,1326976768,1326.976768,174,197,165,4,20251029_115310
1761735157.608088,5183542,1326986752,1326.986752,177,197,169,4,20251029_115310
1761735157.618072,5183581,1326996736,1326.996736,180,198,170,4,20251029_115310
1761735157.628056,5183620,1327006720,1327.00672,183,198,171,4,20251029_115310
1761735157.63804,5183659,1327016704,1327.016704,186,198,171,4,20251029_115310
1761735157.648024,5183698,1327026688,1327.026688,189,197,171,4,20251029_115310
1761735157.658008,5183737,1327036672,1327.036672,192,198,171,4,20251029_115310
1761735157.667992,5183776,1327046656,1327.046656,196,198,172,4,20251029_115310
1761735157.678232,5183816,1327056896,1327.056896,199,197,172,4,20251029_115310
1761735157.688216,5183855,1327066880,1327.06688,202,198,172,4,20251029_115310
1761735157.6982,5183894,1327076864,1327.076864,205,199,174,4,20251029_115310
1761735157.708184,5183933,1327086848,1327.086848,208,198,173,4,20251029_115310
1761735157.718168,5183972,1327096832,1327.096832,211,198,174,4,20251029_115310
1761735157.728152,5184011,1327106816,1327.106816,214,198,174,4,20251029_115310
1761735157.738136,5184050,1327116800,1327.1168,216,199,173,4,20251029_115310
1761735157.74812,5184089,1327126784,1327.126784,219,199,173,4,20251029_115310
1761735157.758104,5184128,1327136768,1327.136768,222,199,174,4,20251029_115310
1761735157.768088,5184167,1327146752,1327.146752,225,198,174,4,20251029_115310
1761735157.778072,5184206,1327156736,1327.156736,227,199,174,4,20251029_115310
1761735157.788056,5184245,1327166720,1327.16672,230,198,174,4,20251029_115310
1761735157.79804,5184284,1327176704,1327.176704,232,199,175,4,20251029_115310
1761735157.808024,5184323,1327186688,1327.186688,235,199,175,4,20251029_115310
1761735157.818264,5184363,1327196928,1327.196928,237,199,175,4,20251029_115310
1761735157.828248,5184402,1327206912,1327.206912,240,199,175,4,20251029_115310
1761735157.838232,5184441,1327216896,1327.216896,242,200,176,4,20251029_115310
1761735157.848216,5184480,1327226880,1327.22688,244,200,177,4,20251029_115310
1761735157.8582,5184519,1327236864,1327.236864,247,199,174,4,20251029_115310
1761735157.868184,5184558,1327246848,1327.246848,249,199,174,4,20251029_115310
1761735157.878168,5184597,1327256832,1327.256832,251,199,173,4,20251029_115310
1761735157.888152,5184636,1327266816,1327.266816,253,200,174,4,20251029_115310
1761735157.898136,5184675,1327276800,1327.2768,0,199,175,4,20251029_115310
1761735157.90812,5184714,1327286784,1327.286784,2,200,175,4,20251029_115310
1761735157.918104,5184753,1327296768,1327.296768,4,199,173,4,20251029_115310
1761735157.928088,5184792,1327306752,1327.306752,6,199,174,4,20251029_115310
1761735157.938072,5184831,1327316736,1327.316736,7,200,175,4,20251029_115310
1761735157.948056,5184870,1327326720,1327.32672,9,199,175,4,20251029_115310
1761735157.95804,5184909,1327336704,1327.336704,11,200,174,4,20251029_115310
1761735157.96828,5184949,1327346944,1327.346944,13,200,176,4,20251029_115310
1761735157.978264,5184988,1327356928,1327.356928,14,200,173,4,20251029_115310
1761735157.988248,5185027,1327366912,1327.366912,16,199,175,4,20251029_115310
1761735157.998232,5185066,1327376896,1327.376896,18,200,174,4,20251029_115310
1761735158.008216,5185105,1327386880,1327.38688,19,199,174,4,20251029_115310
1761735158.0182,5185144,1327396864,1327.396864,21,199,173,4,20251029_115310
1761735158.028184,5185183,1327406848,1327.406848,23,199,172,4,20251029_115310
1761735158.038168,5185222,1327416832,1327.416832,24,199,172,4,20251029_115310
1761735158.048152,5185261,1327426816,1327.426816,26,200,172,4,20251029_115310
1761735158.058136,5185300,1327436800,1327.4368,27,199,170,4,20251029_115310
1761735158.06812,5185339,1327446784,1327.446784,29,199,168,4,20251029_115310
1761735158.078104,5185378,1327456768,1327.456768,31,199,166,4,20251029_115310
1761735158.088088,5185417,1327466752,1327.466752,32,199,165,4,20251029_115310
1761735158.098072,5185456,1327476736,1327.476736,34,200,162,4,20251029_115310
1761735158.108312,5185496,1327486976,1327.486976,36,199,155,4,20251029_115310
1761735158.118296,5185535,1327496960,1327.49696,38,199,148,4,20251029_115310
1761735158.12828,5185574,1327506944,1327.506944,41,199,142,4,20251029_115310
1761735158.138264,5185613,1327516928,1327.516928,43,199,136,4,20251029_115310
1761735158.148248,5185652,1327526912,1327.526912,46,199,133,4,20251029_115310
1761735158.158232,5185691,1327536896,1327.536896,49,199,129,4,20251029_115310
1761735158.168216,5185730,1327546880,1327.54688,52,199,127,4,20251029_115310
1761735158.1782,5185769,1327556864,1327.556864,55,199,125,4,20251029_115310
1761735158.188184,5185808,1327566848,1327.566848,59,199,121,4,20251029_115310
1761735158.198168,5185847,1327576832,1327.576832,62,198,118,4,20251029_115310
1761735158.208152,5185886,1327586816,1327.586816,65,199,116,4,20251029_115310
1761735158.218136,5185925,1327596800,1327.5968,68,198,115,4,20251029_115310
1761735158.22812,5185964,1327606784,1327.606784,72,199,115,4,20251029_115310
1761735158.238104,5186003,1327616768,1327.616768,75,198,115,4,20251029_115310
1761735158.248088,5186042,1327626752,1327.626752,78,199,114,4,20251029_115310
1761735158.258328,5186082,1327636992,1327.636992,81,199,113,4,20251029_115310
1761735158.268312,5186121,1327646976,1327.646976,84,198,114,4,20251029_115310
1761735158.278296,5186160,1327656960,1327.65696,87,198,113,4,20251029_115310
1761735158.28828,5186199,1327666944,1327.666944,90,198,114,4,20251029_115310
1761735158.298264,5186238,1327676928,1327.676928,93,197,114,4,20251029_115310
1761735158.308248,5186277,1327686912,1327.686912,95,197,114,4,20251029_115310
1761735158.318232,5186316,1327696896,1327.696896,98,198,114,4,20251029_115310
1761735158.328216,5186355,1327706880,1327.70688,101,197,114,4,20251029_115310
1761735158.3382,5186394,1327716864,1327.716864,103,198,114,4,20251029_115310
1761735158.348184,5186433,1327726848,1327.726848,106,197,114,4,20251029_115310
1761735158.358168,5186472,1327736832,1327.736832,108,198,115,4,20251029_115310
1761735158.368152,5186511,1327746816,1327.746816,111,197,115,4,20251029_115310
1761735158.378136,5186550,1327756800,1327.7568,113,198,116,4,20251029_115310
1761735158.38812,5186589,1327766784,1327.766784,115,197,116,4,20251029_115310
1761735158.39836,5186629,1327777024,1327.777024,118,197,116,4,20251029_115310
1761735158.408344,5186668,1327787008,1327.787008,120,197,116,4,20251029_115310
1761735158.418328,5186707,1327796992,1327.796992,122,198,119,4,20251029_115310
1761735158.428312,5186746,1327806976,1327.806976,124,197,119,4,20251029_115310
1761735158.438296,5186785,1327816960,1327.81696,126,197,121,4,20251029_115310
1761735158.44828,5186824,1327826944,1327.826944,128,196,122,4,20251029_115310
1761735158.458264,5186863,1327836928,1327.836928,130,197,125,4,20251029_115310
1761735158.468248,5186902,1327846912,1327.846912,132,197,126,4,20251029_115310
1761735158.478232,5186941,1327856896,1327.856896,134,197,128,4,20251029_115310
1761735158.488216,5186980,1327866880,1327.86688,136,197,133,4,20251029_115310
1761735158.4982,5187019,1327876864,1327.876864,138,197,138,4,20251029_115310
1761735158.508184,5187058,1327886848,1327.886848,141,197,144,4,20251029_115310
1761735158.518168,5187097,1327896832,1327.896832,143,197,148,4,20251029_115310
1761735158.528152,5187136,1327906816,1327.906816,145,197,151,4,20251029_115310
1761735158.538392,5187176,1327917056,1327.917056,148,197,156,4,20251029_115310
1761735158.548376,5187215,1327927040,1327.92704,150,198,159,4,20251029_115310
1761735158.55836,5187254,1327937024,1327.937024,153,197,163,4,20251029_115310
1761735158.568344,5187293,1327947008,1327.947008,156,197,165,4,20251029_115310
1761735158.578328,5187332,1327956992,1327.956992,159,197,168,4,20251029_115310
1761735158.588312,5187371,1327966976,1327.966976,162,198,170,4,20251029_115310
1761735158.598296,5187410,1327976960,1327.97696,165,198,171,4,20251029_115310
1761735158.60828,5187449,1327986944,1327.986944,168,198,171,4,20251029_115310
1761735158.618264,5187488,1327996928,1327.996928,171,198,171,4,20251029_115310
1761735158.628248,5187527,1328006912,1328.006912,174,198,172,4,20251029_115310
1761735158.638232,5187566,1328016896,1328.016896,177,198,172,4,20251029_115310
1761735158.648216,5187605,1328026880,1328.02688,181,198,172,4,20251029_115310
1761735158.6582,5187644,1328036864,1328.036864,184,197,173,4,20251029_115310
1761735158.668184,5187683,1328046848,1328.046848,187,198,173,4,20251029_115310
1761735158.678168,5187722,1328056832,1328.056832,190,199,174,4,20251029_115310
1761735158.688408,5187762,1328067072,1328.067072,193,198,174,4,20251029_115310
1761735158.698392,5187801,1328077056,1328.077056,197,198,174,4,20251029_115310
1761735158.708376,5187840,1328087040,1328.08704,200,198,174,4,20251029_115310
1761735158.71836,5187879,1328097024,1328.097024,203,198,174,4,20251029_115310
1761735158.728344,5187918,1328107008,1328.107008,206,198,174,4,20251029_115310
1761735158.738328,5187957,1328116992,1328.116992,209,198,173,4,20251029_115310
1761735158.748312,5187996,1328126976,1328.126976,212,198,174,4,20251029_115310
1761735158.758296,5188035,1328136960,1328.13696,215,199,175,4,20251029_115310
1761735158.76828,5188074,1328146944,1328.146944,218,199,175,4,20251029_115310
1761735158.778264,5188113,1328156928,1328.156928,220,199,175,4,20251029_115310
1761735158.788248,5188152,1328166912,1328.166912,223,199,175,4,20251029_115310
1761735158.798232,5188191,1328176896,1328.176896,226,199,175,4,20251029_115310
1761735158.808216,5188230,1328186880,1328.18688,228,199,175,4,20251029_115310
1761735158.8182,5188269,1328196864,1328.196864,231,199,175,4,20251029_115310
1761735158.828184,5188308,1328206848,1328.206848,234,199,174,4,20251029_115310
1761735158.838424,5188348,1328217088,1328.217088,236,199,175,4,20251029_115310
1761735158.848408,5188387,1328227072,1328.227072,238,199,175,4,20251029_115310
1761735158.858392,5188426,1328237056,1328.237056,241,199,174,4,20251029_115310
1761735158.868376,5188465,1328247040,1328.24704,243,199,175,4,20251029_115310
1761735158.87836,5188504,1328257024,1328.257024,245,199,175,4,20251029_115310
1761735158.888344,5188543,1328267008,1328.267008,247,199,175,4,20251029_115310
1761735158.898328,5188582,1328276992,1328.276992,250,199,174,4,20251029_115310
1761735158.908312,5188621,1328286976,1328.286976,252,199,174,4,20251029_115310
1761735158.918296,5188660,1328296960,1328.29696,254,200,174,4,20251029_115310
1761735158.92828,5188699,1328306944,1328.306944,1,199,174,4,20251029_115310
1761735158.938264,5188738,1328316928,1328.316928,3,199,174,4,20251029_115310
1761735158.948248,5188777,1328326912,1328.326912,5,199,173,4,20251029_115310
1761735158.958232,5188816,1328336896,1328.336896,6,199,174,4,20251029_115310
1761735158.968216,5188855,1328346880,1328.34688,8,200,174,4,20251029_115310
1761735158.978456,5188895,1328357120,1328.35712,10,200,173,4,20251029_115310
1761735158.98844,5188934,1328367104,1328.367104,12,199,173,4,20251029_115310
1761735158.998424,5188973,1328377088,1328.377088,13,199,173,4,20251029_115310
1761735159.008408,5189012,1328387072,1328.387072,15,199,172,4,20251029_115310
1761735159.018392,5189051,1328397056,1328.397056,17,200,172,4,20251029_115310
1761735159.028376,5189090,1328407040,1328.40704,19,199,171,4,20251029_115310
1761735159.03836,5189129,1328417024,1328.417024,20,200,171,4,20251029_115310
1761735159.048344,5189168,1328427008,1328.427008,22,200,171,4,20251029_115310
1761735159.058328,5189207,1328436992,1328.436992,24,199,169,4,20251029_115310
1761735159.068312,5189246,1328446976,1328.446976,25,199,170,4,20251029_115310
1761735159.078296,5189285,1328456960,1328.45696,27,199,169,4,20251029_115310
1761735159.08828,5189324,1328466944,1328.466944,28,200,169,4,20251029_115310
1761735159.098264,5189363,1328476928,1328.476928,30,200,169,4,20251029_115310
1761735159.108248,5189402,1328486912,1328.486912,32,199,167,4,20251029_115310
1761735159.118488,5189442,1328497152,1328.497152,33,199,167,4,20251029_115310
1761735159.128472,5189481,1328507136,1328.507136,35,199,168,4,20251029_115310
1761735159.138456,5189520,1328517120,1328.51712,36,199,168,4,20251029_115310
1761735159.14844,5189559,1328527104,1328.527104,38,199,168,4,20251029_115310
1761735159.158424,5189598,1328537088,1328.537088,39,199,168,4,20251029_115310
1761735159.168408,5189637,1328547072,1328.547072,41,199,167,4,20251029_115310
1761735159.178392,5189676,1328557056,1328.557056,42,199,167,4,20251029_115310
1761735159.188376,5189715,1328567040,1328.56704,44,199,168,4,20251029_115310
1761735159.19836,5189754,1328577024,1328.577024,45,199,168,4,20251029_115310
1761735159.208344,5189793,1328587008,1328.587008,47,199,168,4,20251029_115310
1761735159.218328,5189832,1328596992,1328.596992,49,199,169,4,20251029_115310
1761735159.228312,5189871,1328606976,1328.606976,50,199,168,4,20251029_115310
1761735159.238296,5189910,1328616960,1328.61696,51,199,169,4,20251029_115310
1761735159.24828,5189949,1328626944,1328.626944,53,200,169,4,20251029_115310
1761735159.258264,5189988,1328636928,1328.636928,54,199,170,4,20251029_115310
1761735159.268504,5190028,1328647168,1328.647168,56,199,170,4,20251029_115310
1761735159.278488,5190067,1328657152,1328.657152,57,198,169,4,20251029_115310
1761735159.288472,5190106,1328667136,1328.667136,59,199,170,4,20251029_115310
1761735159.298456,5190145,1328677120,1328.67712,60,199,170,4,20251029_115310
1761735159.30844,5190184,1328687104,1328.687104,62,199,171,4,20251029_115310
1761735159.318424,5190223,1328697088,1328.697088,63,198,171,4,20251029_115310
1761735159.328408,5190262,1328707072,1328.707072,65,199,171,4,20251029_115310
1761735159.338392,5190301,1328717056,1328.717056,66,199,171,4,20251029_115310
1761735159.348376,5190340,1328727040,1328.72704,68,199,170,4,20251029_115310
1761735159.35836,5190379,1328737024,1328.737024,69,198,172,4,20251029_115310
1761735159.368344,5190418,1328747008,1328.747008,71,199,173,4,20251029_115310
1761735159.378328,5190457,1328756992,1328.756992,72,198,172,4,20251029_115310
1761735159.388312,5190496,1328766976,1328.766976,74,199,172,4,20251029_115310
1761735159.398552,5190536,1328777216,1328.777216,75,198,171,4,20251029_115310
1761735159.408536,5190575,1328787200,1328.7872,77,199,172,4,20251029_115310
1761735159.41852,5190614,1328797184,1328.797184,78,199,171,4,20251029_115310
1761735159.428504,5190653,1328807168,1328.807168,80,198,171,4,20251029_115310
1761735159.438488,5190692,1328817152,1328.817152,82,198,171,4,20251029_115310
1761735159.448472,5190731,1328827136,1328.827136,83,198,170,4,20251029_115310
1761735159.458456,5190770,1328837120,1328.83712,85,197,170,4,20251029_115310
1761735159.46844,5190809,1328847104,1328.847104,87,198,170,4,20251029_115310
1761735159.47868,5190849,1328857344,1328.857344,88,198,170,4,20251029_115310
1761735159.488664,5190888,1328867328,1328.867328,90,198,168,4,20251029_115310
1761735159.498648,5190927,1328877312,1328.877312,92,198,168,4,20251029_115310
1761735159.508632,5190966,1328887296,1328.887296,94,198,166,4,20251029_115310
1761735159.518616,5191005,1328897280,1328.89728,96,197,164,4,20251029_115310
1761735159.5286,5191044,1328907264,1328.907264,98,197,160,4,20251029_115310
1761735159.53884,5191084,1328917504,1328.917504,100,198,154,4,20251029_115310
1761735159.548824,5191123,1328927488,1328.927488,103,197,150,4,20251029_115310
1761735159.558808,5191162,1328937472,1328.937472,105,197,145,4,20251029_115310
1761735159.568792,5191201,1328947456,1328.947456,107,197,142,4,20251029_115310
1761735159.578776,5191240,1328957440,1328.95744,110,197,139,4,20251029_115310
1761735159.58876,5191279,1328967424,1328.967424,112,197,136,4,20251029_115310
1761735159.598744,5191318,1328977408,1328.977408,114,197,132,4,20251029_115310
1761735159.608728,5191357,1328987392,1328.987392,116,197,130,4,20251029_115310
1761735159.618968,5191397,1328997632,1328.997632,119,197,129,4,20251029_115310
1761735159.628952,5191436,1329007616,1329.007616,121,197,128,4,20251029_115310
1761735159.638936,5191475,1329017600,1329.0176,123,197,127,4,20251029_115310
1761735159.64892,5191514,1329027584,1329.027584,125,197,127,4,20251029_115310
1761735159.658904,5191553,1329037568,1329.037568,127,197,127,4,20251029_115310
1761735159.668888,5191592,1329047552,1329.047552,129,197,127,4,20251029_115310
1761735159.678872,5191631,1329057536,1329.057536,131,197,127,4,20251029_115310
1761735159.688856,5191670,1329067520,1329.06752,133,196,128,4,20251029_115310
1761735159.69884,5191709,1329077504,1329.077504,135,197,128,4,20251029_115310
1761735159.708824,5191748,1329087488,1329.087488,137,197,128,4,20251029_115310
1761735159.718808,5191787,1329097472,1329.097472,139,197,129,4,20251029_115310
1761735159.728792,5191826,1329107456,1329.107456,141,197,130,4,20251029_115310
1761735159.739032,5191866,1329117696,1329.117696,143,197,130,4,20251029_115310
1761735159.749016,5191905,1329127680,1329.12768,145,197,132,4,20251029_115310
1761735159.759,5191944,1329137664,1329.137664,147,197,132,4,20251029_115310
1761735159.768984,5191983,1329147648,1329.147648,149,197,134,4,20251029_115310
1761735159.778968,5192022,1329157632,1329.157632,151,196,135,4,20251029_115310
1761735159.788952,5192061,1329167616,1329.167616,153,197,137,4,20251029_115310
1761735159.798936,5192100,1329177600,1329.1776,155,197,139,4,20251029_115310
1761735159.80892,5192139,1329187584,1329.187584,157,197,142,4,20251029_115310
1761735159.818904,5192178,1329197568,1329.197568,160,197,145,4,20251029_115310
1761735159.828888,5192217,1329207552,1329.207552,162,197,148,4,20251029_115310
1761735159.838872,5192256,1329217536,1329.217536,164,197,150,4,20251029_115310
1761735159.848856,5192295,1329227520,1329.22752,167,197,152,4,20251029_115310
1761735159.85884,5192334,1329237504,1329.237504,169,197,156,4,20251029_115310
1761735159.868824,5192373,1329247488,1329.247488,172,197,158,4,20251029_115310
1761735159.879064,5192413,1329257728,1329.257728,175,197,162,4,20251029_115310
1761735159.889048,5192452,1329267712,1329.267712,178,199,166,4,20251029_115310
1761735159.899032,5192491,1329277696,1329.277696,181,197,168,4,20251029_115310
1761735159.909016,5192530,1329287680,1329.28768,184,198,170,4,20251029_115310
1761735159.919,5192569,1329297664,1329.297664,187,198,172,4,20251029_115310
1761735159.928984,5192608,1329307648,1329.307648,190,198,173,4,20251029_115310
1761735159.938968,5192647,1329317632,1329.317632,194,198,173,4,20251029_115310
1761735159.948952,5192686,1329327616,1329.327616,197,199,173,4,20251029_115310
1761735159.958936,5192725,1329337600,1329.3376,200,198,174,4,20251029_115310
1761735159.96892,5192764,1329347584,1329.347584,203,197,174,4,20251029_115310
1761735159.978904,5192803,1329357568,1329.357568,206,199,174,4,20251029_115310
1761735159.988888,5192842,1329367552,1329.367552,209,198,174,4,20251029_115310
1761735159.998872,5192881,1329377536,1329.377536,212,198,174,4,20251029_115310
1761735160.008856,5192920,1329387520,1329.38752,215,199,175,4,20251029_115310
1761735160.019096,5192960,1329397760,1329.39776,218,199,175,4,20251029_115310
1761735160.02908,5192999,1329407744,1329.407744,221,199,175,4,20251029_115310
1761735160.039064,5193038,1329417728,1329.417728,224,199,175,4,20251029_115310
1761735160.049048,5193077,1329427712,1329.427712,226,198,175,4,20251029_115310
1761735160.059032,5193116,1329437696,1329.437696,229,200,177,4,20251029_115310
1761735160.069016,5193155,1329447680,1329.44768,232,199,174,4,20251029_115310
1761735160.079,5193194,1329457664,1329.457664,234,199,176,4,20251029_115310
1761735160.088984,5193233,1329467648,1329.467648,237,198,176,4,20251029_115310
1761735160.098968,5193272,1329477632,1329.477632,239,199,175,4,20251029_115310
1761735160.108952,5193311,1329487616,1329.487616,241,199,175,4,20251029_115310
1761735160.118936,5193350,1329497600,1329.4976,244,200,175,4,20251029_115310
1761735160.12892,5193389,1329507584,1329.507584,246,199,176,4,20251029_115310
1761735160.138904,5193428,1329517568,1329.517568,248,199,176,4,20251029_115310
1761735160.148888,5193467,1329527552,1329.527552,250,199,176,4,20251029_115310
1761735160.158872,5193506,1329537536,1329.537536,252,199,176,4,20251029_115310
1761735160.169112,5193546,1329547776,1329.547776,254,199,174,4,20251029_115310
1761735160.179096,5193585,1329557760,1329.55776,1,199,176,4,20251029_115310
1761735160.18908,5193624,1329567744,1329.567744,3,199,176,4,20251029_115310
1761735160.199064,5193663,1329577728,1329.577728,5,199,175,4,20251029_115310
1761735160.209048,5193702,1329587712,1329.587712,7,200,177,4,20251029_115310
1761735160.219032,5193741,1329597696,1329.597696,9,199,176,4,20251029_115310
1761735160.229016,5193780,1329607680,1329.60768,10,199,176,4,20251029_115310
1761735160.239256,5193820,1329617920,1329.61792,12,199,176,4,20251029_115310
1761735160.24924,5193859,1329627904,1329.627904,14,199,176,4,20251029_115310
1761735160.259224,5193898,1329637888,1329.637888,15,199,176,4,20251029_115310
1761735160.269208,5193937,1329647872,1329.647872,17,199,176,4,20251029_115310
1761735160.279192,5193976,1329657856,1329.657856,19,199,176,4,20251029_115310
1761735160.289176,5194015,1329667840,1329.66784,20,200,176,4,20251029_115310
1761735160.29916,5194054,1329677824,1329.677824,22,199,176,4,20251029_115310
1761735160.3094,5194094,1329688064,1329.688064,23,199,175,4,20251029_115310
1761735160.319384,5194133,1329698048,1329.698048,25,199,175,4,20251029_115310
1761735160.329368,5194172,1329708032,1329.708032,26,199,176,4,20251029_115310
1761735160.339352,5194211,1329718016,1329.718016,28,199,176,4,20251029_115310
1761735160.349336,5194250,1329728000,1329.728,29,199,175,4,20251029_115310
1761735160.35932,5194289,1329737984,1329.737984,30,199,175,4,20251029_115310
1761735160.369304,5194328,1329747968,1329.747968,32,199,174,4,20251029_115310
1761735160.379288,5194367,1329757952,1329.757952,33,199,173,4,20251029_115310
1761735160.389272,5194406,1329767936,1329.767936,35,199,173,4,20251029_115310
1761735160.399256,5194445,1329777920,1329.77792,36,199,172,4,20251029_115310
1761735160.409496,5194485,1329788160,1329.78816,38,199,172,4,20251029_115310
1761735160.41948,5194524,1329798144,1329.798144,39,199,170,4,20251029_115310
1761735160.429464,5194563,1329808128,1329.808128,41,199,168,4,20251029_115310
1761735160.439448,5194602,1329818112,1329.818112,43,199,163,4,20251029_115310
1761735160.449432,5194641,1329828096,1329.828096,45,199,155,4,20251029_115310
1761735160.459416,5194680,1329838080,1329.83808,47,199,149,4,20251029_115310
1761735160.4694,5194719,1329848064,1329.848064,50,199,145,4,20251029_115310
1761735160.479384,5194758,1329858048,1329.858048,53,199,139,4,20251029_115310
1761735160.489368,5194797,1329868032,1329.868032,56,199,134,4,20251029_115310
1761735160.499352,5194836,1329878016,1329.878016,59,199,130,4,20251029_115310
1761735160.509336,5194875,1329888000,1329.888,63,199,127,4,20251029_115310
1761735160.51932,5194914,1329897984,1329.897984,66,199,124,4,20251029_115310
1761735160.529304,5194953,1329907968,1329.907968,69,199,120,4,20251029_115310
1761735160.539288,5194992,1329917952,1329.917952,72,199,116,4,20251029_115310
1761735160.549528,5195032,1329928192,1329.928192,75,199,116,4,20251029_115310
1761735160.559512,5195071,1329938176,1329.938176,79,198,115,4,20251029_115310
1761735160.569496,5195110,1329948160,1329.94816,82,198,115,4,20251029_115310
1761735160.57948,5195149,1329958144,1329.958144,85,198,114,4,20251029_115310
1761735160.589464,5195188,1329968128,1329.968128,88,198,116,4,20251029_115310
1761735160.599448,5195227,1329978112,1329.978112,90,198,115,4,20251029_115310
1761735160.609432,5195266,1329988096,1329.988096,93,198,115,4,20251029_115310
1761735160.619416,5195305,1329998080,1329.99808,96,198,115,4,20251029_115310
1761735160.6294,5195344,1330008064,1330.008064,99,198,116,4,20251029_115310
1761735160.639384,5195383,1330018048,1330.018048,101,198,114,4,20251029_115310
1761735160.649368,5195422,1330028032,1330.028032,104,198,116,4,20251029_115310
1761735160.659352,5195461,1330038016,1330.038016,106,197,116,4,20251029_115310
1761735160.669336,5195500,1330048000,1330.048,109,198,116,4,20251029_115310
1761735160.67932,5195539,1330057984,1330.057984,111,197,116,4,20251029_115310
1761735160.689304,5195578,1330067968,1330.067968,114,197,116,4,20251029_115310
1761735160.699544,5195618,1330078208,1330.078208,116,197,114,4,20251029_115310
1761735160.709528,5195657,1330088192,1330.088192,118,197,116,4,20251029_115310
1761735160.719512,5195696,1330098176,1330.098176,120,197,115,4,20251029_115310
1761735160.729496,5195735,1330108160,1330.10816,122,197,115,4,20251029_115310
1761735160.73948,5195774,1330118144,1330.118144,125,197,116,4,20251029_115310
1761735160.749464,5195813,1330128128,1330.128128,127,197,116,4,20251029_115310
1761735160.759448,5195852,1330138112,1330.138112,128,197,117,4,20251029_115310
1761735160.769432,5195891,1330148096,1330.148096,130,197,117,4,20251029_115310
1761735160.779416,5195930,1330158080,1330.15808,132,197,117,4,20251029_115310
1761735160.7894,5195969,1330168064,1330.168064,134,197,117,4,20251029_115310
1761735160.799384,5196008,1330178048,1330.178048,136,197,119,4,20251029_115310
1761735160.809368,5196047,1330188032,1330.188032,138,197,120,4,20251029_115310
1761735160.819352,5196086,1330198016,1330.198016,140,196,119,4,20251029_115310
1761735160.829336,5196125,1330208000,1330.208,141,197,121,4,20251029_115310
1761735160.839576,5196165,1330218240,1330.21824,143,197,123,4,20251029_115310
1761735160.84956,5196204,1330228224,1330.228224,145,197,127,4,20251029_115310
1761735160.859544,5196243,1330238208,1330.238208,147,197,127,4,20251029_115310
1761735160.869528,5196282,1330248192,1330.248192,149,197,127,4,20251029_115310
1761735160.879512,5196321,1330258176,1330.258176,151,197,132,4,20251029_115310
1761735160.889496,5196360,1330268160,1330.26816,153,197,138,4,20251029_115310
1761735160.89948,5196399,1330278144,1330.278144,155,197,144,4,20251029_115310
1761735160.909464,5196438,1330288128,1330.288128,157,198,149,4,20251029_115310
1761735160.919448,5196477,1330298112,1330.298112,159,198,152,4,20251029_115310
1761735160.929432,5196516,1330308096,1330.308096,162,198,158,4,20251029_115310
1761735160.939416,5196555,1330318080,1330.31808,165,197,161,4,20251029_115310
1761735160.9494,5196594,1330328064,1330.328064,168,198,165,4,20251029_115310
1761735160.959384,5196633,1330338048,1330.338048,171,198,170,4,20251029_115310
1761735160.969368,5196672,1330348032,1330.348032,174,197,170,4,20251029_115310
1761735160.979608,5196712,1330358272,1330.358272,177,197,170,4,20251029_115310
1761735160.989592,5196751,1330368256,1330.368256,180,198,171,4,20251029_115310
1761735160.999576,5196790,1330378240,1330.37824,183,198,171,4,20251029_115310
1761735161.00956,5196829,1330388224,1330.388224,186,198,171,4,20251029_115310
1761735161.019544,5196868,1330398208,1330.398208,189,198,172,4,20251029_115310
1761735161.029528,5196907,1330408192,1330.408192,193,197,173,4,20251029_115310
1761735161.039512,5196946,1330418176,1330.418176,196,199,174,4,20251029_115310
1761735161.049496,5196985,1330428160,1330.42816,199,197,173,4,20251029_115310
1761735161.05948,5197024,1330438144,1330.438144,202,197,174,4,20251029_115310
1761735161.069464,5197063,1330448128,1330.448128,205,198,174,4,20251029_115310
1761735161.079448,5197102,1330458112,1330.458112,208,198,174,4,20251029_115310
1761735161.089432,5197141,1330468096,1330.468096,211,199,174,4,20251029_115310
1761735161.099416,5197180,1330478080,1330.47808,214,199,174,4,20251029_115310
1761735161.1094,5197219,1330488064,1330.488064,217,199,174,4,20251029_115310
1761735161.119384,5197258,1330498048,1330.498048,220,199,174,4,20251029_115310
1761735161.129624,5197298,1330508288,1330.508288,222,199,175,4,20251029_115310
1761735161.139608,5197337,1330518272,1330.518272,225,199,175,4,20251029_115310
1761735161.149592,5197376,1330528256,1330.528256,228,199,172,4,20251029_115310
1761735161.159576,5197415,1330538240,1330.53824,230,199,175,4,20251029_115310
1761735161.16956,5197454,1330548224,1330.548224,233,199,175,4,20251029_115310
1761735161.179544,5197493,1330558208,1330.558208,235,199,174,4,20251029_115310
1761735161.189528,5197532,1330568192,1330.568192,238,200,174,4,20251029_115310
1761735161.199512,5197571,1330578176,1330.578176,240,200,174,4,20251029_115310
1761735161.209496,5197610,1330588160,1330.58816,242,199,174,4,20251029_115310
1761735161.21948,5197649,1330598144,1330.598144,245,199,175,4,20251029_115310
1761735161.229464,5197688,1330608128,1330.608128,247,199,176,4,20251029_115310
1761735161.239448,5197727,1330618112,1330.618112,249,199,175,4,20251029_115310
1761735161.249432,5197766,1330628096,1330.628096,251,199,175,4,20251029_115310
1761735161.259416,5197805,1330638080,1330.63808,253,199,174,4,20251029_115310
1761735161.2694,5197844,1330648064,1330.648064,0,199,175,4,20251029_115310
1761735161.27964,5197884,1330658304,1330.658304,2,200,175,4,20251029_115310
1761735161.289624,5197923,1330668288,1330.668288,4,200,175,4,20251029_115310
1761735161.299608,5197962,1330678272,1330.678272,6,199,174,4,20251029_115310
1761735161.309592,5198001,1330688256,1330.688256,8,199,174,4,20251029_115310
1761735161.319576,5198040,1330698240,1330.69824,9,200,174,4,20251029_115310
1761735161.32956,5198079,1330708224,1330.708224,11,199,172,4,20251029_115310
1761735161.339544,5198118,1330718208,1330.718208,13,199,172,4,20251029_115310
1761735161.349528,5198157,1330728192,1330.728192,15,200,172,4,20251029_115310
1761735161.359512,5198196,1330738176,1330.738176,16,199,171,4,20251029_115310
1761735161.369496,5198235,1330748160,1330.74816,18,199,170,4,20251029_115310
1761735161.37948,5198274,1330758144,1330.758144,20,200,170,4,20251029_115310
1761735161.389464,5198313,1330768128,1330.768128,22,199,167,4,20251029_115310
1761735161.399448,5198352,1330778112,1330.778112,23,199,166,4,20251029_115310
1761735161.409432,5198391,1330788096,1330.788096,25,199,166,4,20251029_115310
1761735161.419672,5198431,1330798336,1330.798336,27,200,163,4,20251029_115310
1761735161.429656,5198470,1330808320,1330.80832,29,199,159,4,20251029_115310
1761735161.43964,5198509,1330818304,1330.818304,31,199,154,4,20251029_115310
1761735161.449624,5198548,1330828288,1330.828288,33,199,150,4,20251029_115310
1761735161.459608,5198587,1330838272,1330.838272,35,200,146,4,20251029_115310
1761735161.469592,5198626,1330848256,1330.848256,37,199,142,4,20251029_115310
1761735161.479576,5198665,1330858240,1330.85824,40,199,140,4,20251029_115310
1761735161.48956,5198704,1330868224,1330.868224,43,201,137,4,20251029_115310
1761735161.499544,5198743,1330878208,1330.878208,45,199,132,4,20251029_115310
1761735161.509528,5198782,1330888192,1330.888192,48,199,130,4,20251029_115310
1761735161.519512,5198821,1330898176,1330.898176,51,199,127,4,20251029_115310
1761735161.529496,5198860,1330908160,1330.90816,54,199,127,4,20251029_115310
1761735161.53948,5198899,1330918144,1330.918144,57,199,124,4,20251029_115310
1761735161.549464,5198938,1330928128,1330.928128,60,199,122,4,20251029_115310
1761735161.559448,5198977,1330938112,1330.938112,63,199,119,4,20251029_115310
1761735161.569688,5199017,1330948352,1330.948352,66,199,118,4,20251029_115310
1761735161.579672,5199056,1330958336,1330.958336,69,199,116,4,20251029_115310
1761735161.589656,5199095,1330968320,1330.96832,73,199,115,4,20251029_115310
1761735161.59964,5199134,1330978304,1330.978304,76,199,114,4,20251029_115310
1761735161.609624,5199173,1330988288,1330.988288,79,199,115,4,20251029_115310
1761735161.619608,5199212,1330998272,1330.998272,82,198,115,4,20251029_115310
1761735161.629592,5199251,1331008256,1331.008256,85,198,116,4,20251029_115310
1761735161.639576,5199290,1331018240,1331.01824,88,198,116,4,20251029_115310
1761735161.64956,5199329,1331028224,1331.028224,91,198,117,4,20251029_115310
1761735161.659544,5199368,1331038208,1331.038208,93,198,116,4,20251029_115310
1761735161.669528,5199407,1331048192,1331.048192,96,198,117,4,20251029_115310
1761735161.679512,5199446,1331058176,1331.058176,99,198,117,4,20251029_115310
1761735161.689496,5199485,1331068160,1331.06816,102,197,117,4,20251029_115310
1761735161.69948,5199524,1331078144,1331.078144,104,197,117,4,20251029_115310
1761735161.70972,5199564,1331088384,1331.088384,107,198,118,4,20251029_115310
1761735161.719704,5199603,1331098368,1331.098368,109,198,120,4,20251029_115310
1761735161.729688,5199642,1331108352,1331.108352,111,198,120,4,20251029_115310
1761735161.739672,5199681,1331118336,1331.118336,114,197,122,4,20251029_115310
1761735161.749656,5199720,1331128320,1331.12832,116,198,124,4,20251029_115310
1761735161.75964,5199759,1331138304,1331.138304,118,197,124,4,20251029_115310
1761735161.769624,5199798,1331148288,1331.148288,120,197,126,4,20251029_115310
1761735161.779608,5199837,1331158272,1331.158272,123,197,127,4,20251029_115310
1761735161.789592,5199876,1331168256,1331.168256,125,197,129,4,20251029_115310
1761735161.799576,5199915,1331178240,1331.17824,127,197,131,4,20251029_115310
1761735161.80956,5199954,1331188224,1331.188224,129,197,138,4,20251029_115310
1761735161.819544,5199993,1331198208,1331.198208,131,197,143,4,20251029_115310
1761735161.829528,5200032,1331208192,1331.208192,134,197,146,4,20251029_115310
1761735161.839512,5200071,1331218176,1331.218176,136,197,150,4,20251029_115310
1761735161.849496,5200110,1331228160,1331.22816,138,197,153,4,20251029_115310
1761735161.859736,5200150,1331238400,1331.2384,141,197,156,4,20251029_115310
1761735161.86972,5200189,1331248384,1331.248384,143,198,161,4,20251029_115310
1761735161.879704,5200228,1331258368,1331.258368,146,197,163,4,20251029_115310
1761735161.889688,5200267,1331268352,1331.268352,149,197,166,4,20251029_115310
1761735161.899672,5200306,1331278336,1331.278336,152,197,167,4,20251029_115310
1761735161.909656,5200345,1331288320,1331.28832,155,199,171,4,20251029_115310
1761735161.91964,5200384,1331298304,1331.298304,158,197,172,4,20251029_115310
1761735161.929624,5200423,1331308288,1331.308288,161,197,171,4,20251029_115310
1761735161.939608,5200462,1331318272,1331.318272,164,198,172,4,20251029_115310
1761735161.949592,5200501,1331328256,1331.328256,167,197,171,4,20251029_115310
1761735161.959576,5200540,1331338240,1331.33824,170,197,172,4,20251029_115310
1761735161.96956,5200579,1331348224,1331.348224,173,198,173,4,20251029_115310
1761735161.979544,5200618,1331358208,1331.358208,176,197,172,4,20251029_115310
1761735161.989528,5200657,1331368192,1331.368192,180,197,172,4,20251029_115310
1761735161.999768,5200697,1331378432,1331.378432,183,198,174,4,20251029_115310
1761735162.009752,5200736,1331388416,1331.388416,186,198,174,4,20251029_115310
1761735162.019736,5200775,1331398400,1331.3984,189,197,174,4,20251029_115310
1761735162.02972,5200814,1331408384,1331.408384,193,198,174,4,20251029_115310
1761735162.039704,5200853,1331418368,1331.418368,196,197,173,4,20251029_115310
1761735162.049688,5200892,1331428352,1331.428352,199,198,175,4,20251029_115310
1761735162.059672,5200931,1331438336,1331.438336,202,198,174,4,20251029_115310
1761735162.069656,5200970,1331448320,1331.44832,205,198,174,4,20251029_115310
1761735162.07964,5201009,1331458304,1331.458304,208,198,175,4,20251029_115310
1761735162.089624,5201048,1331468288,1331.468288,211,199,175,4,20251029_115310
1761735162.099608,5201087,1331478272,1331.478272,214,198,175,4,20251029_115310
1761735162.109592,5201126,1331488256,1331.488256,217,199,175,4,20251029_115310
1761735162.119576,5201165,1331498240,1331.49824,220,199,174,4,20251029_115310
1761735162.12956,5201204,1331508224,1331.508224,223,199,175,4,20251029_115310
1761735162.1398,5201244,1331518464,1331.518464,225,199,175,4,20251029_115310
1761735162.149784,5201283,1331528448,1331.528448,228,199,174,4,20251029_115310
1761735162.159768,5201322,1331538432,1331.538432,231,199,175,4,20251029_115310
1761735162.169752,5201361,1331548416,1331.548416,233,199,175,4,20251029_115310
1761735162.179736,5201400,1331558400,1331.5584,236,199,175,4,20251029_115310
1761735162.18972,5201439,1331568384,1331.568384,238,199,174,4,20251029_115310
1761735162.199704,5201478,1331578368,1331.578368,240,199,175,4,20251029_115310
1761735162.209688,5201517,1331588352,1331.588352,243,199,175,4,20251029_115310
1761735162.219672,5201556,1331598336,1331.598336,245,199,174,4,20251029_115310
1761735162.229656,5201595,1331608320,1331.60832,247,199,175,4,20251029_115310
1761735162.23964,5201634,1331618304,1331.618304,249,200,174,4,20251029_115310
1761735162.249624,5201673,1331628288,1331.628288,251,199,173,4,20251029_115310
1761735162.259608,5201712,1331638272,1331.638272,253,199,175,4,20251029_115310
1761735162.269592,5201751,1331648256,1331.648256,0,200,176,4,20251029_115310
1761735162.279832,5201791,1331658496,1331.658496,2,200,174,4,20251029_115310
1761735162.289816,5201830,1331668480,1331.66848,4,199,175,4,20251029_115310
1761735162.2998,5201869,1331678464,1331.678464,6,199,175,4,20251029_115310
1761735162.309784,5201908,1331688448,1331.688448,8,200,175,4,20251029_115310
1761735162.319768,5201947,1331698432,1331.698432,10,199,174,4,20251029_115310
1761735162.329752,5201986,1331708416,1331.708416,11,200,176,4,20251029_115310
1761735162.339736,5202025,1331718400,1331.7184,13,199,175,4,20251029_115310
1761735162.34972,5202064,1331728384,1331.728384,15,199,175,4,20251029_115310
1761735162.359704,5202103,1331738368,1331.738368,16,199,175,4,20251029_115310
1761735162.369688,5202142,1331748352,1331.748352,18,199,175,4,20251029_115310
1761735162.379672,5202181,1331758336,1331.758336,20,199,174,4,20251029_115310
1761735162.389656,5202220,1331768320,1331.76832,21,199,174,4,20251029_115310
1761735162.39964,5202259,1331778304,1331.778304,23,199,175,4,20251029_115310
1761735162.409624,5202298,1331788288,1331.788288,24,199,175,4,20251029_115310
1761735162.419864,5202338,1331798528,1331.798528,26,200,176,4,20251029_115310
1761735162.429848,5202377,1331808512,1331.808512,27,199,176,4,20251029_115310
1761735162.439832,5202416,1331818496,1331.818496,28,198,175,4,20251029_115310
1761735162.449816,5202455,1331828480,1331.82848,30,199,175,4,20251029_115310
1761735162.4598,5202494,1331838464,1331.838464,31,200,176,4,20251029_115310
1761735162.469784,5202533,1331848448,1331.848448,33,199,174,4,20251029_115310
1761735162.479768,5202572,1331858432,1331.858432,34,199,176,4,20251029_115310
1761735162.489752,5202611,1331868416,1331.868416,35,199,175,4,20251029_115310
1761735162.499736,5202650,1331878400,1331.8784,37,199,176,4,20251029_115310
1761735162.50972,5202689,1331888384,1331.888384,38,199,176,4,20251029_115310
1761735162.519704,5202728,1331898368,1331.898368,39,199,176,4,20251029_115310
1761735162.529688,5202767,1331908352,1331.908352,41,199,176,4,20251029_115310
1761735162.539672,5202806,1331918336,1331.918336,42,199,177,4,20251029_115310
1761735162.549656,5202845,1331928320,1331.92832,43,199,177,4,20251029_115310
1761735162.55964,5202884,1331938304,1331.938304,45,199,176,4,20251029_115310
1761735162.56988,5202924,1331948544,1331.948544,46,199,176,4,20251029_115310
1761735162.579864,5202963,1331958528,1331.958528,47,199,176,4,20251029_115310
1761735162.589848,5203002,1331968512,1331.968512,48,199,178,4,20251029_115310
1761735162.599832,5203041,1331978496,1331.978496,50,199,177,4,20251029_115310
1761735162.609816,5203080,1331988480,1331.98848,51,199,177,4,20251029_115310
1761735162.6198,5203119,1331998464,1331.998464,52,199,177,4,20251029_115310
1761735162.629784,5203158,1332008448,1332.008448,54,199,176,4,20251029_115310
1761735162.639768,5203197,1332018432,1332.018432,55,199,176,4,20251029_115310
1761735162.649752,5203236,1332028416,1332.028416,56,199,178,4,20251029_115310
1761735162.659736,5203275,1332038400,1332.0384,57,199,176,4,20251029_115310
1761735162.66972,5203314,1332048384,1332.048384,59,199,176,4,20251029_115310
1761735162.679704,5203353,1332058368,1332.058368,60,199,176,4,20251029_115310
1761735162.689688,5203392,1332068352,1332.068352,61,199,176,4,20251029_115310
1761735162.699672,5203431,1332078336,1332.078336,63,199,176,4,20251029_115310
1761735162.709912,5203471,1332088576,1332.088576,64,199,175,4,20251029_115310
1761735162.719896,5203510,1332098560,1332.09856,65,199,175,4,20251029_115310
1761735162.72988,5203549,1332108544,1332.108544,67,198,175,4,20251029_115310
1761735162.739864,5203588,1332118528,1332.118528,68,199,174,4,20251029_115310
1761735162.749848,5203627,1332128512,1332.128512,70,199,172,4,20251029_115310
1761735162.759832,5203666,1332138496,1332.138496,71,198,171,4,20251029_115310
1761735162.769816,5203705,1332148480,1332.14848,73,198,170,4,20251029_115310
1761735162.7798,5203744,1332158464,1332.158464,75,198,167,4,20251029_115310
1761735162.789784,5203783,1332168448,1332.168448,76,198,163,4,20251029_115310
1761735162.799768,5203822,1332178432,1332.178432,78,198,155,4,20251029_115310
1761735162.809752,5203861,1332188416,1332.188416,81,200,148,4,20251029_115310
1761735162.819736,5203900,1332198400,1332.1984,83,198,142,4,20251029_115310
1761735162.82972,5203939,1332208384,1332.208384,86,198,137,4,20251029_115310
1761735162.839704,5203978,1332218368,1332.218368,88,198,132,4,20251029_115310
1761735162.849944,5204018,1332228608,1332.228608,91,198,128,4,20251029_115310
1761735162.859928,5204057,1332238592,1332.238592,94,198,127,4,20251029_115310
1761735162.869912,5204096,1332248576,1332.248576,96,197,123,4,20251029_115310
1761735162.879896,5204135,1332258560,1332.25856,99,197,120,4,20251029_115310
1761735162.88988,5204174,1332268544,1332.268544,102,197,118,4,20251029_115310
1761735162.899864,5204213,1332278528,1332.278528,104,197,115,4,20251029_115310
1761735162.909848,5204252,1332288512,1332.288512,107,197,114,4,20251029_115310
1761735162.919832,5204291,1332298496,1332.298496,109,197,115,4,20251029_115310
1761735162.929816,5204330,1332308480,1332.30848,112,197,116,4,20251029_115310
1761735162.9398,5204369,1332318464,1332.318464,114,197,116,4,20251029_115310
1761735162.949784,5204408,1332328448,1332.328448,116,197,115,4,20251029_115310
1761735162.959768,5204447,1332338432,1332.338432,118,197,116,4,20251029_115310
1761735162.969752,5204486,1332348416,1332.348416,121,197,116,4,20251029_115310
1761735162.979736,5204525,1332358400,1332.3584,123,197,114,4,20251029_115310
1761735162.98972,5204564,1332368384,1332.368384,125,197,116,4,20251029_115310
1761735162.99996,5204604,1332378624,1332.378624,127,197,116,4,20251029_115310
1761735163.009944,5204643,1332388608,1332.388608,129,197,116,4,20251029_115310
1761735163.019928,5204682,1332398592,1332.398592,131,198,116,4,20251029_115310
1761735163.029912,5204721,1332408576,1332.408576,132,197,117,4,20251029_115310
1761735163.039896,5204760,1332418560,1332.41856,134,197,116,4,20251029_115310
1761735163.04988,5204799,1332428544,1332.428544,136,196,117,4,20251029_115310
1761735163.059864,5204838,1332438528,1332.438528,138,197,118,4,20251029_115310
1761735163.069848,5204877,1332448512,1332.448512,140,197,119,4,20251029_115310
1761735163.079832,5204916,1332458496,1332.458496,141,197,120,4,20251029_115310
1761735163.089816,5204955,1332468480,1332.46848,143,197,121,4,20251029_115310
1761735163.0998,5204994,1332478464,1332.478464,145,196,120,4,20251029_115310
1761735163.109784,5205033,1332488448,1332.488448,147,197,123,4,20251029_115310
1761735163.119768,5205072,1332498432,1332.498432,148,197,122,4,20251029_115310
1761735163.129752,5205111,1332508416,1332.508416,150,197,124,4,20251029_115310
1761735163.139992,5205151,1332518656,1332.518656,152,197,126,4,20251029_115310
1761735163.149976,5205190,1332528640,1332.52864,154,197,127,4,20251029_115310
1761735163.15996,5205229,1332538624,1332.538624,155,197,129,4,20251029_115310
1761735163.169944,5205268,1332548608,1332.548608,157,197,133,4,20251029_115310
1761735163.179928,5205307,1332558592,1332.558592,159,197,138,4,20251029_115310
1761735163.189912,5205346,1332568576,1332.568576,161,197,144,4,20251029_115310
1761735163.199896,5205385,1332578560,1332.57856,164,197,147,4,20251029_115310
1761735163.20988,5205424,1332588544,1332.588544,166,197,151,4,20251029_115310
1761735163.219864,5205463,1332598528,1332.598528,169,197,156,4,20251029_115310
1761735163.229848,5205502,1332608512,1332.608512,171,200,162,4,20251029_115310
1761735163.239832,5205541,1332618496,1332.618496,174,197,164,4,20251029_115310
1761735163.249816,5205580,1332628480,1332.62848,177,197,169,4,20251029_115310
1761735163.2598,5205619,1332638464,1332.638464,180,197,170,4,20251029_115310
1761735163.269784,5205658,1332648448,1332.648448,183,197,170,4,20251029_115310
1761735163.279768,5205697,1332658432,1332.658432,186,198,171,4,20251029_115310
1761735163.290008,5205737,1332668672,1332.668672,190,198,171,4,20251029_115310
1761735163.299992,5205776,1332678656,1332.678656,193,197,170,4,20251029_115310
1761735163.309976,5205815,1332688640,1332.68864,196,198,174,4,20251029_115310
1761735163.31996,5205854,1332698624,1332.698624,199,198,173,4,20251029_115310
1761735163.329944,5205893,1332708608,1332.708608,202,198,173,4,20251029_115310
1761735163.339928,5205932,1332718592,1332.718592,205,198,173,4,20251029_115310
1761735163.349912,5205971,1332728576,1332.728576,208,198,174,4,20251029_115310
1761735163.359896,5206010,1332738560,1332.73856,211,198,173,4,20251029_115310
1761735163.36988,5206049,1332748544,1332.748544,214,199,173,4,20251029_115310
1761735163.379864,5206088,1332758528,1332.758528,217,198,174,4,20251029_115310
1761735163.389848,5206127,1332768512,1332.768512,219,199,174,4,20251029_115310
1761735163.399832,5206166,1332778496,1332.778496,222,199,174,4,20251029_115310
1761735163.409816,5206205,1332788480,1332.78848,225,199,174,4,20251029_115310
1761735163.4198,5206244,1332798464,1332.798464,228,199,174,4,20251029_115310
1761735163.429784,5206283,1332808448,1332.808448,230,199,174,4,20251029_115310
1761735163.440024,5206323,1332818688,1332.818688,233,199,174,4,20251029_115310
1761735163.450008,5206362,1332828672,1332.828672,235,199,174,4,20251029_115310
1761735163.459992,5206401,1332838656,1332.838656,238,199,174,4,20251029_115310
1761735163.469976,5206440,1332848640,1332.84864,240,199,174,4,20251029_115310
1761735163.47996,5206479,1332858624,1332.858624,242,199,173,4,20251029_115310
1761735163.489944,5206518,1332868608,1332.868608,245,199,174,4,20251029_115310
1761735163.499928,5206557,1332878592,1332.878592,247,199,172,4,20251029_115310
1761735163.509912,5206596,1332888576,1332.888576,249,199,174,4,20251029_115310
1761735163.519896,5206635,1332898560,1332.89856,251,200,174,4,20251029_115310
1761735163.52988,5206674,1332908544,1332.908544,253,199,175,4,20251029_115310
1761735163.539864,5206713,1332918528,1332.918528,0,199,174,4,20251029_115310
1761735163.549848,5206752,1332928512,1332.928512,2,199,174,4,20251029_115310
1761735163.559832,5206791,1332938496,1332.938496,4,199,174,4,20251029_115310
1761735163.569816,5206830,1332948480,1332.94848,6,199,174,4,20251029_115310
1761735163.580056,5206870,1332958720,1332.95872,8,199,175,4,20251029_115310
1761735163.59004,5206909,1332968704,1332.968704,9,199,174,4,20251029_115310
1761735163.600024,5206948,1332978688,1332.978688,11,199,175,4,20251029_115310
1761735163.610008,5206987,1332988672,1332.988672,13,199,174,4,20251029_115310
1761735163.619992,5207026,1332998656,1332.998656,15,199,174,4,20251029_115310
1761735163.629976,5207065,1333008640,1333.00864,16,199,174,4,20251029_115310
1761735163.63996,5207104,1333018624,1333.018624,18,200,173,4,20251029_115310
1761735163.649944,5207143,1333028608,1333.028608,20,200,174,4,20251029_115310
1761735163.659928,5207182,1333038592,1333.038592,21,199,173,4,20251029_115310
1761735163.669912,5207221,1333048576,1333.048576,23,199,172,4,20251029_115310
1761735163.679896,5207260,1333058560,1333.05856,24,200,171,4,20251029_115310
1761735163.68988,5207299,1333068544,1333.068544,26,199,171,4,20251029_115310
1761735163.699864,5207338,1333078528,1333.078528,28,199,170,4,20251029_115310
1761735163.709848,5207377,1333088512,1333.088512,29,199,168,4,20251029_115310
1761735163.720088,5207417,1333098752,1333.098752,31,199,165,4,20251029_115310
1761735163.730072,5207456,1333108736,1333.108736,33,199,164,4,20251029_115310
1761735163.740056,5207495,1333118720,1333.11872,35,199,156,4,20251029_115310
1761735163.75004,5207534,1333128704,1333.128704,37,199,151,4,20251029_115310
1761735163.760024,5207573,1333138688,1333.138688,39,199,144,4,20251029_115310
1761735163.770008,5207612,1333148672,1333.148672,42,199,138,4,20251029_115310
1761735163.779992,5207651,1333158656,1333.158656,44,199,134,4,20251029_115310
1761735163.789976,5207690,1333168640,1333.16864,47,199,130,4,20251029_115310
1761735163.79996,5207729,1333178624,1333.178624,50,199,127,4,20251029_115310
1761735163.809944,5207768,1333188608,1333.188608,53,199,126,4,20251029_115310
1761735163.819928,5207807,1333198592,1333.198592,57,199,122,4,20251029_115310
1761735163.829912,5207846,1333208576,1333.208576,60,198,118,4,20251029_115310
1761735163.839896,5207885,1333218560,1333.21856,63,199,116,4,20251029_115310
1761735163.84988,5207924,1333228544,1333.228544,66,199,114,4,20251029_115310
1761735163.859864,5207963,1333238528,1333.238528,70,199,116,4,20251029_115310
1761735163.870104,5208003,1333248768,1333.248768,73,199,115,4,20251029_115310
1761735163.880088,5208042,1333258752,1333.258752,76,199,114,4,20251029_115310
1761735163.890072,5208081,1333268736,1333.268736,79,199,114,4,20251029_115310
1761735163.900056,5208120,1333278720,1333.27872,82,198,113,4,20251029_115310
1761735163.91004,5208159,1333288704,1333.288704,85,198,115,4,20251029_115310
1761735163.920024,5208198,1333298688,1333.298688,88,198,115,4,20251029_115310
1761735163.930008,5208237,1333308672,1333.308672,91,199,116,4,20251029_115310
1761735163.939992,5208276,1333318656,1333.318656,94,198,113,4,20251029_115310
1761735163.949976,5208315,1333328640,1333.32864,96,198,115,4,20251029_115310
1761735163.95996,5208354,1333338624,1333.338624,99,198,115,4,20251029_115310
1761735163.969944,5208393,1333348608,1333.348608,102,197,115,4,20251029_115310
1761735163.979928,5208432,1333358592,1333.358592,104,197,115,4,20251029_115310
1761735163.989912,5208471,1333368576,1333.368576,107,197,116,4,20251029_115310
1761735163.999896,5208510,1333378560,1333.37856,109,198,117,4,20251029_115310
1761735164.010136,5208550,1333388800,1333.3888,112,197,116,4,20251029_115310
1761735164.02012,5208589,1333398784,1333.398784,114,197,116,4,20251029_115310
1761735164.030104,5208628,1333408768,1333.408768,116,197,117,4,20251029_115310
1761735164.040088,5208667,1333418752,1333.418752,119,197,118,4,20251029_115310
1761735164.050072,5208706,1333428736,1333.428736,121,197,120,4,20251029_115310
1761735164.060056,5208745,1333438720,1333.43872,123,197,120,4,20251029_115310
1761735164.07004,5208784,1333448704,1333.448704,125,197,121,4,20251029_115310
1761735164.080024,5208823,1333458688,1333.458688,127,197,124,4,20251029_115310
1761735164.090008,5208862,1333468672,1333.468672,129,197,126,4,20251029_115310
1761735164.099992,5208901,1333478656,1333.478656,131,197,127,4,20251029_115310
1761735164.109976,5208940,1333488640,1333.48864,133,197,130,4,20251029_115310
1761735164.11996,5208979,1333498624,1333.498624,135,197,134,4,20251029_115310
1761735164.129944,5209018,1333508608,1333.508608,137,197,141,4,20251029_115310
1761735164.139928,5209057,1333518592,1333.518592,140,197,145,4,20251029_115310
1761735164.149912,5209096,1333528576,1333.528576,142,197,149,4,20251029_115310
1761735164.160152,5209136,1333538816,1333.538816,144,198,152,4,20251029_115310
1761735164.170136,5209175,1333548800,1333.5488,147,197,157,4,20251029_115310
1761735164.18012,5209214,1333558784,1333.558784,150,198,160,4,20251029_115310
1761735164.190104,5209253,1333568768,1333.568768,152,197,163,4,20251029_115310
1761735164.200088,5209292,1333578752,1333.578752,155,197,168,4,20251029_115310
1761735164.210072,5209331,1333588736,1333.588736,158,197,170,4,20251029_115310
1761735164.220056,5209370,1333598720,1333.59872,161,197,171,4,20251029_115310
1761735164.23004,5209409,1333608704,1333.608704,164,197,171,4,20251029_115310
1761735164.240024,5209448,1333618688,1333.618688,167,197,171,4,20251029_115310
1761735164.250008,5209487,1333628672,1333.628672,170,198,171,4,20251029_115310
1761735164.259992,5209526,1333638656,1333.638656,174,197,171,4,20251029_115310
1761735164.269976,5209565,1333648640,1333.64864,177,197,172,4,20251029_115310
1761735164.280216,5209605,1333658880,1333.65888,180,197,173,4,20251029_115310
1761735164.2902,5209644,1333668864,1333.668864,183,198,173,4,20251029_115310
1761735164.300184,5209683,1333678848,1333.678848,186,198,173,4,20251029_115310
1761735164.310168,5209722,1333688832,1333.688832,190,198,174,4,20251029_115310
1761735164.320152,5209761,1333698816,1333.698816,193,198,174,4,20251029_115310
1761735164.330136,5209800,1333708800,1333.7088,196,198,174,4,20251029_115310
1761735164.34012,5209839,1333718784,1333.718784,199,198,174,4,20251029_115310
1761735164.350104,5209878,1333728768,1333.728768,202,198,174,4,20251029_115310
1761735164.360088,5209917,1333738752,1333.738752,205,198,174,4,20251029_115310
1761735164.370072,5209956,1333748736,1333.748736,208,198,174,4,20251029_115310
1761735164.380056,5209995,1333758720,1333.75872,211,199,175,4,20251029_115310
1761735164.39004,5210034,1333768704,1333.768704,214,199,175,4,20251029_115310
1761735164.400024,5210073,1333778688,1333.778688,217,199,175,4,20251029_115310
1761735164.410008,5210112,1333788672,1333.788672,220,199,175,4,20251029_115310
1761735164.420248,5210152,1333798912,1333.798912,223,199,174,4,20251029_115310
1761735164.430232,5210191,1333808896,1333.808896,225,199,174,4,20251029_115310
1761735164.440216,5210230,1333818880,1333.81888,228,198,174,4,20251029_115310
1761735164.4502,5210269,1333828864,1333.828864,230,199,175,4,20251029_115310
1761735164.460184,5210308,1333838848,1333.838848,233,199,175,4,20251029_115310
1761735164.470168,5210347,1333848832,1333.848832,235,199,174,4,20251029_115310
1761735164.480152,5210386,1333858816,1333.858816,238,199,175,4,20251029_115310
1761735164.490136,5210425,1333868800,1333.8688,240,199,176,4,20251029_115310
1761735164.50012,5210464,1333878784,1333.878784,243,199,174,4,20251029_115310
1761735164.510104,5210503,1333888768,1333.888768,245,199,175,4,20251029_115310
1761735164.520088,5210542,1333898752,1333.898752,247,199,175,4,20251029_115310
1761735164.530072,5210581,1333908736,1333.908736,249,199,174,4,20251029_115310
1761735164.540056,5210620,1333918720,1333.91872,251,199,174,4,20251029_115310
1761735164.55004,5210659,1333928704,1333.928704,253,200,175,4,20251029_115310
1761735164.56028,5210699,1333938944,1333.938944,0,200,174,4,20251029_115310
1761735164.570264,5210738,1333948928,1333.948928,2,200,174,4,20251029_115310
1761735164.580248,5210777,1333958912,1333.958912,4,199,173,4,20251029_115310
1761735164.590232,5210816,1333968896,1333.968896,6,199,174,4,20251029_115310
1761735164.600216,5210855,1333978880,1333.97888,8,200,174,4,20251029_115310
1761735164.6102,5210894,1333988864,1333.988864,10,199,172,4,20251029_115310
1761735164.620184,5210933,1333998848,1333.998848,11,199,173,4,20251029_115310
1761735164.630168,5210972,1334008832,1334.008832,13,200,173,4,20251029_115310
1761735164.640152,5211011,1334018816,1334.018816,15,199,170,4,20251029_115310
1761735164.650136,5211050,1334028800,1334.0288,16,200,172,4,20251029_115310
1761735164.66012,5211089,1334038784,1334.038784,18,199,171,4,20251029_115310
1761735164.670104,5211128,1334048768,1334.048768,20,199,170,4,20251029_115310
1761735164.680088,5211167,1334058752,1334.058752,21,200,170,4,20251029_115310
1761735164.690072,5211206,1334068736,1334.068736,23,200,171,4,20251029_115310
1761735164.700056,5211245,1334078720,1334.07872,25,199,170,4,20251029_115310
1761735164.710296,5211285,1334088960,1334.08896,26,199,170,4,20251029_115310
1761735164.72028,5211324,1334098944,1334.098944,28,200,170,4,20251029_115310
1761735164.730264,5211363,1334108928,1334.108928,29,200,169,4,20251029_115310
1761735164.740248,5211402,1334118912,1334.118912,31,200,169,4,20251029_115310
1761735164.750232,5211441,1334128896,1334.128896,33,199,169,4,20251029_115310
1761735164.760216,5211480,1334138880,1334.13888,34,199,169,4,20251029_115310
1761735164.7702,5211519,1334148864,1334.148864,36,200,169,4,20251029_115310
1761735164.780184,5211558,1334158848,1334.158848,37,201,171,4,20251029_115310
1761735164.790168,5211597,1334168832,1334.168832,39,199,170,4,20251029_115310
1761735164.800152,5211636,1334178816,1334.178816,40,200,170,4,20251029_115310
1761735164.810136,5211675,1334188800,1334.1888,42,200,170,4,20251029_115310
1761735164.82012,5211714,1334198784,1334.198784,43,199,170,4,20251029_115310
1761735164.830104,5211753,1334208768,1334.208768,44,199,169,4,20251029_115310
1761735164.840088,5211792,1334218752,1334.218752,46,199,170,4,20251029_115310
1761735164.850328,5211832,1334228992,1334.228992,47,201,171,4,20251029_115310
1761735164.860312,5211871,1334238976,1334.238976,49,199,170,4,20251029_115310
1761735164.870296,5211910,1334248960,1334.24896,50,199,170,4,20251029_115310
1761735164.88028,5211949,1334258944,1334.258944,52,199,170,4,20251029_115310
1761735164.890264,5211988,1334268928,1334.268928,53,199,171,4,20251029_115310
1761735164.900248,5212027,1334278912,1334.278912,54,199,170,4,20251029_115310
1761735164.910232,5212066,1334288896,1334.288896,56,199,171,4,20251029_115310
1761735164.920216,5212105,1334298880,1334.29888,57,198,171,4,20251029_115310
1761735164.9302,5212144,1334308864,1334.308864,59,199,172,4,20251029_115310
1761735164.940184,5212183,1334318848,1334.318848,60,199,172,4,20251029_115310
1761735164.950168,5212222,1334328832,1334.328832,61,198,172,4,20251029_115310
1761735164.960152,5212261,1334338816,1334.338816,63,199,173,4,20251029_115310
1761735164.970136,5212300,1334348800,1334.3488,64,198,172,4,20251029_115310
1761735164.98012,5212339,1334358784,1334.358784,66,199,172,4,20251029_115310
1761735164.990104,5212378,1334368768,1334.368768,67,198,172,4,20251029_115310
1761735165.000344,5212418,1334379008,1334.379008,68,199,173,4,20251029_115310
1761735165.010328,5212457,1334388992,1334.388992,70,198,172,4,20251029_115310
1761735165.020312,5212496,1334398976,1334.398976,71,198,173,4,20251029_115310
1761735165.030296,5212535,1334408960,1334.40896,73,198,173,4,20251029_115310
1761735165.04028,5212574,1334418944,1334.418944,74,198,172,4,20251029_115310
1761735165.050264,5212613,1334428928,1334.428928,76,198,173,4,20251029_115310
1761735165.060248,5212652,1334438912,1334.438912,77,198,173,4,20251029_115310
1761735165.070232,5212691,1334448896,1334.448896,79,198,173,4,20251029_115310
1761735165.080216,5212730,1334458880,1334.45888,81,198,172,4,20251029_115310
1761735165.0902,5212769,1334468864,1334.468864,82,198,171,4,20251029_115310
1761735165.100184,5212808,1334478848,1334.478848,84,198,172,4,20251029_115310
1761735165.110168,5212847,1334488832,1334.488832,86,198,171,4,20251029_115310
1761735165.120152,5212886,1334498816,1334.498816,87,198,170,4,20251029_115310
1761735165.130136,5212925,1334508800,1334.5088,89,197,170,4,20251029_115310
1761735165.140376,5212965,1334519040,1334.51904,91,198,168,4,20251029_115310
1761735165.15036,5213004,1334529024,1334.529024,93,197,167,4,20251029_115310
1761735165.160344,5213043,1334539008,1334.539008,95,197,164,4,20251029_115310
1761735165.170328,5213082,1334548992,1334.548992,97,197,158,4,20251029_115310
1761735165.180312,5213121,1334558976,1334.558976,99,197,151,4,20251029_115310
1761735165.190296,5213160,1334568960,1334.56896,101,198,146,4,20251029_115310
1761735165.20028,5213199,1334578944,1334.578944,104,196,142,4,20251029_115310
1761735165.210264,5213238,1334588928,1334.588928,106,196,138,4,20251029_115310
1761735165.220248,5213277,1334598912,1334.598912,108,197,135,4,20251029_115310
1761735165.230232,5213316,1334608896,1334.608896,111,196,132,4,20251029_115310
1761735165.240216,5213355,1334618880,1334.61888,113,197,130,4,20251029_115310
1761735165.2502,5213394,1334628864,1334.628864,115,196,127,4,20251029_115310
1761735165.260184,5213433,1334638848,1334.638848,118,197,127,4,20251029_115310
1761735165.270168,5213472,1334648832,1334.648832,120,197,127,4,20251029_115310
1761735165.280152,5213511,1334658816,1334.658816,122,197,127,4,20251029_115310
1761735165.290392,5213551,1334669056,1334.669056,124,197,126,4,20251029_115310
1761735165.300376,5213590,1334679040,1334.67904,126,197,125,4,20251029_115310
1761735165.31036,5213629,1334689024,1334.689024,128,196,125,4,20251029_115310
1761735165.320344,5213668,1334699008,1334.699008,130,197,126,4,20251029_115310
1761735165.330328,5213707,1334708992,1334.708992,132,196,127,4,20251029_115310
1761735165.340312,5213746,1334718976,1334.718976,134,196,127,4,20251029_115310
1761735165.350296,5213785,1334728960,1334.72896,136,197,127,4,20251029_115310
1761735165.36028,5213824,1334738944,1334.738944,138,196,127,4,20251029_115310
1761735165.370264,5213863,1334748928,1334.748928,140,197,127,4,20251029_115310
1761735165.380248,5213902,1334758912,1334.758912,142,197,127,4,20251029_115310
1761735165.390232,5213941,1334768896,1334.768896,144,197,128,4,20251029_115310
1761735165.400216,5213980,1334778880,1334.77888,146,197,129,4,20251029_115310
1761735165.4102,5214019,1334788864,1334.788864,147,197,129,4,20251029_115310
1761735165.420184,5214058,1334798848,1334.798848,149,197,130,4,20251029_115310
1761735165.430424,5214098,1334809088,1334.809088,151,197,132,4,20251029_115310
1761735165.440408,5214137,1334819072,1334.819072,153,197,133,4,20251029_115310
1761735165.450392,5214176,1334829056,1334.829056,155,197,135,4,20251029_115310
1761735165.460376,5214215,1334839040,1334.83904,157,197,138,4,20251029_115310
1761735165.47036,5214254,1334849024,1334.849024,159,196,140,4,20251029_115310
1761735165.480344,5214293,1334859008,1334.859008,161,197,146,4,20251029_115310
1761735165.490328,5214332,1334868992,1334.868992,164,197,148,4,20251029_115310
1761735165.500312,5214371,1334878976,1334.878976,166,197,149,4,20251029_115310
1761735165.510296,5214410,1334888960,1334.88896,169,199,156,4,20251029_115310
1761735165.52028,5214449,1334898944,1334.898944,171,198,158,4,20251029_115310
1761735165.530264,5214488,1334908928,1334.908928,174,197,161,4,20251029_115310
1761735165.540248,5214527,1334918912,1334.918912,177,197,164,4,20251029_115310
1761735165.550232,5214566,1334928896,1334.928896,180,198,167,4,20251029_115310
1761735165.560216,5214605,1334938880,1334.93888,183,198,171,4,20251029_115310
1761735165.570456,5214645,1334949120,1334.94912,186,197,172,4,20251029_115310
1761735165.58044,5214684,1334959104,1334.959104,189,198,172,4,20251029_115310
1761735165.590424,5214723,1334969088,1334.969088,193,197,173,4,20251029_115310
1761735165.600408,5214762,1334979072,1334.979072,196,198,173,4,20251029_115310
1761735165.610392,5214801,1334989056,1334.989056,199,198,174,4,20251029_115310
1761735165.620376,5214840,1334999040,1334.99904,202,198,173,4,20251029_115310
1761735165.63036,5214879,1335009024,1335.009024,205,198,174,4,20251029_115310
1761735165.640344,5214918,1335019008,1335.019008,208,199,175,4,20251029_115310
1761735165.650328,5214957,1335028992,1335.028992,211,199,175,4,20251029_115310
1761735165.660312,5214996,1335038976,1335.038976,214,199,175,4,20251029_115310
1761735165.670296,5215035,1335048960,1335.04896,217,199,174,4,20251029_115310
1761735165.68028,5215074,1335058944,1335.058944,220,199,174,4,20251029_115310
1761735165.690264,5215113,1335068928,1335.068928,223,199,175,4,20251029_115310
1761735165.700248,5215152,1335078912,1335.078912,226,199,175,4,20251029_115310
1761735165.710232,5215191,1335088896,1335.088896,228,199,175,4,20251029_115310
1761735165.720472,5215231,1335099136,1335.099136,231,199,176,4,20251029_115310
1761735165.730456,5215270,1335109120,1335.10912,233,198,175,4,20251029_115310
1761735165.74044,5215309,1335119104,1335.119104,236,200,176,4,20251029_115310
1761735165.750424,5215348,1335129088,1335.129088,238,199,176,4,20251029_115310
1761735165.760408,5215387,1335139072,1335.139072,241,199,175,4,20251029_115310
1761735165.770392,5215426,1335149056,1335.149056,243,199,176,4,20251029_115310
1761735165.780376,5215465,1335159040,1335.15904,245,199,175,4,20251029_115310
1761735165.79036,5215504,1335169024,1335.169024,247,199,176,4,20251029_115310
1761735165.800344,5215543,1335179008,1335.179008,249,199,176,4,20251029_115310
1761735165.810328,5215582,1335188992,1335.188992,251,199,175,4,20251029_115310
1761735165.820312,5215621,1335198976,1335.198976,253,199,175,4,20251029_115310
1761735165.830296,5215660,1335208960,1335.20896,0,199,176,4,20251029_115310
1761735165.84028,5215699,1335218944,1335.218944,2,199,176,4,20251029_115310
1761735165.850264,5215738,1335228928,1335.228928,4,199,176,4,20251029_115310
1761735165.860504,5215778,1335239168,1335.239168,6,199,175,4,20251029_115310
1761735165.870488,5215817,1335249152,1335.249152,8,200,176,4,20251029_115310
1761735165.880472,5215856,1335259136,1335.259136,10,199,175,4,20251029_115310
1761735165.890456,5215895,1335269120,1335.26912,11,199,176,4,20251029_115310
1761735165.90044,5215934,1335279104,1335.279104,13,199,175,4,20251029_115310
1761735165.910424,5215973,1335289088,1335.289088,15,199,176,4,20251029_115310
1761735165.920408,5216012,1335299072,1335.299072,16,199,178,4,20251029_115310
1761735165.930392,5216051,1335309056,1335.309056,18,199,174,4,20251029_115310
1761735165.940376,5216090,1335319040,1335.31904,20,199,176,4,20251029_115310
1761735165.95036,5216129,1335329024,1335.329024,21,199,176,4,20251029_115310
1761735165.960344,5216168,1335339008,1335.339008,23,199,174,4,20251029_115310
1761735165.970328,5216207,1335348992,1335.348992,24,199,175,4,20251029_115310
1761735165.980568,5216247,1335359232,1335.359232,26,199,174,4,20251029_115310
1761735165.990552,5216286,1335369216,1335.369216,27,199,175,4,20251029_115310
1761735166.000536,5216325,1335379200,1335.3792,29,199,174,4,20251029_115310
1761735166.01052,5216364,1335389184,1335.389184,30,199,174,4,20251029_115310
1761735166.020504,5216403,1335399168,1335.399168,32,199,173,4,20251029_115310
1761735166.030488,5216442,1335409152,1335.409152,33,199,173,4,20251029_115310
1761735166.040472,5216481,1335419136,1335.419136,35,199,171,4,20251029_115310
1761735166.050456,5216520,1335429120,1335.42912,36,199,169,4,20251029_115310
1761735166.060696,5216560,1335439360,1335.43936,38,199,167,4,20251029_115310
1761735166.07068,5216599,1335449344,1335.449344,39,199,166,4,20251029_115310
1761735166.080664,5216638,1335459328,1335.459328,41,199,159,4,20251029_115310
1761735166.090648,5216677,1335469312,1335.469312,43,199,152,4,20251029_115310
1761735166.100632,5216716,1335479296,1335.479296,46,199,146,4,20251029_115310
1761735166.110616,5216755,1335489280,1335.48928,49,199,141,4,20251029_115310
1761735166.1206,5216794,1335499264,1335.499264,52,199,136,4,20251029_115310
1761735166.13084,5216834,1335509504,1335.509504,55,198,131,4,20251029_115310
1761735166.140824,5216873,1335519488,1335.519488,58,198,127,4,20251029_115310
1761735166.150808,5216912,1335529472,1335.529472,62,199,125,4,20251029_115310
1761735166.160792,5216951,1335539456,1335.539456,65,199,121,4,20251029_115310
1761735166.170776,5216990,1335549440,1335.54944,68,199,117,4,20251029_115310
1761735166.18076,5217029,1335559424,1335.559424,71,199,114,4,20251029_115310
1761735166.190744,5217068,1335569408,1335.569408,74,199,116,4,20251029_115310
1761735166.200984,5217108,1335579648,1335.579648,78,199,115,4,20251029_115310
1761735166.210968,5217147,1335589632,1335.589632,81,198,115,4,20251029_115310
1761735166.220952,5217186,1335599616,1335.599616,84,199,115,4,20251029_115310
1761735166.230936,5217225,1335609600,1335.6096,87,198,115,4,20251029_115310
1761735166.24092,5217264,1335619584,1335.619584,90,198,116,4,20251029_115310
1761735166.250904,5217303,1335629568,1335.629568,92,198,116,4,20251029_115310
1761735166.260888,5217342,1335639552,1335.639552,95,198,115,4,20251029_115310
1761735166.270872,5217381,1335649536,1335.649536,98,198,116,4,20251029_115310
1761735166.281112,5217421,1335659776,1335.659776,101,197,114,4,20251029_115310
1761735166.291096,5217460,1335669760,1335.66976,103,198,115,4,20251029_115310
1761735166.30108,5217499,1335679744,1335.679744,106,198,115,4,20251029_115310
1761735166.311064,5217538,1335689728,1335.689728,108,197,114,4,20251029_115310
1761735166.321048,5217577,1335699712,1335.699712,111,197,115,4,20251029_115310
1761735166.331032,5217616,1335709696,1335.709696,113,197,116,4,20251029_115310
1761735166.341272,5217656,1335719936,1335.719936,115,197,116,4,20251029_115310
1761735166.351256,5217695,1335729920,1335.72992,118,197,116,4,20251029_115310
1761735166.36124,5217734,1335739904,1335.739904,120,197,118,4,20251029_115310
1761735166.371224,5217773,1335749888,1335.749888,122,197,118,4,20251029_115310
1761735166.381208,5217812,1335759872,1335.759872,124,197,116,4,20251029_115310
1761735166.391192,5217851,1335769856,1335.769856,126,197,117,4,20251029_115310
1761735166.401432,5217891,1335780096,1335.780096,128,197,117,4,20251029_115310
1761735166.411416,5217930,1335790080,1335.79008,130,196,116,4,20251029_115310
1761735166.4214,5217969,1335800064,1335.800064,132,197,118,4,20251029_115310
1761735166.431384,5218008,1335810048,1335.810048,134,196,119,4,20251029_115310
1761735166.441368,5218047,1335820032,1335.820032,136,197,120,4,20251029_115310
1761735166.451352,5218086,1335830016,1335.830016,137,196,123,4,20251029_115310
1761735166.461336,5218125,1335840000,1335.84,139,197,124,4,20251029_115310
1761735166.47132,5218164,1335849984,1335.849984,141,197,125,4,20251029_115310
1761735166.481304,5218203,1335859968,1335.859968,143,197,127,4,20251029_115310
1761735166.491544,5218243,1335870208,1335.870208,145,197,130,4,20251029_115310
1761735166.501528,5218282,1335880192,1335.880192,147,197,133,4,20251029_115310
1761735166.511512,5218321,1335890176,1335.890176,149,196,141,4,20251029_115310
1761735166.521496,5218360,1335900160,1335.90016,151,197,145,4,20251029_115310
1761735166.53148,5218399,1335910144,1335.910144,153,197,149,4,20251029_115310
1761735166.541464,5218438,1335920128,1335.920128,156,198,155,4,20251029_115310
1761735166.551448,5218477,1335930112,1335.930112,159,198,157,4,20251029_115310
1761735166.561432,5218516,1335940096,1335.940096,161,197,162,4,20251029_115310
1761735166.571416,5218555,1335950080,1335.95008,164,197,166,4,20251029_115310
1761735166.5814,5218594,1335960064,1335.960064,167,197,170,4,20251029_115310
1761735166.591384,5218633,1335970048,1335.970048,170,197,170,4,20251029_115310
1761735166.601368,5218672,1335980032,1335.980032,174,197,170,4,20251029_115310
1761735166.611352,5218711,1335990016,1335.990016,177,198,171,4,20251029_115310
1761735166.621336,5218750,1336000000,1336.0,180,197,170,4,20251029_115310
1761735166.63132,5218789,1336009984,1336.009984,183,197,171,4,20251029_115310
1761735166.64156,5218829,1336020224,1336.020224,186,197,171,4,20251029_115310
1761735166.651544,5218868,1336030208,1336.030208,189,197,172,4,20251029_115310
1761735166.661528,5218907,1336040192,1336.040192,192,197,172,4,20251029_115310
1761735166.671512,5218946,1336050176,1336.050176,196,197,173,4,20251029_115310
1761735166.681496,5218985,1336060160,1336.06016,199,198,173,4,20251029_115310
1761735166.69148,5219024,1336070144,1336.070144,202,198,173,4,20251029_115310
1761735166.701464,5219063,1336080128,1336.080128,205,198,174,4,20251029_115310
1761735166.711448,5219102,1336090112,1336.090112,208,198,174,4,20251029_115310
1761735166.721432,5219141,1336100096,1336.100096,211,199,174,4,20251029_115310
1761735166.731416,5219180,1336110080,1336.11008,214,199,174,4,20251029_115310
1761735166.7414,5219219,1336120064,1336.120064,217,198,174,4,20251029_115310
1761735166.751384,5219258,1336130048,1336.130048,220,199,175,4,20251029_115310
1761735166.761368,5219297,1336140032,1336.140032,222,199,174,4,20251029_115310
1761735166.771352,5219336,1336150016,1336.150016,225,199,174,4,20251029_115310
1761735166.781592,5219376,1336160256,1336.160256,228,199,175,4,20251029_115310
1761735166.791576,5219415,1336170240,1336.17024,230,199,175,4,20251029_115310
1761735166.80156,5219454,1336180224,1336.180224,233,199,174,4,20251029_115310
1761735166.811544,5219493,1336190208,1336.190208,235,199,175,4,20251029_115310
1761735166.821528,5219532,1336200192,1336.200192,238,200,176,4,20251029_115310
1761735166.831512,5219571,1336210176,1336.210176,240,199,175,4,20251029_115310
1761735166.841496,5219610,1336220160,1336.22016,242,199,176,4,20251029_115310
1761735166.85148,5219649,1336230144,1336.230144,245,200,175,4,20251029_115310
1761735166.861464,5219688,1336240128,1336.240128,247,199,175,4,20251029_115310
1761735166.871448,5219727,1336250112,1336.250112,249,199,175,4,20251029_115310
1761735166.881432,5219766,1336260096,1336.260096,251,199,174,4,20251029_115310
1761735166.891416,5219805,1336270080,1336.27008,253,199,174,4,20251029_115310
1761735166.9014,5219844,1336280064,1336.280064,0,200,176,4,20251029_115310
1761735166.911384,5219883,1336290048,1336.290048,2,200,176,4,20251029_115310
1761735166.921624,5219923,1336300288,1336.300288,4,200,174,4,20251029_115310
1761735166.931608,5219962,1336310272,1336.310272,6,199,174,4,20251029_115310
1761735166.941592,5220001,1336320256,1336.320256,8,200,174,4,20251029_115310
1761735166.951576,5220040,1336330240,1336.33024,10,200,173,4,20251029_115310
1761735166.96156,5220079,1336340224,1336.340224,11,199,172,4,20251029_115310
1761735166.971544,5220118,1336350208,1336.350208,13,199,172,4,20251029_115310
1761735166.981528,5220157,1336360192,1336.360192,15,199,171,4,20251029_115310
1761735166.991512,5220196,1336370176,1336.370176,17,199,170,4,20251029_115310
1761735167.001496,5220235,1336380160,1336.38016,18,199,170,4,20251029_115310
1761735167.01148,5220274,1336390144,1336.390144,20,199,169,4,20251029_115310
1761735167.021464,5220313,1336400128,1336.400128,22,199,170,4,20251029_115310
1761735167.031448,5220352,1336410112,1336.410112,23,199,169,4,20251029_115310
1761735167.041432,5220391,1336420096,1336.420096,25,199,167,4,20251029_115310
1761735167.051416,5220430,1336430080,1336.43008,27,199,166,4,20251029_115310
1761735167.0614,5220469,1336440064,1336.440064,28,199,164,4,20251029_115310
1761735167.07164,5220509,1336450304,1336.450304,30,200,164,4,20251029_115310
1761735167.081624,5220548,1336460288,1336.460288,32,200,160,4,20251029_115310
1761735167.091608,5220587,1336470272,1336.470272,34,199,156,4,20251029_115310
1761735167.101592,5220626,1336480256,1336.480256,36,199,154,4,20251029_115310
1761735167.111576,5220665,1336490240,1336.49024,38,199,152,4,20251029_115310
1761735167.12156,5220704,1336500224,1336.500224,40,199,149,4,20251029_115310
1761735167.131544,5220743,1336510208,1336.510208,42,199,147,4,20251029_115310
1761735167.141528,5220782,1336520192,1336.520192,45,199,144,4,20251029_115310
1761735167.151512,5220821,1336530176,1336.530176,47,199,142,4,20251029_115310
1761735167.161496,5220860,1336540160,1336.54016,49,199,140,4,20251029_115310
1761735167.17148,5220899,1336550144,1336.550144,52,199,137,4,20251029_115310
1761735167.181464,5220938,1336560128,1336.560128,55,199,135,4,20251029_115310
1761735167.191448,5220977,1336570112,1336.570112,57,199,134,4,20251029_115310
1761735167.201432,5221016,1336580096,1336.580096,60,199,130,4,20251029_115310
1761735167.211672,5221056,1336590336,1336.590336,63,199,131,4,20251029_115310
1761735167.221656,5221095,1336600320,1336.60032,66,198,128,4,20251029_115310
1761735167.23164,5221134,1336610304,1336.610304,69,198,127,4,20251029_115310
1761735167.241624,5221173,1336620288,1336.620288,71,199,127,4,20251029_115310
1761735167.251608,5221212,1336630272,1336.630272,74,199,126,4,20251029_115310
1761735167.261592,5221251,1336640256,1336.640256,77,199,125,4,20251029_115310
1761735167.271576,5221290,1336650240,1336.65024,80,199,124,4,20251029_115310
1761735167.28156,5221329,1336660224,1336.660224,83,199,124,4,20251029_115310
1761735167.291544,5221368,1336670208,1336.670208,86,198,122,4,20251029_115310
1761735167.301528,5221407,1336680192,1336.680192,89,198,121,4,20251029_115310
1761735167.311512,5221446,1336690176,1336.690176,91,198,122,4,20251029_115310
1761735167.321496,5221485,1336700160,1336.70016,94,198,122,4,20251029_115310
1761735167.33148,5221524,1336710144,1336.710144,97,198,122,4,20251029_115310
1761735167.341464,5221563,1336720128,1336.720128,99,198,122,4,20251029_115310
1761735167.351704,5221603,1336730368,1336.730368,102,197,123,4,20251029_115310
1761735167.361688,5221642,1336740352,1336.740352,104,197,122,4,20251029_115310
1761735167.371672,5221681,1336750336,1336.750336,107,197,124,4,20251029_115310
1761735167.381656,5221720,1336760320,1336.76032,109,197,124,4,20251029_115310
1761735167.39164,5221759,1336770304,1336.770304,112,197,126,4,20251029_115310
1761735167.401624,5221798,1336780288,1336.780288,114,196,124,4,20251029_115310
1761735167.411608,5221837,1336790272,1336.790272,116,197,127,4,20251029_115310
1761735167.421592,5221876,1336800256,1336.800256,118,196,127,4,20251029_115310
1761735167.431576,5221915,1336810240,1336.81024,121,197,127,4,20251029_115310
1761735167.44156,5221954,1336820224,1336.820224,123,197,128,4,20251029_115310
1761735167.451544,5221993,1336830208,1336.830208,125,197,130,4,20251029_115310
1761735167.461528,5222032,1336840192,1336.840192,127,196,130,4,20251029_115310
1761735167.471512,5222071,1336850176,1336.850176,129,196,134,4,20251029_115310
1761735167.481496,5222110,1336860160,1336.86016,131,197,136,4,20251029_115310
1761735167.491736,5222150,1336870400,1336.8704,134,196,139,4,20251029_115310
1761735167.50172,5222189,1336880384,1336.880384,136,197,143,4,20251029_115310
1761735167.511704,5222228,1336890368,1336.890368,138,197,146,4,20251029_115310
1761735167.521688,5222267,1336900352,1336.900352,140,196,148,4,20251029_115310
1761735167.531672,5222306,1336910336,1336.910336,143,197,149,4,20251029_115310
1761735167.541656,5222345,1336920320,1336.92032,145,197,152,4,20251029_115310
1761735167.55164,5222384,1336930304,1336.930304,148,197,154,4,20251029_115310
1761735167.561624,5222423,1336940288,1336.940288,150,196,155,4,20251029_115310
1761735167.571608,5222462,1336950272,1336.950272,153,196,157,4,20251029_115310
1761735167.581592,5222501,1336960256,1336.960256,155,197,160,4,20251029_115310
1761735167.591576,5222540,1336970240,1336.97024,158,197,161,4,20251029_115310
1761735167.60156,5222579,1336980224,1336.980224,161,197,163,4,20251029_115310
1761735167.611544,5222618,1336990208,1336.990208,164,197,165,4,20251029_115310
1761735167.621528,5222657,1337000192,1337.000192,167,197,165,4,20251029_115310
1761735167.631768,5222697,1337010432,1337.010432,170,197,166,4,20251029_115310
1761735167.641752,5222736,1337020416,1337.020416,173,197,168,4,20251029_115310
1761735167.651736,5222775,1337030400,1337.0304,176,197,171,4,20251029_115310
1761735167.66172,5222814,1337040384,1337.040384,179,197,173,4,20251029_115310
1761735167.671704,5222853,1337050368,1337.050368,182,197,172,4,20251029_115310
1761735167.681688,5222892,1337060352,1337.060352,186,197,173,4,20251029_115310
1761735167.691672,5222931,1337070336,1337.070336,189,197,172,4,20251029_115310
1761735167.701656,5222970,1337080320,1337.08032,192,198,173,4,20251029_115310
1761735167.71164,5223009,1337090304,1337.090304,195,197,173,4,20251029_115310
1761735167.721624,5223048,1337100288,1337.100288,198,198,174,4,20251029_115310
1761735167.731608,5223087,1337110272,1337.110272,201,198,174,4,20251029_115310
1761735167.741592,5223126,1337120256,1337.120256,205,198,174,4,20251029_115310
1761735167.751576,5223165,1337130240,1337.13024,208,198,174,4,20251029_115310
1761735167.76156,5223204,1337140224,1337.140224,211,198,174,4,20251029_115310
1761735167.771544,5223243,1337150208,1337.150208,214,198,174,4,20251029_115310
1761735167.781784,5223283,1337160448,1337.160448,216,198,174,4,20251029_115310
1761735167.791768,5223322,1337170432,1337.170432,219,199,175,4,20251029_115310
1761735167.801752,5223361,1337180416,1337.180416,222,199,175,4,20251029_115310
1761735167.811736,5223400,1337190400,1337.1904,225,199,174,4,20251029_115310
1761735167.82172,5223439,1337200384,1337.200384,227,199,174,4,20251029_115310
1761735167.831704,5223478,1337210368,1337.210368,230,198,175,4,20251029_115310
1761735167.841688,5223517,1337220352,1337.220352,233,198,175,4,20251029_115310
1761735167.851672,5223556,1337230336,1337.230336,235,199,176,4,20251029_115310
1761735167.861656,5223595,1337240320,1337.24032,238,199,175,4,20251029_115310
1761735167.87164,5223634,1337250304,1337.250304,240,199,175,4,20251029_115310
1761735167.881624,5223673,1337260288,1337.260288,242,199,175,4,20251029_115310
1761735167.891608,5223712,1337270272,1337.270272,244,199,174,4,20251029_115310
1761735167.901592,5223751,1337280256,1337.280256,247,199,175,4,20251029_115310
1761735167.911576,5223790,1337290240,1337.29024,249,199,176,4,20251029_115310
1761735167.92156,5223829,1337300224,1337.300224,251,199,175,4,20251029_115310
1761735167.9318,5223869,1337310464,1337.310464,253,199,176,4,20251029_115310
1761735167.941784,5223908,1337320448,1337.320448,0,199,176,4,20251029_115310
1761735167.951768,5223947,1337330432,1337.330432,2,199,175,4,20251029_115310
1761735167.961752,5223986,1337340416,1337.340416,4,199,176,4,20251029_115310
1761735167.971736,5224025,1337350400,1337.3504,6,199,176,4,20251029_115310
1761735167.98172,5224064,1337360384,1337.360384,7,199,175,4,20251029_115310
1761735167.991704,5224103,1337370368,1337.370368,9,200,176,4,20251029_115310
1761735168.001688,5224142,1337380352,1337.380352,11,199,176,4,20251029_115310
1761735168.011672,5224181,1337390336,1337.390336,13,199,175,4,20251029_115310
1761735168.021656,5224220,1337400320,1337.40032,14,199,176,4,20251029_115310
1761735168.03164,5224259,1337410304,1337.410304,16,199,176,4,20251029_115310
1761735168.041624,5224298,1337420288,1337.420288,18,200,175,4,20251029_115310
1761735168.051608,5224337,1337430272,1337.430272,19,199,176,4,20251029_115310
1761735168.061592,5224376,1337440256,1337.440256,21,198,176,4,20251029_115310
1761735168.071832,5224416,1337450496,1337.450496,22,199,176,4,20251029_115310
1761735168.081816,5224455,1337460480,1337.46048,24,199,176,4,20251029_115310
1761735168.0918,5224494,1337470464,1337.470464,25,199,176,4,20251029_115310
1761735168.101784,5224533,1337480448,1337.480448,27,199,176,4,20251029_115310
1761735168.111768,5224572,1337490432,1337.490432,28,199,176,4,20251029_115310
1761735168.121752,5224611,1337500416,1337.500416,30,199,176,4,20251029_115310
1761735168.131736,5224650,1337510400,1337.5104,31,199,176,4,20251029_115310
1761735168.14172,5224689,1337520384,1337.520384,32,199,177,4,20251029_115310
1761735168.151704,5224728,1337530368,1337.530368,34,199,176,4,20251029_115310
1761735168.161688,5224767,1337540352,1337.540352,35,198,176,4,20251029_115310
1761735168.171672,5224806,1337550336,1337.550336,36,199,177,4,20251029_115310
1761735168.181656,5224845,1337560320,1337.56032,38,199,177,4,20251029_115310
1761735168.19164,5224884,1337570304,1337.570304,39,198,176,4,20251029_115310
1761735168.201624,5224923,1337580288,1337.580288,40,199,177,4,20251029_115310
1761735168.211864,5224963,1337590528,1337.590528,42,200,177,4,20251029_115310
1761735168.221848,5225002,1337600512,1337.600512,43,198,176,4,20251029_115310
1761735168.231832,5225041,1337610496,1337.610496,44,199,176,4,20251029_115310
1761735168.241816,5225080,1337620480,1337.62048,46,199,176,4,20251029_115310
1761735168.2518,5225119,1337630464,1337.630464,47,199,176,4,20251029_115310
1761735168.261784,5225158,1337640448,1337.640448,48,198,175,4,20251029_115310
1761735168.271768,5225197,1337650432,1337.650432,49,199,176,4,20251029_115310
1761735168.281752,5225236,1337660416,1337.660416,51,199,175,4,20251029_115310
1761735168.291736,5225275,1337670400,1337.6704,52,198,175,4,20251029_115310
1761735168.30172,5225314,1337680384,1337.680384,53,198,175,4,20251029_115310
1761735168.311704,5225353,1337690368,1337.690368,55,198,175,4,20251029_115310
1761735168.321688,5225392,1337700352,1337.700352,56,199,174,4,20251029_115310
1761735168.331672,5225431,1337710336,1337.710336,57,198,173,4,20251029_115310
1761735168.341656,5225470,1337720320,1337.72032,59,199,173,4,20251029_115310
1761735168.35164,5225509,1337730304,1337.730304,60,198,172,4,20251029_115310
1761735168.36188,5225549,1337740544,1337.740544,62,198,171,4,20251029_115310
1761735168.371864,5225588,1337750528,1337.750528,63,198,170,4,20251029_115310
1761735168.381848,5225627,1337760512,1337.760512,65,198,168,4,20251029_115310
1761735168.391832,5225666,1337770496,1337.770496,67,199,167,4,20251029_115310
1761735168.401816,5225705,1337780480,1337.78048,69,198,158,4,20251029_115310
1761735168.4118,5225744,1337790464,1337.790464,71,198,151,4,20251029_115310
1761735168.421784,5225783,1337800448,1337.800448,73,198,146,4,20251029_115310
1761735168.431768,5225822,1337810432,1337.810432,76,199,140,4,20251029_115310
1761735168.441752,5225861,1337820416,1337.820416,78,198,135,4,20251029_115310
1761735168.451736,5225900,1337830400,1337.8304,81,198,129,4,20251029_115310
1761735168.46172,5225939,1337840384,1337.840384,84,198,127,4,20251029_115310
1761735168.471704,5225978,1337850368,1337.850368,87,198,124,4,20251029_115310
1761735168.481688,5226017,1337860352,1337.860352,90,198,121,4,20251029_115310
1761735168.491672,5226056,1337870336,1337.870336,93,198,119,4,20251029_115310
1761735168.501912,5226096,1337880576,1337.880576,96,197,115,4,20251029_115310
1761735168.511896,5226135,1337890560,1337.89056,99,198,117,4,20251029_115310
1761735168.52188,5226174,1337900544,1337.900544,101,197,116,4,20251029_115310
1761735168.531864,5226213,1337910528,1337.910528,104,197,115,4,20251029_115310
1761735168.541848,5226252,1337920512,1337.920512,106,196,115,4,20251029_115310
1761735168.551832,5226291,1337930496,1337.930496,109,197,116,4,20251029_115310
1761735168.561816,5226330,1337940480,1337.94048,111,197,115,4,20251029_115310
1761735168.5718,5226369,1337950464,1337.950464,113,196,114,4,20251029_115310
1761735168.581784,5226408,1337960448,1337.960448,116,196,115,4,20251029_115310
1761735168.591768,5226447,1337970432,1337.970432,118,196,116,4,20251029_115310
1761735168.601752,5226486,1337980416,1337.980416,120,196,115,4,20251029_115310
1761735168.611736,5226525,1337990400,1337.9904,122,196,116,4,20251029_115310
1761735168.62172,5226564,1338000384,1338.000384,124,196,116,4,20251029_115310
1761735168.631704,5226603,1338010368,1338.010368,126,195,116,4,20251029_115310
1761735168.641944,5226643,1338020608,1338.020608,128,196,115,4,20251029_115310
1761735168.651928,5226682,1338030592,1338.030592,130,196,115,4,20251029_115310
1761735168.661912,5226721,1338040576,1338.040576,132,196,116,4,20251029_115310
1761735168.671896,5226760,1338050560,1338.05056,134,196,116,4,20251029_115310
1761735168.68188,5226799,1338060544,1338.060544,136,196,117,4,20251029_115310
1761735168.691864,5226838,1338070528,1338.070528,138,196,118,4,20251029_115310
1761735168.701848,5226877,1338080512,1338.080512,139,196,117,4,20251029_115310
1761735168.711832,5226916,1338090496,1338.090496,141,196,118,4,20251029_115310
1761735168.721816,5226955,1338100480,1338.10048,143,196,118,4,20251029_115310
1761735168.7318,5226994,1338110464,1338.110464,144,196,119,4,20251029_115310
1761735168.741784,5227033,1338120448,1338.120448,146,196,120,4,20251029_115310
1761735168.751768,5227072,1338130432,1338.130432,148,196,121,4,20251029_115310
1761735168.761752,5227111,1338140416,1338.140416,149,196,122,4,20251029_115310
1761735168.771736,5227150,1338150400,1338.1504,151,196,124,4,20251029_115310
1761735168.78172,5227189,1338160384,1338.160384,153,197,127,4,20251029_115310
1761735168.79196,5227229,1338170624,1338.170624,154,197,127,4,20251029_115310
1761735168.801944,5227268,1338180608,1338.180608,156,197,129,4,20251029_115310
1761735168.811928,5227307,1338190592,1338.190592,158,197,134,4,20251029_115310
1761735168.821912,5227346,1338200576,1338.200576,160,197,140,4,20251029_115310
1761735168.831896,5227385,1338210560,1338.21056,162,197,144,4,20251029_115310
1761735168.84188,5227424,1338220544,1338.220544,164,196,148,4,20251029_115310
1761735168.851864,5227463,1338230528,1338.230528,167,197,153,4,20251029_115310
1761735168.861848,5227502,1338240512,1338.240512,169,197,157,4,20251029_115310
1761735168.871832,5227541,1338250496,1338.250496,172,196,160,4,20251029_115310
1761735168.881816,5227580,1338260480,1338.26048,175,197,166,4,20251029_115310
1761735168.8918,5227619,1338270464,1338.270464,178,196,169,4,20251029_115310
1761735168.901784,5227658,1338280448,1338.280448,181,197,170,4,20251029_115310
1761735168.911768,5227697,1338290432,1338.290432,184,197,168,4,20251029_115310
1761735168.921752,5227736,1338300416,1338.300416,187,197,171,4,20251029_115310
1761735168.931992,5227776,1338310656,1338.310656,190,197,171,4,20251029_115310
1761735168.941976,5227815,1338320640,1338.32064,193,197,172,4,20251029_115310
1761735168.95196,5227854,1338330624,1338.330624,197,197,172,4,20251029_115310
1761735168.961944,5227893,1338340608,1338.340608,200,197,170,4,20251029_115310
1761735168.971928,5227932,1338350592,1338.350592,203,198,172,4,20251029_115310
1761735168.981912,5227971,1338360576,1338.360576,206,198,172,4,20251029_115310
1761735168.991896,5228010,1338370560,1338.37056,209,198,173,4,20251029_115310
1761735169.00188,5228049,1338380544,1338.380544,212,198,174,4,20251029_115310
1761735169.011864,5228088,1338390528,1338.390528,215,198,173,4,20251029_115310
1761735169.021848,5228127,1338400512,1338.400512,217,198,174,4,20251029_115310
1761735169.031832,5228166,1338410496,1338.410496,220,198,174,4,20251029_115310
1761735169.041816,5228205,1338420480,1338.42048,223,198,174,4,20251029_115310
1761735169.0518,5228244,1338430464,1338.430464,226,198,174,4,20251029_115310
1761735169.061784,5228283,1338440448,1338.440448,228,198,174,4,20251029_115310
1761735169.071768,5228322,1338450432,1338.450432,231,199,174,4,20251029_115310
1761735169.082008,5228362,1338460672,1338.460672,233,198,174,4,20251029_115310
1761735169.091992,5228401,1338470656,1338.470656,236,199,176,4,20251029_115310
1761735169.101976,5228440,1338480640,1338.48064,238,199,174,4,20251029_115310
1761735169.11196,5228479,1338490624,1338.490624,241,199,174,4,20251029_115310
1761735169.121944,5228518,1338500608,1338.500608,243,198,174,4,20251029_115310
1761735169.131928,5228557,1338510592,1338.510592,245,199,174,4,20251029_115310
1761735169.141912,5228596,1338520576,1338.520576,247,199,174,4,20251029_115310
1761735169.151896,5228635,1338530560,1338.53056,249,199,174,4,20251029_115310
1761735169.16188,5228674,1338540544,1338.540544,251,199,174,4,20251029_115310
1761735169.171864,5228713,1338550528,1338.550528,254,199,175,4,20251029_115310
1761735169.181848,5228752,1338560512,1338.560512,1,199,174,4,20251029_115310
1761735169.191832,5228791,1338570496,1338.570496,2,199,175,4,20251029_115310
1761735169.201816,5228830,1338580480,1338.58048,4,199,175,4,20251029_115310
1761735169.2118,5228869,1338590464,1338.590464,6,199,174,4,20251029_115310
1761735169.22204,5228909,1338600704,1338.600704,8,199,174,4,20251029_115310
1761735169.232024,5228948,1338610688,1338.610688,10,199,174,4,20251029_115310
1761735169.242008,5228987,1338620672,1338.620672,12,199,174,4,20251029_115310
1761735169.251992,5229026,1338630656,1338.630656,13,199,174,4,20251029_115310
1761735169.261976,5229065,1338640640,1338.64064,15,199,173,4,20251029_115310
1761735169.27196,5229104,1338650624,1338.650624,17,199,173,4,20251029_115310
1761735169.281944,5229143,1338660608,1338.660608,18,198,174,4,20251029_115310
1761735169.291928,5229182,1338670592,1338.670592,20,199,174,4,20251029_115310
1761735169.301912,5229221,1338680576,1338.680576,22,199,173,4,20251029_115310
1761735169.311896,5229260,1338690560,1338.69056,23,198,172,4,20251029_115310
1761735169.32188,5229299,1338700544,1338.700544,25,199,172,4,20251029_115310
1761735169.331864,5229338,1338710528,1338.710528,26,199,170,4,20251029_115310
1761735169.341848,5229377,1338720512,1338.720512,28,199,170,4,20251029_115310
1761735169.351832,5229416,1338730496,1338.730496,30,199,169,4,20251029_115310
1761735169.361816,5229455,1338740480,1338.74048,31,199,167,4,20251029_115310
1761735169.372056,5229495,1338750720,1338.75072,33,199,166,4,20251029_115310
1761735169.38204,5229534,1338760704,1338.760704,35,199,159,4,20251029_115310
1761735169.392024,5229573,1338770688,1338.770688,37,199,154,4,20251029_115310
1761735169.402008,5229612,1338780672,1338.780672,39,199,146,4,20251029_115310
1761735169.411992,5229651,1338790656,1338.790656,41,199,141,4,20251029_115310
1761735169.421976,5229690,1338800640,1338.80064,44,199,136,4,20251029_115310
1761735169.43196,5229729,1338810624,1338.810624,47,198,133,4,20251029_115310
1761735169.441944,5229768,1338820608,1338.820608,50,199,129,4,20251029_115310
1761735169.451928,5229807,1338830592,1338.830592,53,198,127,4,20251029_115310
1761735169.461912,5229846,1338840576,1338.840576,56,198,126,4,20251029_115310
1761735169.471896,5229885,1338850560,1338.85056,59,198,122,4,20251029_115310
1761735169.48188,5229924,1338860544,1338.860544,62,199,118,4,20251029_115310
1761735169.491864,5229963,1338870528,1338.870528,65,199,116,4,20251029_115310
1761735169.501848,5230002,1338880512,1338.880512,68,199,114,4,20251029_115310
1761735169.512088,5230042,1338890752,1338.890752,72,198,116,4,20251029_115310
1761735169.522072,5230081,1338900736,1338.900736,75,198,115,4,20251029_115310
1761735169.532056,5230120,1338910720,1338.91072,78,199,113,4,20251029_115310
1761735169.54204,5230159,1338920704,1338.920704,81,198,114,4,20251029_115310
1761735169.552024,5230198,1338930688,1338.930688,84,198,114,4,20251029_115310
1761735169.562008,5230237,1338940672,1338.940672,87,198,114,4,20251029_115310
1761735169.571992,5230276,1338950656,1338.950656,90,198,115,4,20251029_115310
1761735169.581976,5230315,1338960640,1338.96064,93,198,115,4,20251029_115310
1761735169.59196,5230354,1338970624,1338.970624,95,198,115,4,20251029_115310
1761735169.601944,5230393,1338980608,1338.980608,98,197,114,4,20251029_115310
1761735169.611928,5230432,1338990592,1338.990592,101,197,114,4,20251029_115310
1761735169.621912,5230471,1339000576,1339.000576,103,197,114,4,20251029_115310
1761735169.631896,5230510,1339010560,1339.01056,106,197,115,4,20251029_115310
1761735169.64188,5230549,1339020544,1339.020544,108,197,115,4,20251029_115310
1761735169.65212,5230589,1339030784,1339.030784,111,196,116,4,20251029_115310
1761735169.662104,5230628,1339040768,1339.040768,113,197,117,4,20251029_115310
1761735169.672088,5230667,1339050752,1339.050752,115,196,118,4,20251029_115310
1761735169.682072,5230706,1339060736,1339.060736,118,196,119,4,20251029_115310
1761735169.692056,5230745,1339070720,1339.07072,120,197,120,4,20251029_115310
1761735169.70204,5230784,1339080704,1339.080704,122,197,122,4,20251029_115310
1761735169.712024,5230823,1339090688,1339.090688,124,197,124,4,20251029_115310
1761735169.722008,5230862,1339100672,1339.100672,126,197,127,4,20251029_115310
1761735169.731992,5230901,1339110656,1339.110656,128,196,127,4,20251029_115310
1761735169.741976,5230940,1339120640,1339.12064,130,197,130,4,20251029_115310
1761735169.75196,5230979,1339130624,1339.130624,133,197,137,4,20251029_115310
1761735169.761944,5231018,1339140608,1339.140608,135,197,142,4,20251029_115310
1761735169.771928,5231057,1339150592,1339.150592,137,197,147,4,20251029_115310
1761735169.781912,5231096,1339160576,1339.160576,139,197,152,4,20251029_115310
1761735169.791896,5231135,1339170560,1339.17056,142,197,156,4,20251029_115310
1761735169.802136,5231175,1339180800,1339.1808,144,197,160,4,20251029_115310
1761735169.81212,5231214,1339190784,1339.190784,147,197,162,4,20251029_115310
1761735169.822104,5231253,1339200768,1339.200768,150,197,166,4,20251029_115310
1761735169.832088,5231292,1339210752,1339.210752,153,197,170,4,20251029_115310
1761735169.842072,5231331,1339220736,1339.220736,156,196,170,4,20251029_115310
1761735169.852056,5231370,1339230720,1339.23072,159,197,172,4,20251029_115310
1761735169.86204,5231409,1339240704,1339.240704,162,197,171,4,20251029_115310
1761735169.872024,5231448,1339250688,1339.250688,165,196,171,4,20251029_115310
1761735169.882008,5231487,1339260672,1339.260672,168,197,173,4,20251029_115310
1761735169.891992,5231526,1339270656,1339.270656,171,197,172,4,20251029_115310
1761735169.901976,5231565,1339280640,1339.28064,174,197,173,4,20251029_115310
1761735169.91196,5231604,1339290624,1339.290624,178,197,173,4,20251029_115310
1761735169.921944,5231643,1339300608,1339.300608,181,197,173,4,20251029_115310
1761735169.931928,5231682,1339310592,1339.310592,184,199,175,4,20251029_115310
1761735169.942168,5231722,1339320832,1339.320832,187,197,174,4,20251029_115310
1761735169.952152,5231761,1339330816,1339.330816,190,197,173,4,20251029_115310
1761735169.962136,5231800,1339340800,1339.3408,194,198,174,4,20251029_115310
1761735169.97212,5231839,1339350784,1339.350784,197,198,174,4,20251029_115310
1761735169.982104,5231878,1339360768,1339.360768,200,198,174,4,20251029_115310
1761735169.992088,5231917,1339370752,1339.370752,203,198,174,4,20251029_115310
1761735170.002072,5231956,1339380736,1339.380736,206,198,174,4,20251029_115310
1761735170.012056,5231995,1339390720,1339.39072,209,199,173,4,20251029_115310
1761735170.02204,5232034,1339400704,1339.400704,212,197,174,4,20251029_115310
1761735170.032024,5232073,1339410688,1339.410688,215,198,174,4,20251029_115310
1761735170.042008,5232112,1339420672,1339.420672,218,198,174,4,20251029_115310
1761735170.051992,5232151,1339430656,1339.430656,221,199,176,4,20251029_115310
1761735170.061976,5232190,1339440640,1339.44064,223,199,174,4,20251029_115310
1761735170.07196,5232229,1339450624,1339.450624,226,199,174,4,20251029_115310
1761735170.0822,5232269,1339460864,1339.460864,229,199,175,4,20251029_115310
1761735170.092184,5232308,1339470848,1339.470848,231,199,175,4,20251029_115310
1761735170.102168,5232347,1339480832,1339.480832,234,198,174,4,20251029_115310
1761735170.112152,5232386,1339490816,1339.490816,236,198,174,4,20251029_115310
1761735170.122136,5232425,1339500800,1339.5008,239,199,174,4,20251029_115310
1761735170.13212,5232464,1339510784,1339.510784,241,200,175,4,20251029_115310
1761735170.142104,5232503,1339520768,1339.520768,243,199,174,4,20251029_115310
1761735170.152088,5232542,1339530752,1339.530752,245,199,175,4,20251029_115310
1761735170.162072,5232581,1339540736,1339.540736,248,198,175,4,20251029_115310
1761735170.172056,5232620,1339550720,1339.55072,250,199,174,4,20251029_115310
1761735170.18204,5232659,1339560704,1339.560704,252,199,175,4,20251029_115310
1761735170.192024,5232698,1339570688,1339.570688,254,199,173,4,20251029_115310
1761735170.202008,5232737,1339580672,1339.580672,1,199,173,4,20251029_115310
1761735170.211992,5232776,1339590656,1339.590656,3,199,174,4,20251029_115310
1761735170.221976,5232815,1339600640,1339.60064,5,199,174,4,20251029_115310
1761735170.232216,5232855,1339610880,1339.61088,6,199,174,4,20251029_115310
1761735170.2422,5232894,1339620864,1339.620864,8,199,173,4,20251029_115310
1761735170.252184,5232933,1339630848,1339.630848,10,199,173,4,20251029_115310
1761735170.262168,5232972,1339640832,1339.640832,12,199,173,4,20251029_115310
1761735170.272152,5233011,1339650816,1339.650816,14,199,173,4,20251029_115310
1761735170.282136,5233050,1339660800,1339.6608,15,199,174,4,20251029_115310
1761735170.29212,5233089,1339670784,1339.670784,17,199,172,4,20251029_115310
1761735170.302104,5233128,1339680768,1339.680768,18,199,173,4,20251029_115310
1761735170.312088,5233167,1339690752,1339.690752,20,199,172,4,20251029_115310
1761735170.322072,5233206,1339700736,1339.700736,22,199,172,4,20251029_115310
1761735170.332056,5233245,1339710720,1339.71072,23,199,173,4,20251029_115310
1761735170.34204,5233284,1339720704,1339.720704,25,199,172,4,20251029_115310
1761735170.352024,5233323,1339730688,1339.730688,26,199,171,4,20251029_115310
1761735170.362008,5233362,1339740672,1339.740672,28,199,172,4,20251029_115310
1761735170.372248,5233402,1339750912,1339.750912,29,199,172,4,20251029_115310
1761735170.382232,5233441,1339760896,1339.760896,31,199,171,4,20251029_115310
1761735170.392216,5233480,1339770880,1339.77088,32,199,172,4,20251029_115310
1761735170.4022,5233519,1339780864,1339.780864,34,199,172,4,20251029_115310
1761735170.412184,5233558,1339790848,1339.790848,35,199,172,4,20251029_115310
1761735170.422168,5233597,1339800832,1339.800832,37,199,172,4,20251029_115310
1761735170.432152,5233636,1339810816,1339.810816,38,199,172,4,20251029_115310
1761735170.442136,5233675,1339820800,1339.8208,39,199,173,4,20251029_115310
1761735170.45212,5233714,1339830784,1339.830784,41,198,172,4,20251029_115310
1761735170.462104,5233753,1339840768,1339.840768,42,198,172,4,20251029_115310
1761735170.472088,5233792,1339850752,1339.850752,43,199,173,4,20251029_115310
1761735170.482072,5233831,1339860736,1339.860736,45,199,172,4,20251029_115310
1761735170.492056,5233870,1339870720,1339.87072,46,199,173,4,20251029_115310
1761735170.50204,5233909,1339880704,1339.880704,47,199,173,4,20251029_115310
1761735170.512024,5233948,1339890688,1339.890688,49,198,174,4,20251029_115310
1761735170.522264,5233988,1339900928,1339.900928,50,199,174,4,20251029_115310
1761735170.532248,5234027,1339910912,1339.910912,51,198,174,4,20251029_115310
1761735170.542232,5234066,1339920896,1339.920896,53,198,174,4,20251029_115310
1761735170.552216,5234105,1339930880,1339.93088,54,199,174,4,20251029_115310
1761735170.5622,5234144,1339940864,1339.940864,55,199,176,4,20251029_115310
1761735170.572184,5234183,1339950848,1339.950848,57,199,175,4,20251029_115310
1761735170.582168,5234222,1339960832,1339.960832,58,198,175,4,20251029_115310
1761735170.592152,5234261,1339970816,1339.970816,59,198,176,4,20251029_115310
1761735170.602136,5234300,1339980800,1339.9808,60,199,176,4,20251029_115310
1761735170.61212,5234339,1339990784,1339.990784,62,198,176,4,20251029_115310
1761735170.622104,5234378,1340000768,1340.000768,63,198,176,4,20251029_115310
1761735170.632088,5234417,1340010752,1340.010752,64,197,176,4,20251029_115310
1761735170.642072,5234456,1340020736,1340.020736,66,198,176,4,20251029_115310
1761735170.652056,5234495,1340030720,1340.03072,67,198,175,4,20251029_115310
1761735170.662296,5234535,1340040960,1340.04096,69,198,176,4,20251029_115310
1761735170.67228,5234574,1340050944,1340.050944,70,198,175,4,20251029_115310
1761735170.682264,5234613,1340060928,1340.060928,71,198,175,4,20251029_115310
1761735170.692248,5234652,1340070912,1340.070912,73,198,176,4,20251029_115310
1761735170.702232,5234691,1340080896,1340.080896,74,198,176,4,20251029_115310
1761735170.712216,5234730,1340090880,1340.09088,76,198,176,4,20251029_115310
1761735170.7222,5234769,1340100864,1340.100864,77,198,175,4,20251029_115310
1761735170.732184,5234808,1340110848,1340.110848,79,198,174,4,20251029_115310
1761735170.742168,5234847,1340120832,1340.120832,80,198,174,4,20251029_115310
1761735170.752152,5234886,1340130816,1340.130816,82,198,173,4,20251029_115310
1761735170.762136,5234925,1340140800,1340.1408,83,198,172,4,20251029_115310
1761735170.77212,5234964,1340150784,1340.150784,85,198,171,4,20251029_115310
1761735170.782104,5235003,1340160768,1340.160768,87,198,170,4,20251029_115310
1761735170.792088,5235042,1340170752,1340.170752,89,197,166,4,20251029_115310
1761735170.802328,5235082,1340180992,1340.180992,91,198,162,4,20251029_115310
1761735170.812312,5235121,1340190976,1340.190976,93,198,154,4,20251029_115310
1761735170.822296,5235160,1340200960,1340.20096,95,198,148,4,20251029_115310
1761735170.83228,5235199,1340210944,1340.210944,97,198,143,4,20251029_115310
1761735170.842264,5235238,1340220928,1340.220928,100,197,138,4,20251029_115310
1761735170.852248,5235277,1340230912,1340.230912,102,197,134,4,20251029_115310
1761735170.862232,5235316,1340240896,1340.240896,105,197,130,4,20251029_115310
1761735170.872216,5235355,1340250880,1340.25088,107,197,128,4,20251029_115310
1761735170.8822,5235394,1340260864,1340.260864,109,196,127,4,20251029_115310
1761735170.892184,5235433,1340270848,1340.270848,112,196,125,4,20251029_115310
1761735170.902168,5235472,1340280832,1340.280832,114,196,124,4,20251029_115310
1761735170.912152,5235511,1340290816,1340.290816,116,196,121,4,20251029_115310
1761735170.922136,5235550,1340300800,1340.3008,119,196,121,4,20251029_115310
1761735170.93212,5235589,1340310784,1340.310784,121,196,119,4,20251029_115310
1761735170.942104,5235628,1340320768,1340.320768,123,196,119,4,20251029_115310
1761735170.952344,5235668,1340331008,1340.331008,125,196,118,4,20251029_115310
1761735170.962328,5235707,1340340992,1340.340992,127,196,119,4,20251029_115310
1761735170.972312,5235746,1340350976,1340.350976,129,196,120,4,20251029_115310
1761735170.982296,5235785,1340360960,1340.36096,131,196,120,4,20251029_115310
1761735170.99228,5235824,1340370944,1340.370944,133,196,119,4,20251029_115310
1761735171.002264,5235863,1340380928,1340.380928,135,196,121,4,20251029_115310
1761735171.012248,5235902,1340390912,1340.390912,136,196,121,4,20251029_115310
1761735171.022488,5235942,1340401152,1340.401152,138,196,122,4,20251029_115310
1761735171.032472,5235981,1340411136,1340.411136,140,196,121,4,20251029_115310
1761735171.042456,5236020,1340421120,1340.42112,142,196,122,4,20251029_115310
1761735171.05244,5236059,1340431104,1340.431104,143,196,122,4,20251029_115310
1761735171.062424,5236098,1340441088,1340.441088,145,196,123,4,20251029_115310
1761735171.072408,5236137,1340451072,1340.451072,147,196,123,4,20251029_115310
1761735171.082392,5236176,1340461056,1340.461056,149,196,124,4,20251029_115310
1761735171.092632,5236216,1340471296,1340.471296,150,196,127,4,20251029_115310
1761735171.102616,5236255,1340481280,1340.48128,152,196,127,4,20251029_115310
1761735171.1126,5236294,1340491264,1340.491264,154,197,128,4,20251029_115310
1761735171.122584,5236333,1340501248,1340.501248,156,196,130,4,20251029_115310
1761735171.132568,5236372,1340511232,1340.511232,157,197,132,4,20251029_115310
1761735171.142552,5236411,1340521216,1340.521216,159,197,136,4,20251029_115310
1761735171.152536,5236450,1340531200,1340.5312,161,197,140,4,20251029_115310
1761735171.16252,5236489,1340541184,1340.541184,163,196,144,4,20251029_115310
1761735171.17276,5236529,1340551424,1340.551424,166,196,148,4,20251029_115310
1761735171.182744,5236568,1340561408,1340.561408,168,197,152,4,20251029_115310
1761735171.192728,5236607,1340571392,1340.571392,171,196,156,4,20251029_115310
1761735171.202712,5236646,1340581376,1340.581376,174,197,161,4,20251029_115310
1761735171.212696,5236685,1340591360,1340.59136,176,197,165,4,20251029_115310
1761735171.22268,5236724,1340601344,1340.601344,180,197,170,4,20251029_115310
1761735171.232664,5236763,1340611328,1340.611328,183,196,170,4,20251029_115310
1761735171.242904,5236803,1340621568,1340.621568,186,197,171,4,20251029_115310
1761735171.252888,5236842,1340631552,1340.631552,189,197,171,4,20251029_115310
1761735171.262872,5236881,1340641536,1340.641536,192,198,172,4,20251029_115310
1761735171.272856,5236920,1340651520,1340.65152,195,198,173,4,20251029_115310
1761735171.28284,5236959,1340661504,1340.661504,198,198,173,4,20251029_115310
1761735171.292824,5236998,1340671488,1340.671488,201,197,173,4,20251029_115310
1761735171.303064,5237038,1340681728,1340.681728,205,197,173,4,20251029_115310
1761735171.313048,5237077,1340691712,1340.691712,208,198,173,4,20251029_115310
1761735171.323032,5237116,1340701696,1340.701696,211,198,173,4,20251029_115310
1761735171.333016,5237155,1340711680,1340.71168,213,198,174,4,20251029_115310
1761735171.343,5237194,1340721664,1340.721664,216,198,174,4,20251029_115310
1761735171.352984,5237233,1340731648,1340.731648,219,199,175,4,20251029_115310
1761735171.362968,5237272,1340741632,1340.741632,222,198,174,4,20251029_115310
1761735171.372952,5237311,1340751616,1340.751616,225,199,176,4,20251029_115310
1761735171.383192,5237351,1340761856,1340.761856,227,198,173,4,20251029_115310
1761735171.393176,5237390,1340771840,1340.77184,230,199,176,4,20251029_115310
1761735171.40316,5237429,1340781824,1340.781824,233,198,174,4,20251029_115310
1761735171.413144,5237468,1340791808,1340.791808,235,199,174,4,20251029_115310
1761735171.423128,5237507,1340801792,1340.801792,237,199,174,4,20251029_115310
1761735171.433112,5237546,1340811776,1340.811776,240,198,174,4,20251029_115310
1761735171.443352,5237586,1340822016,1340.822016,242,198,174,4,20251029_115310
1761735171.453336,5237625,1340832000,1340.832,244,199,175,4,20251029_115310
1761735171.46332,5237664,1340841984,1340.841984,247,198,174,4,20251029_115310
1761735171.473304,5237703,1340851968,1340.851968,249,198,174,4,20251029_115310
1761735171.483288,5237742,1340861952,1340.861952,251,199,175,4,20251029_115310
1761735171.493272,5237781,1340871936,1340.871936,253,199,175,4,20251029_115310
1761735171.503256,5237820,1340881920,1340.88192,0,199,174,4,20251029_115310
1761735171.51324,5237859,1340891904,1340.891904,2,198,173,4,20251029_115310
1761735171.523224,5237898,1340901888,1340.901888,4,198,175,4,20251029_115310
1761735171.533208,5237937,1340911872,1340.911872,6,198,175,4,20251029_115310
1761735171.543192,5237976,1340921856,1340.921856,7,198,175,4,20251029_115310
1761735171.553176,5238015,1340931840,1340.93184,9,198,176,4,20251029_115310
1761735171.563416,5238055,1340942080,1340.94208,11,199,174,4,20251029_115310
1761735171.5734,5238094,1340952064,1340.952064,13,199,175,4,20251029_115310
1761735171.583384,5238133,1340962048,1340.962048,14,198,174,4,20251029_115310
1761735171.593368,5238172,1340972032,1340.972032,16,199,174,4,20251029_115310
1761735171.603352,5238211,1340982016,1340.982016,18,198,174,4,20251029_115310
1761735171.613336,5238250,1340992000,1340.992,19,198,174,4,20251029_115310
1761735171.62332,5238289,1341001984,1341.001984,21,199,174,4,20251029_115310
1761735171.633304,5238328,1341011968,1341.011968,22,199,173,4,20251029_115310
1761735171.643288,5238367,1341021952,1341.021952,24,199,173,4,20251029_115310
1761735171.653272,5238406,1341031936,1341.031936,26,198,172,4,20251029_115310
1761735171.663256,5238445,1341041920,1341.04192,27,199,171,4,20251029_115310
1761735171.67324,5238484,1341051904,1341.051904,29,199,170,4,20251029_115310
1761735171.683224,5238523,1341061888,1341.061888,30,199,170,4,20251029_115310
1761735171.693208,5238562,1341071872,1341.071872,32,198,168,4,20251029_115310
1761735171.703448,5238602,1341082112,1341.082112,33,199,167,4,20251029_115310
1761735171.713432,5238641,1341092096,1341.092096,35,199,165,4,20251029_115310
1761735171.723416,5238680,1341102080,1341.10208,37,199,158,4,20251029_115310
1761735171.7334,5238719,1341112064,1341.112064,39,199,150,4,20251029_115310
1761735171.743384,5238758,1341122048,1341.122048,42,199,144,4,20251029_115310
1761735171.753368,5238797,1341132032,1341.132032,44,199,140,4,20251029_115310
1761735171.763352,5238836,1341142016,1341.142016,47,198,134,4,20251029_115310
1761735171.773336,5238875,1341152000,1341.152,50,199,131,4,20251029_115310
1761735171.78332,5238914,1341161984,1341.161984,53,199,127,4,20251029_115310
1761735171.793304,5238953,1341171968,1341.171968,57,199,127,4,20251029_115310
1761735171.803288,5238992,1341181952,1341.181952,60,199,124,4,20251029_115310
1761735171.813272,5239031,1341191936,1341.191936,63,199,121,4,20251029_115310
1761735171.823256,5239070,1341201920,1341.20192,67,198,117,4,20251029_115310
1761735171.83324,5239109,1341211904,1341.211904,70,198,116,4,20251029_115310
1761735171.84348,5239149,1341222144,1341.222144,73,198,116,4,20251029_115310
1761735171.853464,5239188,1341232128,1341.232128,76,198,116,4,20251029_115310
1761735171.863448,5239227,1341242112,1341.242112,79,198,115,4,20251029_115310
1761735171.873432,5239266,1341252096,1341.252096,82,199,114,4,20251029_115310
1761735171.883416,5239305,1341262080,1341.26208,85,198,116,4,20251029_115310
1761735171.8934,5239344,1341272064,1341.272064,88,198,115,4,20251029_115310
1761735171.903384,5239383,1341282048,1341.282048,91,198,116,4,20251029_115310
1761735171.913368,5239422,1341292032,1341.292032,94,198,116,4,20251029_115310
1761735171.923352,5239461,1341302016,1341.302016,97,197,115,4,20251029_115310
1761735171.933336,5239500,1341312000,1341.312,99,198,114,4,20251029_115310
1761735171.94332,5239539,1341321984,1341.321984,102,197,115,4,20251029_115310
1761735171.953304,5239578,1341331968,1341.331968,104,197,116,4,20251029_115310
1761735171.963288,5239617,1341341952,1341.341952,107,197,117,4,20251029_115310
1761735171.973272,5239656,1341351936,1341.351936,109,197,115,4,20251029_115310
1761735171.983256,5239695,1341361920,1341.36192,112,196,115,4,20251029_115310
1761735171.993496,5239735,1341372160,1341.37216,114,197,117,4,20251029_115310
1761735172.00348,5239774,1341382144,1341.382144,116,196,118,4,20251029_115310
1761735172.013464,5239813,1341392128,1341.392128,119,197,119,4,20251029_115310
1761735172.023448,5239852,1341402112,1341.402112,121,197,119,4,20251029_115310
1761735172.033432,5239891,1341412096,1341.412096,123,196,120,4,20251029_115310
1761735172.043416,5239930,1341422080,1341.42208,125,196,121,4,20251029_115310
1761735172.0534,5239969,1341432064,1341.432064,127,196,121,4,20251029_115310
1761735172.063384,5240008,1341442048,1341.442048,129,196,123,4,20251029_115310
1761735172.073368,5240047,1341452032,1341.452032,131,197,127,4,20251029_115310
1761735172.083352,5240086,1341462016,1341.462016,133,197,127,4,20251029_115310
1761735172.093336,5240125,1341472000,1341.472,135,196,129,4,20251029_115310
1761735172.10332,5240164,1341481984,1341.481984,137,197,135,4,20251029_115310
1761735172.113304,5240203,1341491968,1341.491968,139,196,141,4,20251029_115310
1761735172.123288,5240242,1341501952,1341.501952,141,196,145,4,20251029_115310
1761735172.133528,5240282,1341512192,1341.512192,144,197,149,4,20251029_115310
1761735172.143512,5240321,1341522176,1341.522176,146,197,154,4,20251029_115310
1761735172.153496,5240360,1341532160,1341.53216,149,196,157,4,20251029_115310
1761735172.16348,5240399,1341542144,1341.542144,151,196,161,4,20251029_115310
1761735172.173464,5240438,1341552128,1341.552128,154,197,165,4,20251029_115310
1761735172.183448,5240477,1341562112,1341.562112,157,197,169,4,20251029_115310
1761735172.193432,5240516,1341572096,1341.572096,160,197,170,4,20251029_115310
1761735172.203416,5240555,1341582080,1341.58208,163,197,171,4,20251029_115310
1761735172.2134,5240594,1341592064,1341.592064,166,197,172,4,20251029_115310
1761735172.223384,5240633,1341602048,1341.602048,169,197,172,4,20251029_115310
1761735172.233368,5240672,1341612032,1341.612032,173,196,172,4,20251029_115310
1761735172.243352,5240711,1341622016,1341.622016,176,197,172,4,20251029_115310
1761735172.253336,5240750,1341632000,1341.632,179,197,173,4,20251029_115310
1761735172.26332,5240789,1341641984,1341.641984,182,197,173,4,20251029_115310
1761735172.27356,5240829,1341652224,1341.652224,185,197,174,4,20251029_115310
1761735172.283544,5240868,1341662208,1341.662208,189,197,173,4,20251029_115310
1761735172.293528,5240907,1341672192,1341.672192,192,197,173,4,20251029_115310
1761735172.303512,5240946,1341682176,1341.682176,195,198,174,4,20251029_115310
1761735172.313496,5240985,1341692160,1341.69216,198,198,174,4,20251029_115310
1761735172.32348,5241024,1341702144,1341.702144,201,199,173,4,20251029_115310
1761735172.333464,5241063,1341712128,1341.712128,204,198,174,4,20251029_115310
1761735172.343448,5241102,1341722112,1341.722112,207,198,173,4,20251029_115310
1761735172.353432,5241141,1341732096,1341.732096,210,198,175,4,20251029_115310
1761735172.363416,5241180,1341742080,1341.74208,213,198,174,4,20251029_115310
1761735172.3734,5241219,1341752064,1341.752064,216,199,175,4,20251029_115310
1761735172.383384,5241258,1341762048,1341.762048,219,199,174,4,20251029_115310
1761735172.393368,5241297,1341772032,1341.772032,222,199,175,4,20251029_115310
1761735172.403352,5241336,1341782016,1341.782016,225,198,174,4,20251029_115310
1761735172.413336,5241375,1341792000,1341.792,227,198,174,4,20251029_115310
1761735172.423576,5241415,1341802240,1341.80224,230,198,174,4,20251029_115310
1761735172.43356,5241454,1341812224,1341.812224,233,198,173,4,20251029_115310
1761735172.443544,5241493,1341822208,1341.822208,235,198,174,4,20251029_115310
1761735172.453528,5241532,1341832192,1341.832192,237,199,175,4,20251029_115310
1761735172.463512,5241571,1341842176,1341.842176,240,200,176,4,20251029_115310
1761735172.473496,5241610,1341852160,1341.85216,242,198,175,4,20251029_115310
1761735172.48348,5241649,1341862144,1341.862144,244,199,175,4,20251029_115310
1761735172.493464,5241688,1341872128,1341.872128,247,198,174,4,20251029_115310
1761735172.503448,5241727,1341882112,1341.882112,249,199,174,4,20251029_115310
1761735172.513432,5241766,1341892096,1341.892096,251,199,175,4,20251029_115310
1761735172.523416,5241805,1341902080,1341.90208,253,199,174,4,20251029_115310
1761735172.5334,5241844,1341912064,1341.912064,0,199,174,4,20251029_115310
1761735172.543384,5241883,1341922048,1341.922048,2,199,174,4,20251029_115310
1761735172.553368,5241922,1341932032,1341.932032,4,199,173,4,20251029_115310
1761735172.563608,5241962,1341942272,1341.942272,6,199,174,4,20251029_115310
1761735172.573592,5242001,1341952256,1341.952256,7,199,174,4,20251029_115310
1761735172.583576,5242040,1341962240,1341.96224,9,199,172,4,20251029_115310
1761735172.59356,5242079,1341972224,1341.972224,11,199,172,4,20251029_115310
1761735172.603544,5242118,1341982208,1341.982208,13,199,173,4,20251029_115310
1761735172.613528,5242157,1341992192,1341.992192,15,199,172,4,20251029_115310
1761735172.623512,5242196,1342002176,1342.002176,16,199,172,4,20251029_115310
1761735172.633496,5242235,1342012160,1342.01216,18,200,171,4,20251029_115310
1761735172.64348,5242274,1342022144,1342.022144,20,199,170,4,20251029_115310
1761735172.653464,5242313,1342032128,1342.032128,21,199,171,4,20251029_115310
1761735172.663448,5242352,1342042112,1342.042112,23,199,170,4,20251029_115310
1761735172.673432,5242391,1342052096,1342.052096,24,199,170,4,20251029_115310
1761735172.683416,5242430,1342062080,1342.06208,26,198,169,4,20251029_115310
1761735172.6934,5242469,1342072064,1342.072064,28,199,169,4,20251029_115310
1761735172.703384,5242508,1342082048,1342.082048,29,199,168,4,20251029_115310
1761735172.713624,5242548,1342092288,1342.092288,31,199,168,4,20251029_115310
1761735172.723608,5242587,1342102272,1342.102272,33,199,168,4,20251029_115310
1761735172.733592,5242626,1342112256,1342.112256,34,199,168,4,20251029_115310
1761735172.743576,5242665,1342122240,1342.12224,36,199,167,4,20251029_115310
1761735172.75356,5242704,1342132224,1342.132224,37,199,166,4,20251029_115310
1761735172.763544,5242743,1342142208,1342.142208,39,198,167,4,20251029_115310
1761735172.773528,5242782,1342152192,1342.152192,41,199,167,4,20251029_115310
1761735172.783512,5242821,1342162176,1342.162176,42,199,167,4,20251029_115310
1761735172.793496,5242860,1342172160,1342.17216,44,199,167,4,20251029_115310
1761735172.80348,5242899,1342182144,1342.182144,45,199,167,4,20251029_115310
1761735172.813464,5242938,1342192128,1342.192128,47,199,168,4,20251029_115310
1761735172.823448,5242977,1342202112,1342.202112,48,199,168,4,20251029_115310
1761735172.833432,5243016,1342212096,1342.212096,50,199,168,4,20251029_115310
1761735172.843416,5243055,1342222080,1342.22208,51,199,168,4,20251029_115310
1761735172.853656,5243095,1342232320,1342.23232,53,198,168,4,20251029_115310
1761735172.86364,5243134,1342242304,1342.242304,54,199,169,4,20251029_115310
1761735172.873624,5243173,1342252288,1342.252288,56,199,170,4,20251029_115310
1761735172.883608,5243212,1342262272,1342.262272,57,198,169,4,20251029_115310
1761735172.893592,5243251,1342272256,1342.272256,59,199,169,4,20251029_115310
1761735172.903576,5243290,1342282240,1342.28224,60,198,169,4,20251029_115310
1761735172.91356,5243329,1342292224,1342.292224,62,198,170,4,20251029_115310
1761735172.923544,5243368,1342302208,1342.302208,63,198,170,4,20251029_115310
1761735172.933528,5243407,1342312192,1342.312192,65,198,170,4,20251029_115310
1761735172.943512,5243446,1342322176,1342.322176,66,198,170,4,20251029_115310
1761735172.953496,5243485,1342332160,1342.33216,68,198,170,4,20251029_115310
1761735172.96348,5243524,1342342144,1342.342144,69,198,170,4,20251029_115310
1761735172.973464,5243563,1342352128,1342.352128,71,198,171,4,20251029_115310
1761735172.983448,5243602,1342362112,1342.362112,72,197,170,4,20251029_115310
1761735172.993432,5243641,1342372096,1342.372096,74,198,171,4,20251029_115310
1761735173.003672,5243681,1342382336,1342.382336,75,198,172,4,20251029_115310
1761735173.013656,5243720,1342392320,1342.39232,77,198,171,4,20251029_115310
1761735173.02364,5243759,1342402304,1342.402304,79,198,171,4,20251029_115310
1761735173.033624,5243798,1342412288,1342.412288,80,198,173,4,20251029_115310
1761735173.043608,5243837,1342422272,1342.422272,82,198,171,4,20251029_115310
1761735173.053592,5243876,1342432256,1342.432256,84,197,171,4,20251029_115310
1761735173.063576,5243915,1342442240,1342.44224,85,198,172,4,20251029_115310
1761735173.07356,5243954,1342452224,1342.452224,87,198,171,4,20251029_115310
1761735173.083544,5243993,1342462208,1342.462208,89,198,171,4,20251029_115310
1761735173.093528,5244032,1342472192,1342.472192,91,197,171,4,20251029_115310
1761735173.103512,5244071,1342482176,1342.482176,92,198,171,4,20251029_115310
1761735173.113496,5244110,1342492160,1342.49216,94,197,170,4,20251029_115310
1761735173.12348,5244149,1342502144,1342.502144,96,198,169,4,20251029_115310
1761735173.133464,5244188,1342512128,1342.512128,98,197,168,4,20251029_115310
1761735173.143704,5244228,1342522368,1342.522368,100,197,167,4,20251029_115310
1761735173.153688,5244267,1342532352,1342.532352,102,196,164,4,20251029_115310
1761735173.163672,5244306,1342542336,1342.542336,104,197,159,4,20251029_115310
1761735173.173656,5244345,1342552320,1342.55232,107,197,155,4,20251029_115310
1761735173.18364,5244384,1342562304,1342.562304,109,196,150,4,20251029_115310
1761735173.193624,5244423,1342572288,1342.572288,111,196,146,4,20251029_115310
1761735173.203608,5244462,1342582272,1342.582272,113,196,143,4,20251029_115310
1761735173.213592,5244501,1342592256,1342.592256,116,197,143,4,20251029_115310
1761735173.223576,5244540,1342602240,1342.60224,118,197,138,4,20251029_115310
1761735173.23356,5244579,1342612224,1342.612224,120,196,136,4,20251029_115310
1761735173.243544,5244618,1342622208,1342.622208,123,196,135,4,20251029_115310
1761735173.253528,5244657,1342632192,1342.632192,125,196,132,4,20251029_115310
1761735173.263512,5244696,1342642176,1342.642176,127,196,132,4,20251029_115310
1761735173.273496,5244735,1342652160,1342.65216,129,196,132,4,20251029_115310
1761735173.283736,5244775,1342662400,1342.6624,131,196,131,4,20251029_115310
1761735173.29372,5244814,1342672384,1342.672384,133,195,134,4,20251029_115310
1761735173.303704,5244853,1342682368,1342.682368,135,196,134,4,20251029_115310
1761735173.313688,5244892,1342692352,1342.692352,137,196,134,4,20251029_115310
1761735173.323672,5244931,1342702336,1342.702336,139,196,136,4,20251029_115310
1761735173.333656,5244970,1342712320,1342.71232,141,196,136,4,20251029_115310
1761735173.34364,5245009,1342722304,1342.722304,143,195,137,4,20251029_115310
1761735173.353624,5245048,1342732288,1342.732288,145,196,138,4,20251029_115310
1761735173.363608,5245087,1342742272,1342.742272,148,196,138,4,20251029_115310
1761735173.373592,5245126,1342752256,1342.752256,150,196,139,4,20251029_115310
1761735173.383576,5245165,1342762240,1342.76224,152,196,140,4,20251029_115310
1761735173.39356,5245204,1342772224,1342.772224,154,196,142,4,20251029_115310
1761735173.403544,5245243,1342782208,1342.782208,156,196,144,4,20251029_115310
1761735173.413528,5245282,1342792192,1342.792192,158,196,148,4,20251029_115310
1761735173.423768,5245322,1342802432,1342.802432,161,197,151,4,20251029_115310
1761735173.433752,5245361,1342812416,1342.812416,163,197,152,4,20251029_115310
1761735173.443736,5245400,1342822400,1342.8224,166,197,154,4,20251029_115310
1761735173.45372,5245439,1342832384,1342.832384,168,196,156,4,20251029_115310
1761735173.463704,5245478,1342842368,1342.842368,171,196,160,4,20251029_115310
1761735173.473688,5245517,1342852352,1342.852352,174,196,162,4,20251029_115310
1761735173.483672,5245556,1342862336,1342.862336,177,196,165,4,20251029_115310
1761735173.493656,5245595,1342872320,1342.87232,180,197,169,4,20251029_115310
1761735173.50364,5245634,1342882304,1342.882304,183,197,170,4,20251029_115310
1761735173.513624,5245673,1342892288,1342.892288,186,197,172,4,20251029_115310
1761735173.523608,5245712,1342902272,1342.902272,189,199,174,4,20251029_115310
1761735173.533592,5245751,1342912256,1342.912256,192,197,173,4,20251029_115310
1761735173.543576,5245790,1342922240,1342.92224,196,198,172,4,20251029_115310
1761735173.55356,5245829,1342932224,1342.932224,199,197,174,4,20251029_115310
1761735173.5638,5245869,1342942464,1342.942464,202,198,174,4,20251029_115310
1761735173.573784,5245908,1342952448,1342.952448,205,198,174,4,20251029_115310
1761735173.583768,5245947,1342962432,1342.962432,208,198,175,4,20251029_115310
1761735173.593752,5245986,1342972416,1342.972416,211,198,175,4,20251029_115310
1761735173.603736,5246025,1342982400,1342.9824,214,198,175,4,20251029_115310
1761735173.61372,5246064,1342992384,1342.992384,217,198,175,4,20251029_115310
1761735173.623704,5246103,1343002368,1343.002368,220,198,174,4,20251029_115310
1761735173.633688,5246142,1343012352,1343.012352,223,198,175,4,20251029_115310
1761735173.643672,5246181,1343022336,1343.022336,225,199,175,4,20251029_115310
1761735173.653656,5246220,1343032320,1343.03232,228,199,177,4,20251029_115310
1761735173.66364,5246259,1343042304,1343.042304,231,199,175,4,20251029_115310
1761735173.673624,5246298,1343052288,1343.052288,233,198,176,4,20251029_115310
1761735173.683608,5246337,1343062272,1343.062272,236,199,176,4,20251029_115310
1761735173.693592,5246376,1343072256,1343.072256,238,198,174,4,20251029_115310
1761735173.703832,5246416,1343082496,1343.082496,240,199,176,4,20251029_115310
1761735173.713816,5246455,1343092480,1343.09248,243,199,176,4,20251029_115310
1761735173.7238,5246494,1343102464,1343.102464,245,199,176,4,20251029_115310
1761735173.733784,5246533,1343112448,1343.112448,247,199,176,4,20251029_115310
1761735173.743768,5246572,1343122432,1343.122432,249,199,176,4,20251029_115310
1761735173.753752,5246611,1343132416,1343.132416,251,199,176,4,20251029_115310
1761735173.763736,5246650,1343142400,1343.1424,253,199,177,4,20251029_115310
1761735173.77372,5246689,1343152384,1343.152384,0,198,176,4,20251029_115310
1761735173.783704,5246728,1343162368,1343.162368,2,198,175,4,20251029_115310
1761735173.793688,5246767,1343172352,1343.172352,4,199,176,4,20251029_115310
1761735173.803672,5246806,1343182336,1343.182336,6,199,178,4,20251029_115310
1761735173.813656,5246845,1343192320,1343.19232,8,199,176,4,20251029_115310
1761735173.82364,5246884,1343202304,1343.202304,10,199,176,4,20251029_115310
1761735173.833624,5246923,1343212288,1343.212288,11,199,176,4,20251029_115310
1761735173.843864,5246963,1343222528,1343.222528,13,199,177,4,20251029_115310
1761735173.853848,5247002,1343232512,1343.232512,15,198,176,4,20251029_115310
1761735173.863832,5247041,1343242496,1343.242496,16,199,177,4,20251029_115310
1761735173.873816,5247080,1343252480,1343.25248,18,198,176,4,20251029_115310
1761735173.8838,5247119,1343262464,1343.262464,20,198,176,4,20251029_115310
1761735173.893784,5247158,1343272448,1343.272448,21,198,176,4,20251029_115310
1761735173.903768,5247197,1343282432,1343.282432,23,198,176,4,20251029_115310
1761735173.913752,5247236,1343292416,1343.292416,24,199,176,4,20251029_115310
1761735173.923736,5247275,1343302400,1343.3024,26,199,176,4,20251029_115310
1761735173.93372,5247314,1343312384,1343.312384,27,199,176,4,20251029_115310
1761735173.943704,5247353,1343322368,1343.322368,28,199,176,4,20251029_115310
1761735173.953688,5247392,1343332352,1343.332352,30,199,176,4,20251029_115310
1761735173.963672,5247431,1343342336,1343.342336,31,198,175,4,20251029_115310
1761735173.973656,5247470,1343352320,1343.35232,33,198,175,4,20251029_115310
1761735173.98364,5247509,1343362304,1343.362304,34,200,176,4,20251029_115310
1761735173.99388,5247549,1343372544,1343.372544,36,199,175,4,20251029_115310
1761735174.003864,5247588,1343382528,1343.382528,37,198,174,4,20251029_115310
1761735174.013848,5247627,1343392512,1343.392512,38,198,173,4,20251029_115310
1761735174.023832,5247666,1343402496,1343.402496,40,198,171,4,20251029_115310
1761735174.033816,5247705,1343412480,1343.41248,42,199,170,4,20251029_115310
1761735174.0438,5247744,1343422464,1343.422464,43,198,169,4,20251029_115310
1761735174.053784,5247783,1343432448,1343.432448,45,199,166,4,20251029_115310
1761735174.063768,5247822,1343442432,1343.442432,47,198,158,4,20251029_115310
1761735174.073752,5247861,1343452416,1343.452416,50,198,151,4,20251029_115310
1761735174.083736,5247900,1343462400,1343.4624,52,199,145,4,20251029_115310
1761735174.09372,5247939,1343472384,1343.472384,56,198,140,4,20251029_115310
1761735174.103704,5247978,1343482368,1343.482368,59,198,135,4,20251029_115310
1761735174.113688,5248017,1343492352,1343.492352,62,199,131,4,20251029_115310
1761735174.123672,5248056,1343502336,1343.502336,65,198,127,4,20251029_115310
1761735174.133656,5248095,1343512320,1343.51232,69,198,124,4,20251029_115310
1761735174.143896,5248135,1343522560,1343.52256,72,198,119,4,20251029_115310
1761735174.15388,5248174,1343532544,1343.532544,75,198,117,4,20251029_115310
1761735174.163864,5248213,1343542528,1343.542528,78,198,116,4,20251029_115310
1761735174.173848,5248252,1343552512,1343.552512,81,197,116,4,20251029_115310
1761735174.183832,5248291,1343562496,1343.562496,84,197,115,4,20251029_115310
1761735174.193816,5248330,1343572480,1343.57248,87,198,115,4,20251029_115310
1761735174.2038,5248369,1343582464,1343.582464,90,198,115,4,20251029_115310
1761735174.213784,5248408,1343592448,1343.592448,93,197,115,4,20251029_115310
1761735174.223768,5248447,1343602432,1343.602432,96,198,115,4,20251029_115310
1761735174.233752,5248486,1343612416,1343.612416,98,199,116,4,20251029_115310
1761735174.243736,5248525,1343622400,1343.6224,101,197,114,4,20251029_115310
1761735174.25372,5248564,1343632384,1343.632384,104,196,114,4,20251029_115310
1761735174.263704,5248603,1343642368,1343.642368,106,197,116,4,20251029_115310
1761735174.273688,5248642,1343652352,1343.652352,109,195,116,4,20251029_115310
1761735174.283928,5248682,1343662592,1343.662592,111,196,116,4,20251029_115310
1761735174.293912,5248721,1343672576,1343.672576,113,195,116,4,20251029_115310
1761735174.303896,5248760,1343682560,1343.68256,116,196,116,4,20251029_115310
1761735174.31388,5248799,1343692544,1343.692544,118,196,116,4,20251029_115310
1761735174.323864,5248838,1343702528,1343.702528,120,195,116,4,20251029_115310
1761735174.333848,5248877,1343712512,1343.712512,122,195,116,4,20251029_115310
1761735174.343832,5248916,1343722496,1343.722496,124,195,116,4,20251029_115310
1761735174.353816,5248955,1343732480,1343.73248,126,195,115,4,20251029_115310
1761735174.3638,5248994,1343742464,1343.742464,128,195,117,4,20251029_115310
1761735174.373784,5249033,1343752448,1343.752448,130,195,117,4,20251029_115310
1761735174.383768,5249072,1343762432,1343.762432,132,195,118,4,20251029_115310
1761735174.393752,5249111,1343772416,1343.772416,134,195,119,4,20251029_115310
1761735174.403736,5249150,1343782400,1343.7824,136,195,119,4,20251029_115310
1761735174.41372,5249189,1343792384,1343.792384,138,195,120,4,20251029_115310
1761735174.42396,5249229,1343802624,1343.802624,139,195,122,4,20251029_115310
1761735174.433944,5249268,1343812608,1343.812608,141,195,123,4,20251029_115310
1761735174.443928,5249307,1343822592,1343.822592,143,195,124,4,20251029_115310
1761735174.453912,5249346,1343832576,1343.832576,145,195,125,4,20251029_115310
1761735174.463896,5249385,1343842560,1343.84256,147,196,127,4,20251029_115310
1761735174.47388,5249424,1343852544,1343.852544,149,195,129,4,20251029_115310
1761735174.483864,5249463,1343862528,1343.862528,150,195,134,4,20251029_115310
1761735174.493848,5249502,1343872512,1343.872512,153,195,140,4,20251029_115310
1761735174.503832,5249541,1343882496,1343.882496,155,196,146,4,20251029_115310
1761735174.513816,5249580,1343892480,1343.89248,157,195,150,4,20251029_115310
1761735174.5238,5249619,1343902464,1343.902464,160,196,155,4,20251029_115310
1761735174.533784,5249658,1343912448,1343.912448,162,195,160,4,20251029_115310
1761735174.543768,5249697,1343922432,1343.922432,165,195,162,4,20251029_115310
1761735174.553752,5249736,1343932416,1343.932416,168,196,168,4,20251029_115310
1761735174.563992,5249776,1343942656,1343.942656,171,196,170,4,20251029_115310
1761735174.573976,5249815,1343952640,1343.95264,174,196,170,4,20251029_115310
1761735174.58396,5249854,1343962624,1343.962624,177,195,170,4,20251029_115310
1761735174.593944,5249893,1343972608,1343.972608,180,196,171,4,20251029_115310
1761735174.603928,5249932,1343982592,1343.982592,183,196,171,4,20251029_115310
1761735174.613912,5249971,1343992576,1343.992576,187,196,172,4,20251029_115310
1761735174.623896,5250010,1344002560,1344.00256,190,197,172,4,20251029_115310
1761735174.63388,5250049,1344012544,1344.012544,193,197,173,4,20251029_115310
1761735174.643864,5250088,1344022528,1344.022528,196,197,173,4,20251029_115310
1761735174.653848,5250127,1344032512,1344.032512,199,197,174,4,20251029_115310
1761735174.663832,5250166,1344042496,1344.042496,202,197,175,4,20251029_115310
1761735174.673816,5250205,1344052480,1344.05248,205,197,174,4,20251029_115310
1761735174.6838,5250244,1344062464,1344.062464,208,198,173,4,20251029_115310
1761735174.693784,5250283,1344072448,1344.072448,211,198,174,4,20251029_115310
1761735174.703768,5250322,1344082432,1344.082432,214,198,174,4,20251029_115310
1761735174.714008,5250362,1344092672,1344.092672,217,198,174,4,20251029_115310
1761735174.723992,5250401,1344102656,1344.102656,220,198,175,4,20251029_115310
1761735174.733976,5250440,1344112640,1344.11264,223,197,174,4,20251029_115310
1761735174.74396,5250479,1344122624,1344.122624,225,197,175,4,20251029_115310
1761735174.753944,5250518,1344132608,1344.132608,228,197,174,4,20251029_115310
1761735174.763928,5250557,1344142592,1344.142592,231,198,174,4,20251029_115310
1761735174.773912,5250596,1344152576,1344.152576,233,198,175,4,20251029_115310
1761735174.783896,5250635,1344162560,1344.16256,236,198,175,4,20251029_115310
1761735174.79388,5250674,1344172544,1344.172544,238,198,175,4,20251029_115310
1761735174.803864,5250713,1344182528,1344.182528,240,199,175,4,20251029_115310
1761735174.813848,5250752,1344192512,1344.192512,243,198,175,4,20251029_115310
1761735174.823832,5250791,1344202496,1344.202496,245,198,174,4,20251029_115310
1761735174.833816,5250830,1344212480,1344.21248,247,198,174,4,20251029_115310
1761735174.8438,5250869,1344222464,1344.222464,249,199,175,4,20251029_115310
1761735174.85404,5250909,1344232704,1344.232704,251,198,174,4,20251029_115310
1761735174.864024,5250948,1344242688,1344.242688,253,198,175,4,20251029_115310
1761735174.874008,5250987,1344252672,1344.252672,0,199,174,4,20251029_115310
1761735174.883992,5251026,1344262656,1344.262656,2,198,173,4,20251029_115310
1761735174.893976,5251065,1344272640,1344.27264,4,198,174,4,20251029_115310
1761735174.90396,5251104,1344282624,1344.282624,6,198,174,4,20251029_115310
1761735174.913944,5251143,1344292608,1344.292608,8,198,174,4,20251029_115310
1761735174.923928,5251182,1344302592,1344.302592,10,199,174,4,20251029_115310
1761735174.933912,5251221,1344312576,1344.312576,11,198,173,4,20251029_115310
1761735174.943896,5251260,1344322560,1344.32256,13,199,172,4,20251029_115310
1761735174.95388,5251299,1344332544,1344.332544,15,199,172,4,20251029_115310
1761735174.963864,5251338,1344342528,1344.342528,17,199,171,4,20251029_115310
1761735174.973848,5251377,1344352512,1344.352512,18,198,171,4,20251029_115310
1761735174.983832,5251416,1344362496,1344.362496,20,199,171,4,20251029_115310
1761735174.993816,5251455,1344372480,1344.37248,22,199,170,4,20251029_115310
1761735175.004056,5251495,1344382720,1344.38272,23,199,168,4,20251029_115310
1761735175.01404,5251534,1344392704,1344.392704,25,199,167,4,20251029_115310
1761735175.024024,5251573,1344402688,1344.402688,27,198,166,4,20251029_115310
1761735175.034008,5251612,1344412672,1344.412672,29,198,162,4,20251029_115310
1761735175.043992,5251651,1344422656,1344.422656,31,199,155,4,20251029_115310
1761735175.053976,5251690,1344432640,1344.43264,33,198,150,4,20251029_115310
1761735175.06396,5251729,1344442624,1344.442624,35,199,146,4,20251029_115310
1761735175.073944,5251768,1344452608,1344.452608,37,198,142,4,20251029_115310
1761735175.083928,5251807,1344462592,1344.462592,40,200,140,4,20251029_115310
1761735175.093912,5251846,1344472576,1344.472576,42,199,137,4,20251029_115310
1761735175.103896,5251885,1344482560,1344.48256,45,198,133,4,20251029_115310
1761735175.11388,5251924,1344492544,1344.492544,48,199,131,4,20251029_115310
1761735175.123864,5251963,1344502528,1344.502528,51,199,127,4,20251029_115310
1761735175.133848,5252002,1344512512,1344.512512,54,198,127,4,20251029_115310
1761735175.144088,5252042,1344522752,1344.522752,57,198,124,4,20251029_115310
1761735175.154072,5252081,1344532736,1344.532736,60,199,123,4,20251029_115310
1761735175.164056,5252120,1344542720,1344.54272,63,198,122,4,20251029_115310
1761735175.17404,5252159,1344552704,1344.552704,66,198,119,4,20251029_115310
1761735175.184024,5252198,1344562688,1344.562688,69,198,116,4,20251029_115310
1761735175.194008,5252237,1344572672,1344.572672,72,198,115,4,20251029_115310
1761735175.203992,5252276,1344582656,1344.582656,75,198,114,4,20251029_115310
1761735175.213976,5252315,1344592640,1344.59264,79,198,115,4,20251029_115310
1761735175.22396,5252354,1344602624,1344.602624,82,198,114,4,20251029_115310
1761735175.233944,5252393,1344612608,1344.612608,85,198,114,4,20251029_115310
1761735175.243928,5252432,1344622592,1344.622592,88,197,114,4,20251029_115310
1761735175.253912,5252471,1344632576,1344.632576,90,197,115,4,20251029_115310
1761735175.263896,5252510,1344642560,1344.64256,93,198,115,4,20251029_115310
1761735175.27388,5252549,1344652544,1344.652544,96,196,116,4,20251029_115310
1761735175.28412,5252589,1344662784,1344.662784,99,196,116,4,20251029_115310
1761735175.294104,5252628,1344672768,1344.672768,101,196,117,4,20251029_115310
1761735175.304088,5252667,1344682752,1344.682752,104,196,117,4,20251029_115310
1761735175.314072,5252706,1344692736,1344.692736,106,195,117,4,20251029_115310
1761735175.324056,5252745,1344702720,1344.70272,109,194,117,4,20251029_115310
1761735175.33404,5252784,1344712704,1344.712704,111,193,117,4,20251029_115310
1761735175.344024,5252823,1344722688,1344.722688,114,193,119,4,20251029_115310
1761735175.354008,5252862,1344732672,1344.732672,116,193,120,4,20251029_115310
1761735175.363992,5252901,1344742656,1344.742656,118,194,122,4,20251029_115310
1761735175.373976,5252940,1344752640,1344.75264,120,194,125,4,20251029_115310
1761735175.38396,5252979,1344762624,1344.762624,123,193,124,4,20251029_115310
1761735175.393944,5253018,1344772608,1344.772608,125,193,127,4,20251029_115310
1761735175.403928,5253057,1344782592,1344.782592,127,193,127,4,20251029_115310
1761735175.413912,5253096,1344792576,1344.792576,129,193,130,4,20251029_115310
1761735175.423896,5253135,1344802560,1344.80256,131,193,134,4,20251029_115310
1761735175.434136,5253175,1344812800,1344.8128,133,193,139,4,20251029_115310
1761735175.44412,5253214,1344822784,1344.822784,135,193,144,4,20251029_115310
1761735175.454104,5253253,1344832768,1344.832768,138,192,147,4,20251029_115310
1761735175.464088,5253292,1344842752,1344.842752,140,193,151,4,20251029_115310
1761735175.474072,5253331,1344852736,1344.852736,143,193,155,4,20251029_115310
1761735175.484056,5253370,1344862720,1344.86272,145,193,158,4,20251029_115310
1761735175.49404,5253409,1344872704,1344.872704,148,193,161,4,20251029_115310
1761735175.504024,5253448,1344882688,1344.882688,150,194,164,4,20251029_115310
1761735175.514008,5253487,1344892672,1344.892672,153,194,167,4,20251029_115310
1761735175.523992,5253526,1344902656,1344.902656,156,193,170,4,20251029_115310
1761735175.533976,5253565,1344912640,1344.91264,159,194,172,4,20251029_115310
1761735175.54396,5253604,1344922624,1344.922624,162,193,172,4,20251029_115310
1761735175.553944,5253643,1344932608,1344.932608,165,193,171,4,20251029_115310
1761735175.563928,5253682,1344942592,1344.942592,169,194,171,4,20251029_115310
1761735175.574168,5253722,1344952832,1344.952832,172,194,172,4,20251029_115310
1761735175.584152,5253761,1344962816,1344.962816,175,194,173,4,20251029_115310
1761735175.594136,5253800,1344972800,1344.9728,178,195,173,4,20251029_115310
1761735175.60412,5253839,1344982784,1344.982784,181,195,174,4,20251029_115310
1761735175.614104,5253878,1344992768,1344.992768,185,195,174,4,20251029_115310
1761735175.624088,5253917,1345002752,1345.002752,188,196,174,4,20251029_115310
1761735175.634072,5253956,1345012736,1345.012736,191,196,174,4,20251029_115310
1761735175.644056,5253995,1345022720,1345.02272,194,196,174,4,20251029_115310
1761735175.65404,5254034,1345032704,1345.032704,197,197,174,4,20251029_115310
1761735175.664024,5254073,1345042688,1345.042688,200,197,174,4,20251029_115310
1761735175.674008,5254112,1345052672,1345.052672,203,196,174,4,20251029_115310
1761735175.683992,5254151,1345062656,1345.062656,207,197,175,4,20251029_115310
1761735175.693976,5254190,1345072640,1345.07264,210,197,174,4,20251029_115310
1761735175.70396,5254229,1345082624,1345.082624,213,197,175,4,20251029_115310
1761735175.713944,5254268,1345092608,1345.092608,215,197,175,4,20251029_115310
1761735175.724184,5254308,1345102848,1345.102848,218,198,175,4,20251029_115310
1761735175.734168,5254347,1345112832,1345.112832,221,198,175,4,20251029_115310
1761735175.744152,5254386,1345122816,1345.122816,224,198,175,4,20251029_115310
1761735175.754136,5254425,1345132800,1345.1328,227,198,175,4,20251029_115310
1761735175.76412,5254464,1345142784,1345.142784,229,198,175,4,20251029_115310
1761735175.774104,5254503,1345152768,1345.152768,232,197,175,4,20251029_115310
1761735175.784088,5254542,1345162752,1345.162752,234,198,175,4,20251029_115310
1761735175.794072,5254581,1345172736,1345.172736,237,198,175,4,20251029_115310
1761735175.804056,5254620,1345182720,1345.18272,239,198,175,4,20251029_115310
1761735175.81404,5254659,1345192704,1345.192704,241,198,175,4,20251029_115310
1761735175.824024,5254698,1345202688,1345.202688,244,198,174,4,20251029_115310
1761735175.834008,5254737,1345212672,1345.212672,246,198,175,4,20251029_115310
1761735175.843992,5254776,1345222656,1345.222656,248,198,175,4,20251029_115310
1761735175.853976,5254815,1345232640,1345.23264,250,198,175,4,20251029_115310
1761735175.864216,5254855,1345242880,1345.24288,252,199,176,4,20251029_115310
1761735175.8742,5254894,1345252864,1345.252864,254,198,177,4,20251029_115310
1761735175.884184,5254933,1345262848,1345.262848,1,198,176,4,20251029_115310
1761735175.894168,5254972,1345272832,1345.272832,3,199,176,4,20251029_115310
1761735175.904152,5255011,1345282816,1345.282816,5,199,176,4,20251029_115310
1761735175.914136,5255050,1345292800,1345.2928,7,198,176,4,20251029_115310
1761735175.92412,5255089,1345302784,1345.302784,9,198,176,4,20251029_115310
1761735175.934104,5255128,1345312768,1345.312768,10,198,175,4,20251029_115310
1761735175.944088,5255167,1345322752,1345.322752,12,198,176,4,20251029_115310
1761735175.954072,5255206,1345332736,1345.332736,14,197,176,4,20251029_115310
1761735175.964056,5255245,1345342720,1345.34272,15,198,176,4,20251029_115310
1761735175.97404,5255284,1345352704,1345.352704,17,198,175,4,20251029_115310
1761735175.984024,5255323,1345362688,1345.362688,19,198,176,4,20251029_115310
1761735175.994008,5255362,1345372672,1345.372672,20,198,174,4,20251029_115310
1761735176.004248,5255402,1345382912,1345.382912,22,198,176,4,20251029_115310
1761735176.014232,5255441,1345392896,1345.392896,23,198,175,4,20251029_115310
1761735176.024216,5255480,1345402880,1345.40288,25,198,176,4,20251029_115310
1761735176.0342,5255519,1345412864,1345.412864,26,197,177,4,20251029_115310
1761735176.044184,5255558,1345422848,1345.422848,28,198,176,4,20251029_115310
1761735176.054168,5255597,1345432832,1345.432832,29,198,176,4,20251029_115310
1761735176.064152,5255636,1345442816,1345.442816,30,197,176,4,20251029_115310
1761735176.074136,5255675,1345452800,1345.4528,32,198,176,4,20251029_115310
1761735176.08412,5255714,1345462784,1345.462784,33,198,176,4,20251029_115310
1761735176.094104,5255753,1345472768,1345.472768,35,198,177,4,20251029_115310
1761735176.104088,5255792,1345482752,1345.482752,36,198,176,4,20251029_115310
1761735176.114072,5255831,1345492736,1345.492736,37,197,176,4,20251029_115310
1761735176.124056,5255870,1345502720,1345.50272,39,197,175,4,20251029_115310
1761735176.13404,5255909,1345512704,1345.512704,40,197,175,4,20251029_115310
1761735176.144024,5255948,1345522688,1345.522688,41,196,176,4,20251029_115310
1761735176.154264,5255988,1345532928,1345.532928,43,196,175,4,20251029_115310
1761735176.164248,5256027,1345542912,1345.542912,44,198,176,4,20251029_115310
1761735176.174232,5256066,1345552896,1345.552896,45,197,176,4,20251029_115310
1761735176.184216,5256105,1345562880,1345.56288,46,197,176,4,20251029_115310
1761735176.1942,5256144,1345572864,1345.572864,48,197,175,4,20251029_115310
1761735176.204184,5256183,1345582848,1345.582848,49,197,174,4,20251029_115310
1761735176.214168,5256222,1345592832,1345.592832,50,196,175,4,20251029_115310
1761735176.224152,5256261,1345602816,1345.602816,52,196,174,4,20251029_115310
1761735176.234136,5256300,1345612800,1345.6128,53,197,175,4,20251029_115310
1761735176.24412,5256339,1345622784,1345.622784,54,197,175,4,20251029_115310
1761735176.254104,5256378,1345632768,1345.632768,56,197,175,4,20251029_115310
1761735176.264088,5256417,1345642752,1345.642752,57,197,175,4,20251029_115310
1761735176.274072,5256456,1345652736,1345.652736,58,197,176,4,20251029_115310
1761735176.284056,5256495,1345662720,1345.66272,59,197,177,4,20251029_115310
1761735176.294296,5256535,1345672960,1345.67296,61,196,177,4,20251029_115310
1761735176.30428,5256574,1345682944,1345.682944,62,196,176,4,20251029_115310
1761735176.314264,5256613,1345692928,1345.692928,63,195,177,4,20251029_115310
1761735176.324248,5256652,1345702912,1345.702912,65,195,177,4,20251029_115310
1761735176.334232,5256691,1345712896,1345.712896,66,195,178,4,20251029_115310
1761735176.344216,5256730,1345722880,1345.72288,67,196,178,4,20251029_115310
1761735176.3542,5256769,1345732864,1345.732864,69,196,177,4,20251029_115310
1761735176.364184,5256808,1345742848,1345.742848,70,195,177,4,20251029_115310
1761735176.374168,5256847,1345752832,1345.752832,72,194,178,4,20251029_115310
1761735176.384152,5256886,1345762816,1345.762816,73,195,178,4,20251029_115310
1761735176.394136,5256925,1345772800,1345.7728,75,195,177,4,20251029_115310
1761735176.40412,5256964,1345782784,1345.782784,76,195,178,4,20251029_115310
1761735176.414104,5257003,1345792768,1345.792768,77,195,178,4,20251029_115310
1761735176.424088,5257042,1345802752,1345.802752,79,195,179,4,20251029_115310
1761735176.434072,5257081,1345812736,1345.812736,81,195,178,4,20251029_115310
1761735176.444312,5257121,1345822976,1345.822976,82,195,177,4,20251029_115310
1761735176.454296,5257160,1345832960,1345.83296,84,195,178,4,20251029_115310
1761735176.46428,5257199,1345842944,1345.842944,85,196,179,4,20251029_115310
1761735176.474264,5257238,1345852928,1345.852928,87,196,178,4,20251029_115310
1761735176.484248,5257277,1345862912,1345.862912,89,196,178,4,20251029_115310
1761735176.494232,5257316,1345872896,1345.872896,90,195,177,4,20251029_115310
1761735176.504216,5257355,1345882880,1345.88288,92,195,179,4,20251029_115310
1761735176.5142,5257394,1345892864,1345.892864,94,196,178,4,20251029_115310
1761735176.524184,5257433,1345902848,1345.902848,96,195,178,4,20251029_115310
1761735176.534168,5257472,1345912832,1345.912832,98,195,178,4,20251029_115310
1761735176.544152,5257511,1345922816,1345.922816,99,195,178,4,20251029_115310
1761735176.554136,5257550,1345932800,1345.9328,101,195,178,4,20251029_115310
1761735176.56412,5257589,1345942784,1345.942784,103,190,177,4,20251029_115310
1761735176.574104,5257628,1345952768,1345.952768,105,189,178,4,20251029_115310
1761735176.584344,5257668,1345963008,1345.963008,108,190,178,4,20251029_115310
1761735176.594328,5257707,1345972992,1345.972992,110,187,178,4,20251029_115310
1761735176.604312,5257746,1345982976,1345.982976,112,189,178,4,20251029_115310
1761735176.614296,5257785,1345992960,1345.99296,114,190,178,4,20251029_115310
1761735176.62428,5257824,1346002944,1346.002944,116,191,177,4,20251029_115310
1761735176.634264,5257863,1346012928,1346.012928,119,191,178,4,20251029_115310
1761735176.644248,5257902,1346022912,1346.022912,121,190,179,4,20251029_115310
1761735176.654232,5257941,1346032896,1346.032896,124,191,178,4,20251029_115310
1761735176.664216,5257980,1346042880,1346.04288,126,192,178,4,20251029_115310
1761735176.6742,5258019,1346052864,1346.052864,129,193,178,4,20251029_115310
1761735176.684184,5258058,1346062848,1346.062848,132,193,178,4,20251029_115310
1761735176.694168,5258097,1346072832,1346.072832,134,194,179,4,20251029_115310
1761735176.704152,5258136,1346082816,1346.082816,137,194,178,4,20251029_115310
1761735176.714136,5258175,1346092800,1346.0928,140,194,178,4,20251029_115310
1761735176.724376,5258215,1346103040,1346.10304,143,195,178,4,20251029_115310
1761735176.73436,5258254,1346113024,1346.113024,146,195,178,4,20251029_115310
1761735176.744344,5258293,1346123008,1346.123008,149,195,177,4,20251029_115310
1761735176.754328,5258332,1346132992,1346.132992,152,194,177,4,20251029_115310
1761735176.764312,5258371,1346142976,1346.142976,155,193,179,4,20251029_115310
1761735176.774296,5258410,1346152960,1346.15296,158,175,178,4,20251029_115310
1761735176.78428,5258449,1346162944,1346.162944,162,150,179,4,20251029_115310
1761735176.794264,5258488,1346172928,1346.172928,165,109,178,4,20251029_115310
1761735176.804248,5258527,1346182912,1346.182912,168,109,179,4,20251029_115310
1761735176.814232,5258566,1346192896,1346.192896,171,115,178,4,20251029_115310
1761735176.824216,5258605,1346202880,1346.20288,175,120,178,4,20251029_115310
1761735176.8342,5258644,1346212864,1346.212864,178,126,178,4,20251029_115310
1761735176.844184,5258683,1346222848,1346.222848,181,131,178,4,20251029_115310
1761735176.854168,5258722,1346232832,1346.232832,184,132,178,4,20251029_115310
1761735176.864152,5258761,1346242816,1346.242816,188,122,177,4,20251029_115310
1761735176.874392,5258801,1346253056,1346.253056,191,127,178,4,20251029_115310
1761735176.884376,5258840,1346263040,1346.26304,194,155,178,4,20251029_115310
1761735176.89436,5258879,1346273024,1346.273024,197,156,177,4,20251029_115310
1761735176.904344,5258918,1346283008,1346.283008,201,147,178,4,20251029_115310
1761735176.914328,5258957,1346292992,1346.292992,204,150,177,4,20251029_115310
1761735176.924312,5258996,1346302976,1346.302976,207,152,178,4,20251029_115310
1761735176.934296,5259035,1346312960,1346.31296,210,154,177,4,20251029_115310
1761735176.94428,5259074,1346322944,1346.322944,213,156,178,4,20251029_115310
1761735176.954264,5259113,1346332928,1346.332928,216,156,177,4,20251029_115310
1761735176.964248,5259152,1346342912,1346.342912,219,156,182,4,20251029_115310
1761735176.974232,5259191,1346352896,1346.352896,221,158,177,4,20251029_115310
1761735176.984216,5259230,1346362880,1346.36288,224,153,177,4,20251029_115310
1761735176.9942,5259269,1346372864,1346.372864,227,148,178,4,20251029_115310
1761735177.004184,5259308,1346382848,1346.382848,229,144,178,4,20251029_115310
1761735177.014424,5259348,1346393088,1346.393088,232,142,178,4,20251029_115310
1761735177.024408,5259387,1346403072,1346.403072,234,140,180,4,20251029_115310
1761735177.034392,5259426,1346413056,1346.413056,237,137,178,4,20251029_115310
1761735177.044376,5259465,1346423040,1346.42304,239,135,177,4,20251029_115310
1761735177.05436,5259504,1346433024,1346.433024,242,124,178,4,20251029_115310
1761735177.064344,5259543,1346443008,1346.443008,244,118,177,4,20251029_115310
1761735177.074328,5259582,1346452992,1346.452992,246,116,177,4,20251029_115310
1761735177.084312,5259621,1346462976,1346.462976,248,114,177,4,20251029_115310
1761735177.094296,5259660,1346472960,1346.47296,250,116,178,4,20251029_115310
1761735177.10428,5259699,1346482944,1346.482944,252,118,179,4,20251029_115310
1761735177.114264,5259738,1346492928,1346.492928,254,119,177,4,20251029_115310
1761735177.124504,5259778,1346503168,1346.503168,1,120,177,4,20251029_115310
1761735177.134488,5259817,1346513152,1346.513152,3,121,178,4,20251029_115310
1761735177.144472,5259856,1346523136,1346.523136,5,120,177,4,20251029_115310
1761735177.154456,5259895,1346533120,1346.53312,7,119,176,4,20251029_115310
1761735177.16444,5259934,1346543104,1346.543104,9,120,178,4,20251029_115310
1761735177.174424,5259973,1346553088,1346.553088,11,121,178,4,20251029_115310
1761735177.184408,5260012,1346563072,1346.563072,12,123,179,4,20251029_115310
1761735177.194648,5260052,1346573312,1346.573312,14,124,178,4,20251029_115310
1761735177.204632,5260091,1346583296,1346.583296,16,124,177,4,20251029_115310
1761735177.214616,5260130,1346593280,1346.59328,17,124,179,4,20251029_115310
1761735177.2246,5260169,1346603264,1346.603264,19,124,178,4,20251029_115310
1761735177.234584,5260208,1346613248,1346.613248,20,122,178,4,20251029_115310
1761735177.244568,5260247,1346623232,1346.623232,22,121,180,4,20251029_115310
1761735177.254552,5260286,1346633216,1346.633216,24,120,178,4,20251029_115310
1761735177.264792,5260326,1346643456,1346.643456,25,120,178,4,20251029_115310
1761735177.274776,5260365,1346653440,1346.65344,27,122,178,4,20251029_115310
1761735177.28476,5260404,1346663424,1346.663424,28,122,178,4,20251029_115310
1761735177.294744,5260443,1346673408,1346.673408,29,123,178,4,20251029_115310
1761735177.304728,5260482,1346683392,1346.683392,31,122,178,4,20251029_115310
1761735177.314712,5260521,1346693376,1346.693376,32,124,180,4,20251029_115310
1761735177.324696,5260560,1346703360,1346.70336,34,124,179,4,20251029_115310
1761735177.33468,5260599,1346713344,1346.713344,35,124,178,4,20251029_115310
1761735177.34492,5260639,1346723584,1346.723584,37,124,179,4,20251029_115310
1761735177.354904,5260678,1346733568,1346.733568,38,124,179,4,20251029_115310
1761735177.364888,5260717,1346743552,1346.743552,39,123,178,4,20251029_115310
1761735177.374872,5260756,1346753536,1346.753536,41,122,178,4,20251029_115310
1761735177.384856,5260795,1346763520,1346.76352,42,121,177,4,20251029_115310
1761735177.39484,5260834,1346773504,1346.773504,44,120,179,4,20251029_115310
1761735177.40508,5260874,1346783744,1346.783744,45,119,178,4,20251029_115310
1761735177.415064,5260913,1346793728,1346.793728,47,119,178,4,20251029_115310
1761735177.425048,5260952,1346803712,1346.803712,48,119,178,4,20251029_115310
1761735177.435032,5260991,1346813696,1346.813696,49,120,179,4,20251029_115310
1761735177.445016,5261030,1346823680,1346.82368,51,122,178,4,20251029_115310
1761735177.455,5261069,1346833664,1346.833664,53,121,176,4,20251029_115310
1761735177.464984,5261108,1346843648,1346.843648,54,122,179,4,20251029_115310
1761735177.474968,5261147,1346853632,1346.853632,55,122,178,4,20251029_115310
1761735177.485208,5261187,1346863872,1346.863872,57,122,178,4,20251029_115310
1761735177.495192,5261226,1346873856,1346.873856,58,123,177,4,20251029_115310
1761735177.505176,5261265,1346883840,1346.88384,60,124,179,4,20251029_115310
1761735177.51516,5261304,1346893824,1346.893824,62,124,178,4,20251029_115310
1761735177.525144,5261343,1346903808,1346.903808,63,124,179,4,20251029_115310
1761735177.535128,5261382,1346913792,1346.913792,64,123,178,4,20251029_115310
1761735177.545368,5261422,1346924032,1346.924032,66,123,178,4,20251029_115310
1761735177.555352,5261461,1346934016,1346.934016,68,122,177,4,20251029_115310
1761735177.565336,5261500,1346944000,1346.944,69,122,178,4,20251029_115310
1761735177.57532,5261539,1346953984,1346.953984,71,121,178,4,20251029_115310
1761735177.585304,5261578,1346963968,1346.963968,72,123,180,4,20251029_115310
1761735177.595288,5261617,1346973952,1346.973952,74,122,179,4,20251029_115310
1761735177.605272,5261656,1346983936,1346.983936,75,121,178,4,20251029_115310
1761735177.615256,5261695,1346993920,1346.99392,77,122,179,4,20251029_115310
1761735177.62524,5261734,1347003904,1347.003904,79,121,180,4,20251029_115310
1761735177.635224,5261773,1347013888,1347.013888,80,120,179,4,20251029_115310
1761735177.645208,5261812,1347023872,1347.023872,82,120,179,4,20251029_115310
1761735177.655192,5261851,1347033856,1347.033856,84,117,178,4,20251029_115310
1761735177.665432,5261891,1347044096,1347.044096,85,115,179,4,20251029_115310
1761735177.675416,5261930,1347054080,1347.05408,87,114,179,4,20251029_115310
1761735177.6854,5261969,1347064064,1347.064064,89,113,179,4,20251029_115310
1761735177.695384,5262008,1347074048,1347.074048,91,112,178,4,20251029_115310
1761735177.705368,5262047,1347084032,1347.084032,93,111,180,4,20251029_115310
1761735177.715352,5262086,1347094016,1347.094016,95,111,178,4,20251029_115310
1761735177.725336,5262125,1347104000,1347.104,97,109,180,4,20251029_115310
1761735177.73532,5262164,1347113984,1347.113984,99,109,179,4,20251029_115310
1761735177.745304,5262203,1347123968,1347.123968,101,108,176,4,20251029_115310
1761735177.755288,5262242,1347133952,1347.133952,103,107,179,4,20251029_115310
1761735177.765272,5262281,1347143936,1347.143936,105,106,179,4,20251029_115310
1761735177.775256,5262320,1347153920,1347.15392,107,105,178,4,20251029_115310
1761735177.78524,5262359,1347163904,1347.163904,109,104,179,4,20251029_115310
1761735177.795224,5262398,1347173888,1347.173888,112,103,179,4,20251029_115310
1761735177.805208,5262437,1347183872,1347.183872,114,103,179,4,20251029_115310
1761735177.815448,5262477,1347194112,1347.194112,116,101,178,4,20251029_115310
1761735177.825432,5262516,1347204096,1347.204096,119,101,178,4,20251029_115310
1761735177.835416,5262555,1347214080,1347.21408,121,100,179,4,20251029_115310
1761735177.8454,5262594,1347224064,1347.224064,123,100,178,4,20251029_115310
1761735177.855384,5262633,1347234048,1347.234048,126,98,178,4,20251029_115310
1761735177.865368,5262672,1347244032,1347.244032,128,98,178,4,20251029_115310
1761735177.875352,5262711,1347254016,1347.254016,131,98,178,4,20251029_115310
1761735177.885336,5262750,1347264000,1347.264,133,97,179,4,20251029_115310
1761735177.89532,5262789,1347273984,1347.273984,136,97,178,4,20251029_115310
1761735177.905304,5262828,1347283968,1347.283968,139,97,180,4,20251029_115310
1761735177.915288,5262867,1347293952,1347.293952,141,97,179,4,20251029_115310
1761735177.925272,5262906,1347303936,1347.303936,144,97,179,4,20251029_115310
1761735177.935256,5262945,1347313920,1347.31392,147,96,178,4,20251029_115310
1761735177.94524,5262984,1347323904,1347.323904,150,97,177,4,20251029_115310
1761735177.95548,5263024,1347334144,1347.334144,153,98,179,4,20251029_115310
1761735177.965464,5263063,1347344128,1347.344128,156,100,178,4,20251029_115310
1761735177.975448,5263102,1347354112,1347.354112,158,101,177,4,20251029_115310
1761735177.985432,5263141,1347364096,1347.364096,161,104,179,4,20251029_115310
1761735177.995416,5263180,1347374080,1347.37408,164,107,179,4,20251029_115310
1761735178.0054,5263219,1347384064,1347.384064,167,110,178,4,20251029_115310
1761735178.015384,5263258,1347394048,1347.394048,170,113,178,4,20251029_115310
1761735178.025368,5263297,1347404032,1347.404032,173,115,179,4,20251029_115310
1761735178.035352,5263336,1347414016,1347.414016,176,114,178,4,20251029_115310
1761735178.045336,5263375,1347424000,1347.424,179,113,179,4,20251029_115310
1761735178.05532,5263414,1347433984,1347.433984,182,112,179,4,20251029_115310
1761735178.065304,5263453,1347443968,1347.443968,185,110,178,4,20251029_115310
1761735178.075288,5263492,1347453952,1347.453952,188,109,179,4,20251029_115310
1761735178.085272,5263531,1347463936,1347.463936,191,107,178,4,20251029_115310
1761735178.095256,5263570,1347473920,1347.47392,194,106,178,4,20251029_115310
1761735178.105496,5263610,1347484160,1347.48416,197,105,179,4,20251029_115310
1761735178.11548,5263649,1347494144,1347.494144,200,104,179,4,20251029_115310
1761735178.125464,5263688,1347504128,1347.504128,203,104,179,4,20251029_115310
1761735178.135448,5263727,1347514112,1347.514112,206,105,179,4,20251029_115310
1761735178.145432,5263766,1347524096,1347.524096,209,104,179,4,20251029_115310
1761735178.155416,5263805,1347534080,1347.53408,212,104,179,4,20251029_115310
1761735178.1654,5263844,1347544064,1347.544064,214,104,179,4,20251029_115310
1761735178.175384,5263883,1347554048,1347.554048,217,105,179,4,20251029_115310
1761735178.185368,5263922,1347564032,1347.564032,220,105,179,4,20251029_115310
1761735178.195352,5263961,1347574016,1347.574016,223,106,178,4,20251029_115310
1761735178.205336,5264000,1347584000,1347.584,225,106,178,4,20251029_115310
1761735178.21532,5264039,1347593984,1347.593984,228,107,178,4,20251029_115310
1761735178.225304,5264078,1347603968,1347.603968,230,108,179,4,20251029_115310
1761735178.235288,5264117,1347613952,1347.613952,233,110,179,4,20251029_115310
1761735178.245528,5264157,1347624192,1347.624192,235,107,178,4,20251029_115310
1761735178.255512,5264196,1347634176,1347.634176,237,106,178,4,20251029_115310
1761735178.265496,5264235,1347644160,1347.64416,240,106,178,4,20251029_115310
1761735178.27548,5264274,1347654144,1347.654144,242,106,179,4,20251029_115310
1761735178.285464,5264313,1347664128,1347.664128,244,106,178,4,20251029_115310
1761735178.295448,5264352,1347674112,1347.674112,246,106,179,4,20251029_115310
1761735178.305432,5264391,1347684096,1347.684096,249,107,179,4,20251029_115310
1761735178.315416,5264430,1347694080,1347.69408,251,108,180,4,20251029_115310
1761735178.3254,5264469,1347704064,1347.704064,253,108,178,4,20251029_115310
1761735178.335384,5264508,1347714048,1347.714048,0,108,179,4,20251029_115310
1761735178.345368,5264547,1347724032,1347.724032,2,108,179,4,20251029_115310
1761735178.355352,5264586,1347734016,1347.734016,4,108,179,4,20251029_115310
1761735178.365336,5264625,1347744000,1347.744,6,109,178,4,20251029_115310
1761735178.37532,5264664,1347753984,1347.753984,8,108,179,4,20251029_115310
1761735178.38556,5264704,1347764224,1347.764224,10,108,178,4,20251029_115310
1761735178.395544,5264743,1347774208,1347.774208,12,108,178,4,20251029_115310
1761735178.405528,5264782,1347784192,1347.784192,14,108,179,4,20251029_115310
1761735178.415512,5264821,1347794176,1347.794176,16,107,179,4,20251029_115310
1761735178.425496,5264860,1347804160,1347.80416,18,107,179,4,20251029_115310
1761735178.43548,5264899,1347814144,1347.814144,20,105,177,4,20251029_115310
1761735178.445464,5264938,1347824128,1347.824128,22,105,178,4,20251029_115310
1761735178.455448,5264977,1347834112,1347.834112,24,104,179,4,20251029_115310
1761735178.465432,5265016,1347844096,1347.844096,25,104,180,4,20251029_115310
1761735178.475416,5265055,1347854080,1347.85408,27,105,178,4,20251029_115310
1761735178.4854,5265094,1347864064,1347.864064,29,106,179,4,20251029_115310
1761735178.495384,5265133,1347874048,1347.874048,30,106,179,4,20251029_115310
1761735178.505368,5265172,1347884032,1347.884032,32,104,179,4,20251029_115310
1761735178.515352,5265211,1347894016,1347.894016,33,105,179,4,20251029_115310
1761735178.525592,5265251,1347904256,1347.904256,35,107,179,4,20251029_115310
1761735178.535576,5265290,1347914240,1347.91424,37,106,179,4,20251029_115310
1761735178.54556,5265329,1347924224,1347.924224,39,106,179,4,20251029_115310
1761735113.3047888,5246874,1343199744,1343.199744,202,61,172,2,20251029_115314
1761735113.3147728,5246913,1343209728,1343.209728,205,61,174,2,20251029_115314
1761735113.3247569,5246952,1343219712,1343.219712,208,61,174,2,20251029_115314
1761735113.3347409,5246991,1343229696,1343.229696,211,62,174,2,20251029_115314
1761735113.344725,5247030,1343239680,1343.23968,215,63,175,2,20251029_115314
1761735113.354709,5247069,1343249664,1343.249664,218,66,175,2,20251029_115314
1761735113.364693,5247108,1343259648,1343.259648,221,65,172,2,20251029_115314
1761735113.374677,5247147,1343269632,1343.269632,224,65,174,2,20251029_115314
1761735113.384661,5247186,1343279616,1343.279616,227,64,174,2,20251029_115314
1761735113.3946447,5247225,1343289600,1343.2896,231,64,174,2,20251029_115314
1761735113.4046288,5247264,1343299584,1343.299584,234,64,174,2,20251029_115314
1761735113.4146128,5247303,1343309568,1343.309568,237,64,174,2,20251029_115314
1761735113.4245968,5247342,1343319552,1343.319552,240,64,175,2,20251029_115314
1761735113.4345808,5247381,1343329536,1343.329536,243,65,175,2,20251029_115314
1761735113.4445648,5247420,1343339520,1343.33952,247,66,174,2,20251029_115314
1761735113.454805,5247460,1343349760,1343.34976,250,66,173,2,20251029_115314
1761735113.464789,5247499,1343359744,1343.359744,253,67,174,2,20251029_115314
1761735113.474773,5247538,1343369728,1343.369728,1,67,174,2,20251029_115314
1761735113.484757,5247577,1343379712,1343.379712,4,68,174,2,20251029_115314
1761735113.4947407,5247616,1343389696,1343.389696,7,68,174,2,20251029_115314
1761735113.5047247,5247655,1343399680,1343.39968,10,69,174,2,20251029_115314
1761735113.5147088,5247694,1343409664,1343.409664,14,69,175,2,20251029_115314
1761735113.5246928,5247733,1343419648,1343.419648,17,69,174,2,20251029_115314
1761735113.5346768,5247772,1343429632,1343.429632,20,68,174,2,20251029_115314
1761735113.5446608,5247811,1343439616,1343.439616,23,69,175,2,20251029_115314
1761735113.5546448,5247850,1343449600,1343.4496,26,69,175,2,20251029_115314
1761735113.5646288,5247889,1343459584,1343.459584,30,69,174,2,20251029_115314
1761735113.5746129,5247928,1343469568,1343.469568,33,69,174,2,20251029_115314
1761735113.5845969,5247967,1343479552,1343.479552,36,68,175,2,20251029_115314
1761735113.594581,5248006,1343489536,1343.489536,39,68,174,2,20251029_115314
1761735113.6048207,5248046,1343499776,1343.499776,42,67,174,2,20251029_115314
1761735113.6148047,5248085,1343509760,1343.50976,46,67,175,2,20251029_115314
1761735113.6247888,5248124,1343519744,1343.519744,49,67,174,2,20251029_115314
1761735113.6347728,5248163,1343529728,1343.529728,52,67,174,2,20251029_115314
1761735113.6447568,5248202,1343539712,1343.539712,55,66,174,2,20251029_115314
1761735113.6547408,5248241,1343549696,1343.549696,59,65,176,2,20251029_115314
1761735113.6647248,5248280,1343559680,1343.55968,62,65,174,2,20251029_115314
1761735113.6747088,5248319,1343569664,1343.569664,65,65,175,2,20251029_115314
1761735113.6846929,5248358,1343579648,1343.579648,68,64,175,2,20251029_115314
1761735113.6946769,5248397,1343589632,1343.589632,71,64,175,2,20251029_115314
1761735113.704661,5248436,1343599616,1343.599616,74,64,175,2,20251029_115314
1761735113.714645,5248475,1343609600,1343.6096,77,63,175,2,20251029_115314
1761735113.724629,5248514,1343619584,1343.619584,81,63,174,2,20251029_115314
1761735113.734613,5248553,1343629568,1343.629568,84,63,175,2,20251029_115314
1761735113.7448528,5248593,1343639808,1343.639808,90,63,174,2,20251029_115314
1761735113.7548368,5248632,1343649792,1343.649792,94,63,175,2,20251029_115314
1761735113.7648208,5248671,1343659776,1343.659776,97,63,175,2,20251029_115314
1761735113.7748048,5248710,1343669760,1343.66976,100,62,174,2,20251029_115314
1761735113.7847888,5248749,1343679744,1343.679744,103,62,174,2,20251029_115314
1761735113.7947729,5248788,1343689728,1343.689728,106,62,174,2,20251029_115314
1761735113.8047569,5248827,1343699712,1343.699712,110,62,174,2,20251029_115314
1761735113.814741,5248866,1343709696,1343.709696,113,62,174,2,20251029_115314
1761735113.824725,5248905,1343719680,1343.71968,116,62,175,2,20251029_115314
1761735113.834709,5248944,1343729664,1343.729664,119,62,175,2,20251029_115314
1761735113.844693,5248983,1343739648,1343.739648,122,62,174,2,20251029_115314
1761735113.8546767,5249022,1343749632,1343.749632,125,63,175,2,20251029_115314
1761735113.8646607,5249061,1343759616,1343.759616,129,63,174,2,20251029_115314
1761735113.8746448,5249100,1343769600,1343.7696,132,63,174,2,20251029_115314
1761735113.8848848,5249140,1343779840,1343.77984,135,63,175,2,20251029_115314
1761735113.8948689,5249179,1343789824,1343.789824,138,63,174,2,20251029_115314
1761735113.9048529,5249218,1343799808,1343.799808,141,64,175,2,20251029_115314
1761735113.914837,5249257,1343809792,1343.809792,145,64,175,2,20251029_115314
1761735113.924821,5249296,1343819776,1343.819776,148,64,174,2,20251029_115314
1761735113.934805,5249335,1343829760,1343.82976,151,64,175,2,20251029_115314
1761735113.944789,5249374,1343839744,1343.839744,154,64,174,2,20251029_115314
1761735113.954773,5249413,1343849728,1343.849728,157,64,175,2,20251029_115314
1761735113.9647567,5249452,1343859712,1343.859712,160,64,174,2,20251029_115314
1761735113.9747407,5249491,1343869696,1343.869696,164,65,175,2,20251029_115314
1761735113.9847248,5249530,1343879680,1343.87968,167,66,175,2,20251029_115314
1761735113.9947088,5249569,1343889664,1343.889664,170,65,174,2,20251029_115314
1761735114.0046928,5249608,1343899648,1343.899648,173,65,175,2,20251029_115314
1761735114.0146768,5249647,1343909632,1343.909632,176,65,175,2,20251029_115314
1761735114.024917,5249687,1343919872,1343.919872,180,66,174,2,20251029_115314
1761735114.034901,5249726,1343929856,1343.929856,183,66,174,2,20251029_115314
1761735114.044885,5249765,1343939840,1343.93984,186,67,175,2,20251029_115314
1761735114.054869,5249804,1343949824,1343.949824,189,67,174,2,20251029_115314
1761735114.064853,5249843,1343959808,1343.959808,192,68,175,2,20251029_115314
1761735114.0748367,5249882,1343969792,1343.969792,196,69,174,2,20251029_115314
1761735114.0848207,5249921,1343979776,1343.979776,199,70,174,2,20251029_115314
1761735114.0948048,5249960,1343989760,1343.98976,202,72,174,2,20251029_115314
1761735114.1047888,5249999,1343999744,1343.999744,205,73,174,2,20251029_115314
1761735114.1147728,5250038,1344009728,1344.009728,208,75,175,2,20251029_115314
1761735114.1247568,5250077,1344019712,1344.019712,211,76,174,2,20251029_115314
1761735114.1347408,5250116,1344029696,1344.029696,215,78,174,2,20251029_115314
1761735114.1447248,5250155,1344039680,1344.03968,218,80,175,2,20251029_115314
1761735114.1547089,5250194,1344049664,1344.049664,221,82,174,2,20251029_115314
1761735114.1646929,5250233,1344059648,1344.059648,224,84,174,2,20251029_115314
1761735114.174933,5250273,1344069888,1344.069888,227,86,175,2,20251029_115314
1761735114.1849167,5250312,1344079872,1344.079872,231,89,175,2,20251029_115314
1761735114.1949008,5250351,1344089856,1344.089856,234,91,174,2,20251029_115314
1761735114.2048848,5250390,1344099840,1344.09984,237,92,175,2,20251029_115314
1761735114.2148688,5250429,1344109824,1344.109824,240,94,175,2,20251029_115314
1761735114.2248528,5250468,1344119808,1344.119808,243,96,174,2,20251029_115314
1761735114.2348368,5250507,1344129792,1344.129792,247,97,175,2,20251029_115314
1761735114.2448208,5250546,1344139776,1344.139776,250,99,174,2,20251029_115314
1761735114.2548048,5250585,1344149760,1344.14976,253,101,175,2,20251029_115314
1761735114.2647889,5250624,1344159744,1344.159744,1,102,174,2,20251029_115314
1761735114.274773,5250663,1344169728,1344.169728,4,103,175,2,20251029_115314
1761735114.284757,5250702,1344179712,1344.179712,7,105,175,2,20251029_115314
1761735114.294741,5250741,1344189696,1344.189696,11,105,174,2,20251029_115314
1761735114.304725,5250780,1344199680,1344.19968,14,105,174,2,20251029_115314
1761735114.3149648,5250820,1344209920,1344.20992,17,106,175,2,20251029_115314
1761735114.3249488,5250859,1344219904,1344.219904,20,107,172,2,20251029_115314
1761735114.3349328,5250898,1344229888,1344.229888,23,108,178,2,20251029_115314
1761735114.3449168,5250937,1344239872,1344.239872,27,110,175,2,20251029_115314
1761735114.3549008,5250976,1344249856,1344.249856,30,111,174,2,20251029_115314
1761735114.3648849,5251015,1344259840,1344.25984,33,113,175,2,20251029_115314
1761735114.3748689,5251054,1344269824,1344.269824,36,114,174,2,20251029_115314
1761735114.384853,5251093,1344279808,1344.279808,39,115,175,2,20251029_115314
1761735114.394837,5251132,1344289792,1344.289792,43,116,174,2,20251029_115314
1761735114.404821,5251171,1344299776,1344.299776,46,117,175,2,20251029_115314
1761735114.414805,5251210,1344309760,1344.30976,49,117,174,2,20251029_115314
1761735114.424789,5251249,1344319744,1344.319744,52,118,174,2,20251029_115314
1761735114.4347727,5251288,1344329728,1344.329728,55,119,175,2,20251029_115314
1761735114.4447567,5251327,1344339712,1344.339712,58,120,174,2,20251029_115314
1761735114.4547408,5251366,1344349696,1344.349696,62,120,175,2,20251029_115314
1761735114.4649808,5251406,1344359936,1344.359936,65,120,174,2,20251029_115314
1761735114.4749649,5251445,1344369920,1344.36992,68,120,174,2,20251029_115314
1761735114.4849489,5251484,1344379904,1344.379904,71,120,175,2,20251029_115314
1761735114.494933,5251523,1344389888,1344.389888,74,120,174,2,20251029_115314
1761735114.504917,5251562,1344399872,1344.399872,78,120,174,2,20251029_115314
1761735114.514901,5251601,1344409856,1344.409856,81,120,175,2,20251029_115314
1761735114.524885,5251640,1344419840,1344.41984,84,120,174,2,20251029_115314
1761735114.534869,5251679,1344429824,1344.429824,87,120,175,2,20251029_115314
1761735114.5448527,5251718,1344439808,1344.439808,90,120,174,2,20251029_115314
1761735114.5548368,5251757,1344449792,1344.449792,93,120,174,2,20251029_115314
1761735114.5648208,5251796,1344459776,1344.459776,97,120,175,2,20251029_115314
1761735114.5748048,5251835,1344469760,1344.46976,100,120,175,2,20251029_115314
1761735114.5847888,5251874,1344479744,1344.479744,103,120,174,2,20251029_115314
1761735114.5947728,5251913,1344489728,1344.489728,106,120,176,2,20251029_115314
1761735114.605013,5251953,1344499968,1344.499968,109,120,174,2,20251029_115314
1761735114.614997,5251992,1344509952,1344.509952,113,120,174,2,20251029_115314
1761735114.624981,5252031,1344519936,1344.519936,116,120,174,2,20251029_115314
1761735114.634965,5252070,1344529920,1344.52992,119,120,175,2,20251029_115314
1761735114.644949,5252109,1344539904,1344.539904,122,120,174,2,20251029_115314
1761735114.6549327,5252148,1344549888,1344.549888,125,119,174,2,20251029_115314
1761735114.6649168,5252187,1344559872,1344.559872,129,118,174,2,20251029_115314
1761735114.6749008,5252226,1344569856,1344.569856,132,120,173,2,20251029_115314
1761735114.6848848,5252265,1344579840,1344.57984,135,118,171,2,20251029_115314
1761735114.6948688,5252304,1344589824,1344.589824,138,118,169,2,20251029_115314
1761735114.7048528,5252343,1344599808,1344.599808,141,118,168,2,20251029_115314
1761735114.7148368,5252382,1344609792,1344.609792,144,117,167,2,20251029_115314
1761735114.7248209,5252421,1344619776,1344.619776,148,119,166,2,20251029_115314
1761735114.7348049,5252460,1344629760,1344.62976,151,118,165,2,20251029_115314
1761735114.745045,5252500,1344640000,1344.64,154,116,165,2,20251029_115314
1761735114.7550287,5252539,1344649984,1344.649984,157,118,164,2,20251029_115314
1761735114.7650127,5252578,1344659968,1344.659968,160,120,165,2,20251029_115314
1761735114.7749968,5252617,1344669952,1344.669952,164,122,166,2,20251029_115314
1761735114.7849808,5252656,1344679936,1344.679936,167,118,167,2,20251029_115314
1761735114.7949648,5252695,1344689920,1344.68992,170,124,168,2,20251029_115314
1761735114.8049488,5252734,1344699904,1344.699904,173,178,170,2,20251029_115314
1761735114.8149328,5252773,1344709888,1344.709888,176,193,172,2,20251029_115314
1761735114.8249168,5252812,1344719872,1344.719872,180,195,172,2,20251029_115314
1761735114.8349009,5252851,1344729856,1344.729856,183,195,173,2,20251029_115314
1761735114.8448849,5252890,1344739840,1344.73984,186,194,174,2,20251029_115314
1761735114.854869,5252929,1344749824,1344.749824,189,194,173,2,20251029_115314
1761735114.864853,5252968,1344759808,1344.759808,192,194,174,2,20251029_115314
1761735114.874837,5253007,1344769792,1344.769792,195,194,174,2,20251029_115314
1761735114.884821,5253046,1344779776,1344.779776,199,194,174,2,20251029_115314
1761735114.8950608,5253086,1344790016,1344.790016,202,195,174,2,20251029_115314
1761735114.9050448,5253125,1344800000,1344.8,205,196,174,2,20251029_115314
1761735114.9150288,5253164,1344809984,1344.809984,208,196,174,2,20251029_115314
1761735114.9250128,5253203,1344819968,1344.819968,211,196,174,2,20251029_115314
1761735114.9349968,5253242,1344829952,1344.829952,215,196,174,2,20251029_115314
1761735114.9449809,5253281,1344839936,1344.839936,218,195,174,2,20251029_115314
1761735114.9549649,5253320,1344849920,1344.84992,221,195,174,2,20251029_115314
1761735114.964949,5253359,1344859904,1344.859904,224,195,174,2,20251029_115314
1761735114.974933,5253398,1344869888,1344.869888,227,195,174,2,20251029_115314
1761735114.984917,5253437,1344879872,1344.879872,231,195,175,2,20251029_115314
1761735114.994901,5253476,1344889856,1344.889856,234,196,174,2,20251029_115314
1761735115.004885,5253515,1344899840,1344.89984,237,196,175,2,20251029_115314
1761735115.0148687,5253554,1344909824,1344.909824,240,196,176,2,20251029_115314
1761735115.0248528,5253593,1344919808,1344.919808,243,196,176,2,20251029_115314
1761735115.0350928,5253633,1344930048,1344.930048,246,196,174,2,20251029_115314
1761735115.0450768,5253672,1344940032,1344.940032,250,196,175,2,20251029_115314
1761735115.0550609,5253711,1344950016,1344.950016,253,197,176,2,20251029_115314
1761735115.0650449,5253750,1344960000,1344.96,1,197,174,2,20251029_115314
1761735115.075029,5253789,1344969984,1344.969984,4,197,174,2,20251029_115314
1761735115.085013,5253828,1344979968,1344.979968,7,197,174,2,20251029_115314
1761735115.094997,5253867,1344989952,1344.989952,11,197,174,2,20251029_115314
1761735115.104981,5253906,1344999936,1344.999936,14,197,175,2,20251029_115314
1761735115.1149647,5253945,1345009920,1345.00992,17,197,174,2,20251029_115314
1761735115.1249487,5253984,1345019904,1345.019904,20,197,174,2,20251029_115314
1761735115.1349328,5254023,1345029888,1345.029888,23,198,176,2,20251029_115314
1761735115.1449168,5254062,1345039872,1345.039872,26,197,174,2,20251029_115314
1761735115.1549008,5254101,1345049856,1345.049856,30,197,174,2,20251029_115314
1761735115.1648848,5254140,1345059840,1345.05984,33,197,174,2,20251029_115314
1761735115.1748688,5254179,1345069824,1345.069824,36,197,174,2,20251029_115314
1761735115.185109,5254219,1345080064,1345.080064,39,197,174,2,20251029_115314
1761735115.195093,5254258,1345090048,1345.090048,42,196,173,2,20251029_115314
1761735115.205077,5254297,1345100032,1345.100032,46,196,172,2,20251029_115314
1761735115.215061,5254336,1345110016,1345.110016,49,197,170,2,20251029_115314
1761735115.2250447,5254375,1345120000,1345.12,52,197,167,2,20251029_115314
1761735115.2350287,5254414,1345129984,1345.129984,55,197,156,2,20251029_115314
1761735115.2450128,5254453,1345139968,1345.139968,58,196,153,2,20251029_115314
1761735115.2549968,5254492,1345149952,1345.149952,62,196,148,2,20251029_115314
1761735115.2649808,5254531,1345159936,1345.159936,65,196,145,2,20251029_115314
1761735115.2749648,5254570,1345169920,1345.16992,68,196,142,2,20251029_115314
1761735115.2849488,5254609,1345179904,1345.179904,71,195,140,2,20251029_115314
1761735115.2949328,5254648,1345189888,1345.189888,74,195,137,2,20251029_115314
1761735115.3049169,5254687,1345199872,1345.199872,77,195,136,2,20251029_115314
1761735115.3149009,5254726,1345209856,1345.209856,81,195,135,2,20251029_115314
1761735115.325141,5254766,1345220096,1345.220096,84,194,135,2,20251029_115314
1761735115.3351247,5254805,1345230080,1345.23008,87,195,135,2,20251029_115314
1761735115.3451087,5254844,1345240064,1345.240064,90,195,134,2,20251029_115314
1761735115.3550928,5254883,1345250048,1345.250048,93,194,134,2,20251029_115314
1761735115.3650768,5254922,1345260032,1345.260032,97,193,134,2,20251029_115314
1761735115.3750608,5254961,1345270016,1345.270016,100,193,135,2,20251029_115314
1761735115.3850448,5255000,1345280000,1345.28,103,192,134,2,20251029_115314
1761735115.3950288,5255039,1345289984,1345.289984,106,192,135,2,20251029_115314
1761735115.4050128,5255078,1345299968,1345.299968,109,192,134,2,20251029_115314
1761735115.4149969,5255117,1345309952,1345.309952,113,192,135,2,20251029_115314
1761735115.4249809,5255156,1345319936,1345.319936,116,194,135,2,20251029_115314
1761735115.434965,5255195,1345329920,1345.32992,119,195,135,2,20251029_115314
1761735115.444949,5255234,1345339904,1345.339904,122,195,135,2,20251029_115314
1761735115.454933,5255273,1345349888,1345.349888,125,195,136,2,20251029_115314
1761735115.4651728,5255313,1345360128,1345.360128,128,191,136,2,20251029_115314
1761735115.4751568,5255352,1345370112,1345.370112,132,190,136,2,20251029_115314
1761735115.4851408,5255391,1345380096,1345.380096,135,195,136,2,20251029_115314
1761735115.4951248,5255430,1345390080,1345.39008,138,195,137,2,20251029_115314
1761735115.5051088,5255469,1345400064,1345.400064,141,194,138,2,20251029_115314
1761735115.5150928,5255508,1345410048,1345.410048,144,194,139,2,20251029_115314
1761735115.5250769,5255547,1345420032,1345.420032,148,194,141,2,20251029_115314
1761735115.535061,5255586,1345430016,1345.430016,151,194,143,2,20251029_115314
1761735115.545045,5255625,1345440000,1345.44,154,193,146,2,20251029_115314
1761735115.555029,5255664,1345449984,1345.449984,157,194,146,2,20251029_115314
1761735115.565013,5255703,1345459968,1345.459968,160,194,148,2,20251029_115314
1761735115.574997,5255742,1345469952,1345.469952,164,194,150,2,20251029_115314
1761735115.5849807,5255781,1345479936,1345.479936,167,194,154,2,20251029_115314
1761735115.5949647,5255820,1345489920,1345.48992,170,194,160,2,20251029_115314
1761735115.6052048,5255860,1345500160,1345.50016,173,196,166,2,20251029_115314
1761735115.6151888,5255899,1345510144,1345.510144,176,195,168,2,20251029_115314
1761735115.6251729,5255938,1345520128,1345.520128,179,195,170,2,20251029_115314
1761735115.6351569,5255977,1345530112,1345.530112,183,195,171,2,20251029_115314
1761735115.645141,5256016,1345540096,1345.540096,186,194,172,2,20251029_115314
1761735115.655125,5256055,1345550080,1345.55008,189,194,172,2,20251029_115314
1761735115.665109,5256094,1345560064,1345.560064,192,194,172,2,20251029_115314
1761735115.675093,5256133,1345570048,1345.570048,195,195,172,2,20251029_115314
1761735115.685077,5256172,1345580032,1345.580032,199,195,172,2,20251029_115314
1761735115.6950607,5256211,1345590016,1345.590016,202,195,172,2,20251029_115314
1761735115.7050447,5256250,1345600000,1345.6,205,195,172,2,20251029_115314
1761735115.7150288,5256289,1345609984,1345.609984,208,195,173,2,20251029_115314
1761735115.7250128,5256328,1345619968,1345.619968,211,195,173,2,20251029_115314
1761735115.7349968,5256367,1345629952,1345.629952,214,195,173,2,20251029_115314
1761735115.7449808,5256406,1345639936,1345.639936,218,195,173,2,20251029_115314
1761735115.755221,5256446,1345650176,1345.650176,221,195,173,2,20251029_115314
1761735115.765205,5256485,1345660160,1345.66016,224,196,173,2,20251029_115314
1761735115.775189,5256524,1345670144,1345.670144,227,196,173,2,20251029_115314
1761735115.785173,5256563,1345680128,1345.680128,230,196,173,2,20251029_115314
1761735115.795157,5256602,1345690112,1345.690112,234,196,173,2,20251029_115314
1761735115.8051407,5256641,1345700096,1345.700096,237,196,173,2,20251029_115314
1761735115.8151248,5256680,1345710080,1345.71008,240,196,173,2,20251029_115314
1761735115.8251088,5256719,1345720064,1345.720064,243,196,173,2,20251029_115314
1761735115.8350928,5256758,1345730048,1345.730048,246,197,173,2,20251029_115314
1761735115.8450768,5256797,1345740032,1345.740032,250,197,174,2,20251029_115314
1761735115.8550608,5256836,1345750016,1345.750016,253,197,173,2,20251029_115314
1761735115.8650448,5256875,1345760000,1345.76,1,196,174,2,20251029_115314
1761735115.8750288,5256914,1345769984,1345.769984,4,196,173,2,20251029_115314
1761735115.8850129,5256953,1345779968,1345.779968,7,197,173,2,20251029_115314
1761735115.895253,5256993,1345790208,1345.790208,10,197,173,2,20251029_115314
1761735115.905237,5257032,1345800192,1345.800192,14,197,174,2,20251029_115314
1761735115.9152207,5257071,1345810176,1345.810176,17,197,172,2,20251029_115314
1761735115.9252048,5257110,1345820160,1345.82016,20,198,174,2,20251029_115314
1761735115.9351888,5257149,1345830144,1345.830144,23,197,173,2,20251029_115314
1761735115.9451728,5257188,1345840128,1345.840128,26,197,174,2,20251029_115314
1761735115.9551568,5257227,1345850112,1345.850112,30,197,173,2,20251029_115314
1761735115.9651408,5257266,1345860096,1345.860096,33,198,173,2,20251029_115314
1761735115.9751248,5257305,1345870080,1345.87008,36,197,174,2,20251029_115314
1761735115.9851089,5257344,1345880064,1345.880064,39,197,173,2,20251029_115314
1761735115.9950929,5257383,1345890048,1345.890048,42,197,174,2,20251029_115314
1761735116.005077,5257422,1345900032,1345.900032,46,197,173,2,20251029_115314
1761735116.015061,5257461,1345910016,1345.910016,49,197,173,2,20251029_115314
1761735116.025045,5257500,1345920000,1345.92,52,197,172,2,20251029_115314
1761735116.0352848,5257540,1345930240,1345.93024,55,197,173,2,20251029_115314
1761735116.0452688,5257579,1345940224,1345.940224,58,197,173,2,20251029_115314
1761735116.0552528,5257618,1345950208,1345.950208,61,197,172,2,20251029_115314
1761735116.0652368,5257657,1345960192,1345.960192,65,197,171,2,20251029_115314
1761735116.0752208,5257696,1345970176,1345.970176,68,197,168,2,20251029_115314
1761735116.0852048,5257735,1345980160,1345.98016,71,197,165,2,20251029_115314
1761735116.0951889,5257774,1345990144,1345.990144,74,197,158,2,20251029_115314
1761735116.1051729,5257813,1346000128,1346.000128,77,197,152,2,20251029_115314
1761735116.115157,5257852,1346010112,1346.010112,81,196,146,2,20251029_115314
1761735116.125141,5257891,1346020096,1346.020096,84,196,141,2,20251029_115314
1761735116.135125,5257930,1346030080,1346.03008,87,196,136,2,20251029_115314
1761735116.145109,5257969,1346040064,1346.040064,90,196,135,2,20251029_115314
1761735116.155093,5258008,1346050048,1346.050048,93,196,135,2,20251029_115314
1761735116.1650767,5258047,1346060032,1346.060032,97,196,136,2,20251029_115314
1761735116.1753168,5258087,1346070272,1346.070272,100,195,136,2,20251029_115314
1761735116.1853008,5258126,1346080256,1346.080256,103,195,135,2,20251029_115314
1761735116.1952848,5258165,1346090240,1346.09024,106,195,136,2,20251029_115314
1761735116.2052689,5258204,1346100224,1346.100224,109,195,136,2,20251029_115314
1761735116.2152529,5258243,1346110208,1346.110208,112,195,136,2,20251029_115314
1761735116.225237,5258282,1346120192,1346.120192,116,195,136,2,20251029_115314
1761735116.235221,5258321,1346130176,1346.130176,119,195,135,2,20251029_115314
1761735116.245205,5258360,1346140160,1346.14016,122,195,135,2,20251029_115314
1761735116.255189,5258399,1346150144,1346.150144,125,195,135,2,20251029_115314
1761735116.265173,5258438,1346160128,1346.160128,128,195,135,2,20251029_115314
1761735116.2751567,5258477,1346170112,1346.170112,132,196,131,2,20251029_115314
1761735116.2851408,5258516,1346180096,1346.180096,135,196,133,2,20251029_115314
1761735116.2951248,5258555,1346190080,1346.19008,138,196,137,2,20251029_115314
1761735116.3051088,5258594,1346200064,1346.200064,141,196,138,2,20251029_115314
1761735116.3150928,5258633,1346210048,1346.210048,144,196,139,2,20251029_115314
1761735116.3253329,5258673,1346220288,1346.220288,147,196,141,2,20251029_115314
1761735116.335317,5258712,1346230272,1346.230272,151,196,143,2,20251029_115314
1761735116.345301,5258751,1346240256,1346.240256,154,196,146,2,20251029_115314
1761735116.355285,5258790,1346250240,1346.25024,157,195,149,2,20251029_115314
1761735116.365269,5258829,1346260224,1346.260224,160,195,153,2,20251029_115314
1761735116.3752527,5258868,1346270208,1346.270208,163,195,157,2,20251029_115314
1761735116.3852367,5258907,1346280192,1346.280192,167,196,161,2,20251029_115314
1761735116.3952208,5258946,1346290176,1346.290176,170,196,164,2,20251029_115314
1761735116.4052048,5258985,1346300160,1346.30016,173,196,168,2,20251029_115314
1761735116.4151888,5259024,1346310144,1346.310144,176,196,170,2,20251029_115314
1761735116.4251728,5259063,1346320128,1346.320128,179,196,170,2,20251029_115314
1761735116.4351568,5259102,1346330112,1346.330112,183,197,171,2,20251029_115314
1761735116.4451408,5259141,1346340096,1346.340096,186,196,172,2,20251029_115314
1761735116.4551249,5259180,1346350080,1346.35008,189,196,172,2,20251029_115314
1761735116.465365,5259220,1346360320,1346.36032,192,196,172,2,20251029_115314
1761735116.475349,5259259,1346370304,1346.370304,195,196,172,2,20251029_115314
1761735116.4853327,5259298,1346380288,1346.380288,198,196,172,2,20251029_115314
1761735116.4953167,5259337,1346390272,1346.390272,202,196,173,2,20251029_115314
1761735116.5053008,5259376,1346400256,1346.400256,205,195,172,2,20251029_115314
1761735116.5152848,5259415,1346410240,1346.41024,208,195,172,2,20251029_115314
1761735116.5252688,5259454,1346420224,1346.420224,211,195,172,2,20251029_115314
1761735116.5352528,5259493,1346430208,1346.430208,214,195,173,2,20251029_115314
1761735116.5452368,5259532,1346440192,1346.440192,218,195,173,2,20251029_115314
1761735116.5552208,5259571,1346450176,1346.450176,221,195,173,2,20251029_115314
1761735116.5652049,5259610,1346460160,1346.46016,224,195,172,2,20251029_115314
1761735116.5751889,5259649,1346470144,1346.470144,227,196,172,2,20251029_115314
1761735116.585173,5259688,1346480128,1346.480128,230,195,173,2,20251029_115314
1761735116.595157,5259727,1346490112,1346.490112,234,196,173,2,20251029_115314
1761735116.6053967,5259767,1346500352,1346.500352,237,196,173,2,20251029_115314
1761735116.6153808,5259806,1346510336,1346.510336,240,196,173,2,20251029_115314
1761735116.6253648,5259845,1346520320,1346.52032,243,196,173,2,20251029_115314
1761735116.6353488,5259884,1346530304,1346.530304,246,197,173,2,20251029_115314
1761735116.6453328,5259923,1346540288,1346.540288,249,197,172,2,20251029_115314
1761735116.6553168,5259962,1346550272,1346.550272,253,197,172,2,20251029_115314
1761735116.6653008,5260001,1346560256,1346.560256,1,196,173,2,20251029_115314
1761735116.6752849,5260040,1346570240,1346.57024,4,197,173,2,20251029_115314
1761735116.685525,5260080,1346580480,1346.58048,7,197,173,2,20251029_115314
1761735116.695509,5260119,1346590464,1346.590464,10,197,173,2,20251029_115314
1761735116.7054927,5260158,1346600448,1346.600448,14,197,173,2,20251029_115314
1761735116.7154768,5260197,1346610432,1346.610432,17,197,173,2,20251029_115314
1761735116.7254608,5260236,1346620416,1346.620416,20,197,173,2,20251029_115314
1761735116.7354448,5260275,1346630400,1346.6304,23,197,173,2,20251029_115314
1761735116.7454288,5260314,1346640384,1346.640384,26,197,173,2,20251029_115314
1761735116.7554128,5260353,1346650368,1346.650368,30,197,172,2,20251029_115314
1761735116.7653968,5260392,1346660352,1346.660352,33,197,173,2,20251029_115314
1761735116.7753808,5260431,1346670336,1346.670336,36,198,173,2,20251029_115314
1761735116.7853649,5260470,1346680320,1346.68032,39,197,172,2,20251029_115314
1761735116.795349,5260509,1346690304,1346.690304,42,197,172,2,20251029_115314
1761735116.805333,5260548,1346700288,1346.700288,45,197,172,2,20251029_115314
1761735116.815317,5260587,1346710272,1346.710272,49,197,170,2,20251029_115314
1761735116.825301,5260626,1346720256,1346.720256,52,197,166,2,20251029_115314
1761735116.8355408,5260666,1346730496,1346.730496,55,197,162,2,20251029_115314
1761735116.8455248,5260705,1346740480,1346.74048,58,197,157,2,20251029_115314
1761735116.8555088,5260744,1346750464,1346.750464,61,196,153,2,20251029_115314
1761735116.8654928,5260783,1346760448,1346.760448,65,197,149,2,20251029_115314
1761735116.8754768,5260822,1346770432,1346.770432,68,197,146,2,20251029_115314
1761735116.8854609,5260861,1346780416,1346.780416,71,196,143,2,20251029_115314
1761735116.8954449,5260900,1346790400,1346.7904,74,197,140,2,20251029_115314
1761735116.905429,5260939,1346800384,1346.800384,77,196,137,2,20251029_115314
1761735116.915413,5260978,1346810368,1346.810368,81,196,135,2,20251029_115314
1761735116.925397,5261017,1346820352,1346.820352,84,196,137,2,20251029_115314
1761735116.935381,5261056,1346830336,1346.830336,87,196,137,2,20251029_115314
1761735116.945365,5261095,1346840320,1346.84032,90,196,138,2,20251029_115314
1761735116.9553487,5261134,1346850304,1346.850304,93,196,137,2,20251029_115314
1761735116.9653327,5261173,1346860288,1346.860288,96,196,138,2,20251029_115314
1761735116.9755728,5261213,1346870528,1346.870528,100,196,138,2,20251029_115314
1761735116.9855568,5261252,1346880512,1346.880512,103,196,137,2,20251029_115314
1761735116.9955409,5261291,1346890496,1346.890496,106,196,138,2,20251029_115314
1761735117.0055249,5261330,1346900480,1346.90048,109,196,138,2,20251029_115314
1761735117.015509,5261369,1346910464,1346.910464,112,196,139,2,20251029_115314
1761735117.025493,5261408,1346920448,1346.920448,116,196,140,2,20251029_115314
1761735117.035477,5261447,1346930432,1346.930432,119,196,141,2,20251029_115314
1761735117.045461,5261486,1346940416,1346.940416,122,196,141,2,20251029_115314
1761735117.055445,5261525,1346950400,1346.9504,125,196,143,2,20251029_115314
1761735117.0654287,5261564,1346960384,1346.960384,128,196,144,2,20251029_115314
1761735117.0754128,5261603,1346970368,1346.970368,132,196,146,2,20251029_115314
1761735117.0853968,5261642,1346980352,1346.980352,135,196,147,2,20251029_115314
1761735117.0953808,5261681,1346990336,1346.990336,138,196,149,2,20251029_115314
1761735117.1053648,5261720,1347000320,1347.00032,141,196,152,2,20251029_115314
1761735117.1153488,5261759,1347010304,1347.010304,144,197,156,2,20251029_115314
1761735117.125589,5261799,1347020544,1347.020544,147,197,160,2,20251029_115314
1761735117.135573,5261838,1347030528,1347.030528,151,197,162,2,20251029_115314
1761735117.145557,5261877,1347040512,1347.040512,154,197,167,2,20251029_115314
1761735117.155541,5261916,1347050496,1347.050496,157,197,169,2,20251029_115314
1761735117.165525,5261955,1347060480,1347.06048,160,197,169,2,20251029_115314
1761735117.1755087,5261994,1347070464,1347.070464,163,197,170,2,20251029_115314
1761735117.1854928,5262033,1347080448,1347.080448,167,197,171,2,20251029_115314
1761735117.1954768,5262072,1347090432,1347.090432,170,198,171,2,20251029_115314
1761735117.2054608,5262111,1347100416,1347.100416,173,198,172,2,20251029_115314
1761735117.2154448,5262150,1347110400,1347.1104,176,198,172,2,20251029_115314
1761735117.2254288,5262189,1347120384,1347.120384,179,197,172,2,20251029_115314
1761735117.2354128,5262228,1347130368,1347.130368,182,198,171,2,20251029_115314
1761735117.2453969,5262267,1347140352,1347.140352,186,197,171,2,20251029_115314
1761735117.2553809,5262306,1347150336,1347.150336,189,198,174,2,20251029_115314
1761735117.265621,5262346,1347160576,1347.160576,192,198,172,2,20251029_115314
1761735117.2756047,5262385,1347170560,1347.17056,195,198,172,2,20251029_115314
1761735117.2855887,5262424,1347180544,1347.180544,198,198,172,2,20251029_115314
1761735117.2955728,5262463,1347190528,1347.190528,202,198,172,2,20251029_115314
1761735117.3055568,5262502,1347200512,1347.200512,205,197,173,2,20251029_115314
1761735117.3155408,5262541,1347210496,1347.210496,208,197,172,2,20251029_115314
1761735117.3255248,5262580,1347220480,1347.22048,211,196,173,2,20251029_115314
1761735117.3355088,5262619,1347230464,1347.230464,214,197,172,2,20251029_115314
1761735117.3454928,5262658,1347240448,1347.240448,218,197,172,2,20251029_115314
1761735117.3554769,5262697,1347250432,1347.250432,221,197,172,2,20251029_115314
1761735117.3654609,5262736,1347260416,1347.260416,224,197,173,2,20251029_115314
1761735117.375445,5262775,1347270400,1347.2704,227,197,173,2,20251029_115314
1761735117.385429,5262814,1347280384,1347.280384,230,197,173,2,20251029_115314
1761735117.395413,5262853,1347290368,1347.290368,233,198,173,2,20251029_115314
1761735117.4056528,5262893,1347300608,1347.300608,237,198,173,2,20251029_115314
1761735117.4156368,5262932,1347310592,1347.310592,240,198,173,2,20251029_115314
1761735117.4256208,5262971,1347320576,1347.320576,243,198,173,2,20251029_115314
1761735117.4356048,5263010,1347330560,1347.33056,246,197,173,2,20251029_115314
1761735117.4455888,5263049,1347340544,1347.340544,249,198,173,2,20251029_115314
1761735117.4555728,5263088,1347350528,1347.350528,253,198,172,2,20251029_115314
1761735117.4655569,5263127,1347360512,1347.360512,1,198,173,2,20251029_115314
1761735117.4755409,5263166,1347370496,1347.370496,4,198,173,2,20251029_115314
1761735117.485525,5263205,1347380480,1347.38048,7,198,174,2,20251029_115314
1761735117.495509,5263244,1347390464,1347.390464,10,198,172,2,20251029_115314
1761735117.505493,5263283,1347400448,1347.400448,14,198,173,2,20251029_115314
1761735117.515477,5263322,1347410432,1347.410432,17,198,173,2,20251029_115314
1761735117.525461,5263361,1347420416,1347.420416,20,198,173,2,20251029_115314
1761735117.5354447,5263400,1347430400,1347.4304,23,198,173,2,20251029_115314
1761735117.5456848,5263440,1347440640,1347.44064,26,198,172,2,20251029_115314
1761735117.5556688,5263479,1347450624,1347.450624,29,198,172,2,20251029_115314
1761735117.5656528,5263518,1347460608,1347.460608,33,198,172,2,20251029_115314
1761735117.5756369,5263557,1347470592,1347.470592,36,198,172,2,20251029_115314
1761735117.5856209,5263596,1347480576,1347.480576,39,198,171,2,20251029_115314
1761735117.595605,5263635,1347490560,1347.49056,42,198,168,2,20251029_115314
1761735117.605589,5263674,1347500544,1347.500544,45,198,165,2,20251029_115314
1761735117.615573,5263713,1347510528,1347.510528,49,198,162,2,20251029_115314
1761735117.625557,5263752,1347520512,1347.520512,52,198,155,2,20251029_115314
1761735117.6355407,5263791,1347530496,1347.530496,55,197,151,2,20251029_115314
1761735117.6455247,5263830,1347540480,1347.54048,58,198,147,2,20251029_115314
1761735117.6555088,5263869,1347550464,1347.550464,61,198,142,2,20251029_115314
1761735117.6654928,5263908,1347560448,1347.560448,65,197,138,2,20251029_115314
1761735117.6754768,5263947,1347570432,1347.570432,68,198,137,2,20251029_115314
1761735117.6854608,5263986,1347580416,1347.580416,71,197,136,2,20251029_115314
1761735117.695701,5264026,1347590656,1347.590656,74,197,136,2,20251029_115314
1761735117.705685,5264065,1347600640,1347.60064,77,197,136,2,20251029_115314
1761735117.715669,5264104,1347610624,1347.610624,80,197,136,2,20251029_115314
1761735117.725653,5264143,1347620608,1347.620608,84,197,135,2,20251029_115314
1761735117.735637,5264182,1347630592,1347.630592,87,197,135,2,20251029_115314
1761735117.7456207,5264221,1347640576,1347.640576,90,197,135,2,20251029_115314
1761735117.7556047,5264260,1347650560,1347.65056,93,196,135,2,20251029_115314
1761735117.7655888,5264299,1347660544,1347.660544,96,196,135,2,20251029_115314
1761735117.7755728,5264338,1347670528,1347.670528,100,196,136,2,20251029_115314
1761735117.7855568,5264377,1347680512,1347.680512,103,196,136,2,20251029_115314
1761735117.7955408,5264416,1347690496,1347.690496,106,196,136,2,20251029_115314
1761735117.8055248,5264455,1347700480,1347.70048,109,196,135,2,20251029_115314
1761735117.8155088,5264494,1347710464,1347.710464,112,196,135,2,20251029_115314
1761735117.8254929,5264533,1347720448,1347.720448,116,196,135,2,20251029_115314
1761735117.835733,5264573,1347730688,1347.730688,119,196,135,2,20251029_115314
1761735117.845717,5264612,1347740672,1347.740672,122,195,136,2,20251029_115314
1761735117.8557007,5264651,1347750656,1347.750656,125,195,136,2,20251029_115314
1761735117.8656847,5264690,1347760640,1347.76064,128,195,136,2,20251029_115314
1761735117.8756688,5264729,1347770624,1347.770624,131,196,136,2,20251029_115314
1761735117.8856528,5264768,1347780608,1347.780608,135,196,137,2,20251029_115314
1761735117.8956368,5264807,1347790592,1347.790592,138,196,139,2,20251029_115314
1761735117.9056208,5264846,1347800576,1347.800576,141,196,139,2,20251029_115314
1761735117.9156048,5264885,1347810560,1347.81056,144,197,140,2,20251029_115314
1761735117.9255888,5264924,1347820544,1347.820544,147,196,141,2,20251029_115314
1761735117.9355729,5264963,1347830528,1347.830528,151,196,144,2,20251029_115314
1761735117.9455569,5265002,1347840512,1347.840512,154,197,145,2,20251029_115314
1761735117.955541,5265041,1347850496,1347.850496,157,197,148,2,20251029_115314
1761735117.965525,5265080,1347860480,1347.86048,160,197,151,2,20251029_115314
1761735117.9757648,5265120,1347870720,1347.87072,163,197,156,2,20251029_115314
1761735117.9857488,5265159,1347880704,1347.880704,166,197,160,2,20251029_115314
1761735117.9957328,5265198,1347890688,1347.890688,170,197,166,2,20251029_115314
1761735118.0057168,5265237,1347900672,1347.900672,173,197,168,2,20251029_115314
1761735118.0157008,5265276,1347910656,1347.910656,176,197,170,2,20251029_115314
1761735118.0256848,5265315,1347920640,1347.92064,179,197,170,2,20251029_115314
1761735118.0356688,5265354,1347930624,1347.930624,182,197,171,2,20251029_115314
1761735118.0456529,5265393,1347940608,1347.940608,186,197,171,2,20251029_115314
1761735118.055637,5265432,1347950592,1347.950592,189,197,171,2,20251029_115314
1761735118.065621,5265471,1347960576,1347.960576,192,197,171,2,20251029_115314
1761735118.075605,5265510,1347970560,1347.97056,195,197,171,2,20251029_115314
1761735118.085589,5265549,1347980544,1347.980544,198,197,172,2,20251029_115314
1761735118.095573,5265588,1347990528,1347.990528,202,197,172,2,20251029_115314
1761735118.1055567,5265627,1348000512,1348.000512,205,197,172,2,20251029_115314
1761735118.1155407,5265666,1348010496,1348.010496,208,197,172,2,20251029_115314
1761735118.1257808,5265706,1348020736,1348.020736,211,197,173,2,20251029_115314
1761735118.1357648,5265745,1348030720,1348.03072,214,197,172,2,20251029_115314
1761735118.1457489,5265784,1348040704,1348.040704,217,197,172,2,20251029_115314
1761735118.1557329,5265823,1348050688,1348.050688,221,197,172,2,20251029_115314
1761735118.165717,5265862,1348060672,1348.060672,224,197,172,2,20251029_115314
1761735118.175701,5265901,1348070656,1348.070656,227,197,173,2,20251029_115314
1761735118.185685,5265940,1348080640,1348.08064,230,197,172,2,20251029_115314
1761735118.195669,5265979,1348090624,1348.090624,233,197,172,2,20251029_115314
1761735118.205653,5266018,1348100608,1348.100608,237,197,172,2,20251029_115314
1761735118.2156367,5266057,1348110592,1348.110592,240,197,172,2,20251029_115314
1761735118.2256207,5266096,1348120576,1348.120576,243,197,172,2,20251029_115314
1761735118.2356048,5266135,1348130560,1348.13056,246,197,172,2,20251029_115314
1761735118.2455888,5266174,1348140544,1348.140544,249,197,172,2,20251029_115314
1761735118.2555728,5266213,1348150528,1348.150528,253,197,172,2,20251029_115314
1761735118.2658129,5266253,1348160768,1348.160768,1,198,173,2,20251029_115314
1761735118.275797,5266292,1348170752,1348.170752,4,198,173,2,20251029_115314
1761735118.285781,5266331,1348180736,1348.180736,7,198,172,2,20251029_115314
1761735118.295765,5266370,1348190720,1348.19072,10,198,173,2,20251029_115314
1761735118.305749,5266409,1348200704,1348.200704,13,198,173,2,20251029_115314
1761735118.315733,5266448,1348210688,1348.210688,15,198,172,2,20251029_115314
1761735118.3257167,5266487,1348220672,1348.220672,18,198,172,2,20251029_115314
1761735118.3357008,5266526,1348230656,1348.230656,20,197,172,2,20251029_115314
1761735118.3456848,5266565,1348240640,1348.24064,23,198,173,2,20251029_115314
1761735118.3556688,5266604,1348250624,1348.250624,25,198,172,2,20251029_115314
1761735118.3656528,5266643,1348260608,1348.260608,28,198,171,2,20251029_115314
1761735118.3756368,5266682,1348270592,1348.270592,30,198,173,2,20251029_115314
1761735118.3856208,5266721,1348280576,1348.280576,32,198,172,2,20251029_115314
1761735118.3956048,5266760,1348290560,1348.29056,35,198,172,2,20251029_115314
1761735118.405845,5266800,1348300800,1348.3008,37,198,172,2,20251029_115314
1761735118.415829,5266839,1348310784,1348.310784,39,198,172,2,20251029_115314
1761735118.425813,5266878,1348320768,1348.320768,41,198,171,2,20251029_115314
1761735118.4357967,5266917,1348330752,1348.330752,44,198,170,2,20251029_115314
1761735118.4457808,5266956,1348340736,1348.340736,46,198,169,2,20251029_115314
1761735118.4557648,5266995,1348350720,1348.35072,49,197,165,2,20251029_115314
1761735118.4657488,5267034,1348360704,1348.360704,51,197,161,2,20251029_115314
1761735118.4757328,5267073,1348370688,1348.370688,54,197,158,2,20251029_115314
1761735118.4857168,5267112,1348380672,1348.380672,57,197,155,2,20251029_115314
1761735118.4957008,5267151,1348390656,1348.390656,61,197,152,2,20251029_115314
1761735118.5056849,5267190,1348400640,1348.40064,64,198,148,2,20251029_115314
1761735118.5156689,5267229,1348410624,1348.410624,68,197,145,2,20251029_115314
1761735118.525653,5267268,1348420608,1348.420608,72,198,143,2,20251029_115314
1761735118.535637,5267307,1348430592,1348.430592,75,197,139,2,20251029_115314
1761735118.545621,5267346,1348440576,1348.440576,79,197,136,2,20251029_115314
1761735118.5558608,5267386,1348450816,1348.450816,83,197,137,2,20251029_115314
1761735118.5658448,5267425,1348460800,1348.4608,87,197,137,2,20251029_115314
1761735118.5758288,5267464,1348470784,1348.470784,91,197,136,2,20251029_115314
1761735118.5858128,5267503,1348480768,1348.480768,95,197,136,2,20251029_115314
1761735118.5957968,5267542,1348490752,1348.490752,98,197,136,2,20251029_115314
1761735118.6057808,5267581,1348500736,1348.500736,102,196,136,2,20251029_115314
1761735118.6157649,5267620,1348510720,1348.51072,105,197,136,2,20251029_115314
1761735118.6257489,5267659,1348520704,1348.520704,109,197,136,2,20251029_115314
1761735118.635733,5267698,1348530688,1348.530688,112,197,136,2,20251029_115314
1761735118.645717,5267737,1348540672,1348.540672,115,196,136,2,20251029_115314
1761735118.655701,5267776,1348550656,1348.550656,118,196,137,2,20251029_115314
1761735118.665685,5267815,1348560640,1348.56064,121,195,136,2,20251029_115314
1761735118.675669,5267854,1348570624,1348.570624,124,196,137,2,20251029_115314
1761735118.6856527,5267893,1348580608,1348.580608,127,196,137,2,20251029_115314
1761735118.6958928,5267933,1348590848,1348.590848,130,195,137,2,20251029_115314
1761735118.7058768,5267972,1348600832,1348.600832,133,195,138,2,20251029_115314
1761735118.7158608,5268011,1348610816,1348.610816,136,196,138,2,20251029_115314
1761735118.7258449,5268050,1348620800,1348.6208,138,196,140,2,20251029_115314
1761735118.7358289,5268089,1348630784,1348.630784,141,195,139,2,20251029_115314
1761735118.745813,5268128,1348640768,1348.640768,144,195,140,2,20251029_115314
1761735118.755797,5268167,1348650752,1348.650752,146,195,141,2,20251029_115314
1761735118.765781,5268206,1348660736,1348.660736,149,195,142,2,20251029_115314
1761735118.775765,5268245,1348670720,1348.67072,152,196,142,2,20251029_115314
1761735118.785749,5268284,1348680704,1348.680704,154,196,144,2,20251029_115314
1761735118.7957327,5268323,1348690688,1348.690688,157,196,145,2,20251029_115314
1761735118.8057168,5268362,1348700672,1348.700672,160,196,146,2,20251029_115314
1761735118.8157008,5268401,1348710656,1348.710656,163,196,148,2,20251029_115314
1761735118.8256848,5268440,1348720640,1348.72064,165,196,150,2,20251029_115314
1761735118.8356688,5268479,1348730624,1348.730624,168,196,154,2,20251029_115314
1761735118.8459089,5268519,1348740864,1348.740864,172,197,158,2,20251029_115314
1761735118.855893,5268558,1348750848,1348.750848,175,197,162,2,20251029_115314
1761735118.865877,5268597,1348760832,1348.760832,179,197,165,2,20251029_115314
1761735118.875861,5268636,1348770816,1348.770816,183,197,168,2,20251029_115314
1761735118.885845,5268675,1348780800,1348.7808,187,197,168,2,20251029_115314
1761735118.8958287,5268714,1348790784,1348.790784,191,197,169,2,20251029_115314
1761735118.9058127,5268753,1348800768,1348.800768,195,197,170,2,20251029_115314
1761735118.9157968,5268792,1348810752,1348.810752,199,197,171,2,20251029_115314
1761735118.9257808,5268831,1348820736,1348.820736,203,197,171,2,20251029_115314
1761735118.9357648,5268870,1348830720,1348.83072,207,197,171,2,20251029_115314
1761735118.9457488,5268909,1348840704,1348.840704,210,197,171,2,20251029_115314
1761735118.955989,5268949,1348850944,1348.850944,214,197,171,2,20251029_115314
1761735118.965973,5268988,1348860928,1348.860928,218,197,171,2,20251029_115314
1761735118.975957,5269027,1348870912,1348.870912,222,197,172,2,20251029_115314
1761735118.985941,5269066,1348880896,1348.880896,225,197,172,2,20251029_115314
1761735118.995925,5269105,1348890880,1348.89088,229,197,172,2,20251029_115314
1761735119.0059087,5269144,1348900864,1348.900864,232,197,172,2,20251029_115314
1761735119.0158927,5269183,1348910848,1348.910848,236,197,172,2,20251029_115314
1761735119.0258768,5269222,1348920832,1348.920832,239,197,171,2,20251029_115314
1761735119.0358608,5269261,1348930816,1348.930816,242,197,174,2,20251029_115314
1761735119.0458448,5269300,1348940800,1348.9408,245,197,173,2,20251029_115314
1761735119.0558288,5269339,1348950784,1348.950784,248,197,172,2,20251029_115314
1761735119.0658128,5269378,1348960768,1348.960768,251,197,172,2,20251029_115314
1761735119.0757968,5269417,1348970752,1348.970752,254,198,172,2,20251029_115314
1761735119.0857809,5269456,1348980736,1348.980736,2,198,172,2,20251029_115314
1761735119.0957649,5269495,1348990720,1348.99072,5,198,172,2,20251029_115314
1761735119.106005,5269535,1349000960,1349.00096,8,198,172,2,20251029_115314
1761735119.1159887,5269574,1349010944,1349.010944,10,198,172,2,20251029_115314
1761735119.1259727,5269613,1349020928,1349.020928,13,198,172,2,20251029_115314
1761735119.1359568,5269652,1349030912,1349.030912,15,198,172,2,20251029_115314
1761735119.1459408,5269691,1349040896,1349.040896,18,198,172,2,20251029_115314
1761735119.1559248,5269730,1349050880,1349.05088,20,198,172,2,20251029_115314
1761735119.1659088,5269769,1349060864,1349.060864,23,198,171,2,20251029_115314
1761735119.1758928,5269808,1349070848,1349.070848,25,198,172,2,20251029_115314
1761735119.1858768,5269847,1349080832,1349.080832,28,197,172,2,20251029_115314
1761735119.1958609,5269886,1349090816,1349.090816,30,198,172,2,20251029_115314
1761735119.2058449,5269925,1349100800,1349.1008,32,198,172,2,20251029_115314
1761735119.215829,5269964,1349110784,1349.110784,35,198,172,2,20251029_115314
1761735119.225813,5270003,1349120768,1349.120768,37,197,171,2,20251029_115314
1761735119.235797,5270042,1349130752,1349.130752,39,197,171,2,20251029_115314
1761735119.2460368,5270082,1349140992,1349.140992,42,197,171,2,20251029_115314
1761735119.2560208,5270121,1349150976,1349.150976,44,197,170,2,20251029_115314
1761735119.2660048,5270160,1349160960,1349.16096,46,198,169,2,20251029_115314
1761735119.2759888,5270199,1349170944,1349.170944,49,198,167,2,20251029_115314
1761735119.2859728,5270238,1349180928,1349.180928,51,197,165,2,20251029_115314
1761735119.2959569,5270277,1349190912,1349.190912,54,197,164,2,20251029_115314
1761735119.3059409,5270316,1349200896,1349.200896,57,197,162,2,20251029_115314
1761735119.315925,5270355,1349210880,1349.21088,59,197,160,2,20251029_115314
1761735119.325909,5270394,1349220864,1349.220864,62,197,159,2,20251029_115314
1761735119.335893,5270433,1349230848,1349.230848,65,197,157,2,20251029_115314
1761735119.345877,5270472,1349240832,1349.240832,68,197,155,2,20251029_115314
1761735119.355861,5270511,1349250816,1349.250816,72,197,154,2,20251029_115314
1761735119.3658447,5270550,1349260800,1349.2608,75,197,153,2,20251029_115314
1761735119.3758287,5270589,1349270784,1349.270784,78,197,151,2,20251029_115314
1761735119.3860688,5270629,1349281024,1349.281024,81,197,150,2,20251029_115314
1761735119.3960528,5270668,1349291008,1349.291008,85,197,148,2,20251029_115314
1761735119.4060369,5270707,1349300992,1349.300992,88,197,147,2,20251029_115314
1761735119.4160209,5270746,1349310976,1349.310976,92,197,146,2,20251029_115314
1761735119.426005,5270785,1349320960,1349.32096,95,197,143,2,20251029_115314
1761735119.435989,5270824,1349330944,1349.330944,99,196,143,2,20251029_115314
1761735119.445973,5270863,1349340928,1349.340928,102,196,142,2,20251029_115314
1761735119.455957,5270902,1349350912,1349.350912,105,197,141,2,20251029_115314
1761735119.465941,5270941,1349360896,1349.360896,109,196,140,2,20251029_115314
1761735119.4759247,5270980,1349370880,1349.37088,112,196,140,2,20251029_115314
1761735119.4859087,5271019,1349380864,1349.380864,115,196,140,2,20251029_115314
1761735119.4958928,5271058,1349390848,1349.390848,118,196,141,2,20251029_115314
1761735119.5058768,5271097,1349400832,1349.400832,121,196,141,2,20251029_115314
1761735119.5158608,5271136,1349410816,1349.410816,124,196,141,2,20251029_115314
1761735119.5258448,5271175,1349420800,1349.4208,127,196,142,2,20251029_115314
1761735119.536085,5271215,1349431040,1349.43104,130,196,144,2,20251029_115314
1761735119.546069,5271254,1349441024,1349.441024,133,196,144,2,20251029_115314
1761735119.556053,5271293,1349451008,1349.451008,136,196,145,2,20251029_115314
1761735119.566037,5271332,1349460992,1349.460992,139,196,146,2,20251029_115314
1761735119.576021,5271371,1349470976,1349.470976,142,196,147,2,20251029_115314
1761735119.5860047,5271410,1349480960,1349.48096,145,196,148,2,20251029_115314
1761735119.5959888,5271449,1349490944,1349.490944,148,197,150,2,20251029_115314
1761735119.6059728,5271488,1349500928,1349.500928,151,197,152,2,20251029_115314
1761735119.6159568,5271527,1349510912,1349.510912,154,197,155,2,20251029_115314
1761735119.6259408,5271566,1349520896,1349.520896,158,197,158,2,20251029_115314
1761735119.6359248,5271605,1349530880,1349.53088,161,197,162,2,20251029_115314
1761735119.6459088,5271644,1349540864,1349.540864,165,198,165,2,20251029_115314
1761735119.6558928,5271683,1349550848,1349.550848,169,197,167,2,20251029_115314
1761735119.6658769,5271722,1349560832,1349.560832,172,197,168,2,20251029_115314
1761735119.676117,5271762,1349571072,1349.571072,176,198,169,2,20251029_115314
1761735119.686101,5271801,1349581056,1349.581056,181,197,170,2,20251029_115314
1761735119.6960847,5271840,1349591040,1349.59104,185,197,171,2,20251029_115314
1761735119.7060688,5271879,1349601024,1349.601024,189,197,171,2,20251029_115314
1761735119.7160528,5271918,1349611008,1349.611008,193,197,171,2,20251029_115314
1761735119.7260368,5271957,1349620992,1349.620992,197,197,171,2,20251029_115314
1761735119.7360208,5271996,1349630976,1349.630976,201,197,171,2,20251029_115314
1761735119.746261,5272036,1349641216,1349.641216,205,197,172,2,20251029_115314
1761735119.756245,5272075,1349651200,1349.6512,209,197,171,2,20251029_115314
1761735119.766229,5272114,1349661184,1349.661184,213,197,172,2,20251029_115314
1761735119.776213,5272153,1349671168,1349.671168,216,197,172,2,20251029_115314
1761735119.786197,5272192,1349681152,1349.681152,220,197,172,2,20251029_115314
1761735119.7961807,5272231,1349691136,1349.691136,224,197,172,2,20251029_115314
1761735119.8061647,5272270,1349701120,1349.70112,227,197,172,2,20251029_115314
1761735119.8161488,5272309,1349711104,1349.711104,231,197,172,2,20251029_115314
1761735119.8263888,5272349,1349721344,1349.721344,234,197,172,2,20251029_115314
1761735119.8363729,5272388,1349731328,1349.731328,238,198,172,2,20251029_115314
1761735119.8463569,5272427,1349741312,1349.741312,241,198,173,2,20251029_115314
1761735119.856341,5272466,1349751296,1349.751296,244,197,172,2,20251029_115314
1761735119.866325,5272505,1349761280,1349.76128,247,198,173,2,20251029_115314
1761735119.876309,5272544,1349771264,1349.771264,250,198,172,2,20251029_115314
1761735119.8865488,5272584,1349781504,1349.781504,253,198,172,2,20251029_115314
1761735119.8965328,5272623,1349791488,1349.791488,1,198,172,2,20251029_115314
1761735119.9065168,5272662,1349801472,1349.801472,4,198,172,2,20251029_115314
1761735119.9165008,5272701,1349811456,1349.811456,7,198,171,2,20251029_115314
1761735119.9264848,5272740,1349821440,1349.82144,9,198,172,2,20251029_115314
1761735119.9364688,5272779,1349831424,1349.831424,12,198,172,2,20251029_115314
1761735119.9464529,5272818,1349841408,1349.841408,14,198,173,2,20251029_115314
1761735119.956693,5272858,1349851648,1349.851648,17,198,172,2,20251029_115314
1761735119.966677,5272897,1349861632,1349.861632,19,198,172,2,20251029_115314
1761735119.9766607,5272936,1349871616,1349.871616,22,198,172,2,20251029_115314
1761735119.9866447,5272975,1349881600,1349.8816,24,198,172,2,20251029_115314
1761735119.9966288,5273014,1349891584,1349.891584,27,198,172,2,20251029_115314
1761735120.0066128,5273053,1349901568,1349.901568,29,198,171,2,20251029_115314
1761735120.0165968,5273092,1349911552,1349.911552,32,198,170,2,20251029_115314
1761735120.0268369,5273132,1349921792,1349.921792,34,198,169,2,20251029_115314
1761735120.036821,5273171,1349931776,1349.931776,37,198,166,2,20251029_115314
1761735120.046805,5273210,1349941760,1349.94176,39,198,164,2,20251029_115314
1761735120.056789,5273249,1349951744,1349.951744,42,197,160,2,20251029_115314
1761735120.066773,5273288,1349961728,1349.961728,45,198,156,2,20251029_115314
1761735120.076757,5273327,1349971712,1349.971712,48,197,153,2,20251029_115314
1761735120.0867407,5273366,1349981696,1349.981696,52,198,150,2,20251029_115314
1761735120.0969808,5273406,1349991936,1349.991936,56,197,146,2,20251029_115314
1761735120.1069648,5273445,1350001920,1350.00192,59,197,142,2,20251029_115314
1761735120.1169488,5273484,1350011904,1350.011904,64,197,139,2,20251029_115314
1761735120.1269329,5273523,1350021888,1350.021888,68,197,137,2,20251029_115314
1761735120.1369169,5273562,1350031872,1350.031872,72,197,137,2,20251029_115314
1761735120.146901,5273601,1350041856,1350.041856,76,197,137,2,20251029_115314
1761735120.156885,5273640,1350051840,1350.05184,80,197,137,2,20251029_115314
1761735120.166869,5273679,1350061824,1350.061824,84,197,136,2,20251029_115314
1761735120.176853,5273718,1350071808,1350.071808,88,197,136,2,20251029_115314
1761735120.186837,5273757,1350081792,1350.081792,91,197,136,2,20251029_115314
1761735120.1968207,5273796,1350091776,1350.091776,95,196,136,2,20251029_115314
1761735120.2068048,5273835,1350101760,1350.10176,99,196,136,2,20251029_115314
1761735120.2170448,5273875,1350112000,1350.112,102,196,136,2,20251029_115314
1761735120.2270288,5273914,1350121984,1350.121984,106,196,136,2,20251029_115314
1761735120.2370129,5273953,1350131968,1350.131968,109,196,136,2,20251029_115314
1761735120.2469969,5273992,1350141952,1350.141952,112,196,136,2,20251029_115314
1761735120.256981,5274031,1350151936,1350.151936,115,196,136,2,20251029_115314
1761735120.266965,5274070,1350161920,1350.16192,119,196,137,2,20251029_115314
1761735120.276949,5274109,1350171904,1350.171904,122,196,138,2,20251029_115314
1761735120.286933,5274148,1350181888,1350.181888,125,195,139,2,20251029_115314
1761735120.2969167,5274187,1350191872,1350.191872,127,196,140,2,20251029_115314
1761735120.3069007,5274226,1350201856,1350.201856,130,196,141,2,20251029_115314
1761735120.3168848,5274265,1350211840,1350.21184,133,196,143,2,20251029_115314
1761735120.3268688,5274304,1350221824,1350.221824,136,196,146,2,20251029_115314
1761735120.3368528,5274343,1350231808,1350.231808,139,196,148,2,20251029_115314
1761735120.3468368,5274382,1350241792,1350.241792,142,196,151,2,20251029_115314
1761735120.3568208,5274421,1350251776,1350.251776,145,197,156,2,20251029_115314
1761735120.367061,5274461,1350262016,1350.262016,149,197,161,2,20251029_115314
1761735120.377045,5274500,1350272000,1350.272,152,198,166,2,20251029_115314
1761735120.387029,5274539,1350281984,1350.281984,156,197,167,2,20251029_115314
1761735120.397013,5274578,1350291968,1350.291968,160,197,168,2,20251029_115314
1761735120.4069967,5274617,1350301952,1350.301952,164,197,171,2,20251029_115314
1761735120.4169807,5274656,1350311936,1350.311936,168,197,171,2,20251029_115314
1761735120.4269648,5274695,1350321920,1350.32192,172,197,170,2,20251029_115314
1761735120.4369488,5274734,1350331904,1350.331904,176,197,171,2,20251029_115314
1761735120.4469328,5274773,1350341888,1350.341888,180,197,171,2,20251029_115314
1761735120.4569168,5274812,1350351872,1350.351872,184,197,171,2,20251029_115314
1761735120.4669008,5274851,1350361856,1350.361856,189,197,171,2,20251029_115314
1761735120.4768848,5274890,1350371840,1350.37184,193,197,172,2,20251029_115314
1761735120.4868689,5274929,1350381824,1350.381824,197,197,172,2,20251029_115314
1761735120.4968529,5274968,1350391808,1350.391808,201,197,172,2,20251029_115314
1761735120.507093,5275008,1350402048,1350.402048,205,197,172,2,20251029_115314
1761735120.5170767,5275047,1350412032,1350.412032,209,197,172,2,20251029_115314
1761735120.5270607,5275086,1350422016,1350.422016,213,197,172,2,20251029_115314
1761735120.5370448,5275125,1350432000,1350.432,216,197,171,2,20251029_115314
1761735120.5470288,5275164,1350441984,1350.441984,220,197,172,2,20251029_115314
1761735120.5570128,5275203,1350451968,1350.451968,224,197,172,2,20251029_115314
1761735120.5669968,5275242,1350461952,1350.461952,227,197,172,2,20251029_115314
1761735120.5769808,5275281,1350471936,1350.471936,231,197,172,2,20251029_115314
1761735120.5869648,5275320,1350481920,1350.48192,234,197,172,2,20251029_115314
1761735120.5969489,5275359,1350491904,1350.491904,238,197,172,2,20251029_115314
1761735120.6069329,5275398,1350501888,1350.501888,241,197,172,2,20251029_115314
1761735120.616917,5275437,1350511872,1350.511872,244,197,172,2,20251029_115314
1761735120.626901,5275476,1350521856,1350.521856,247,198,172,2,20251029_115314
1761735120.636885,5275515,1350531840,1350.53184,250,197,172,2,20251029_115314
1761735120.6471248,5275555,1350542080,1350.54208,253,198,172,2,20251029_115314
1761735120.6571088,5275594,1350552064,1350.552064,1,197,172,2,20251029_115314
1761735120.6670928,5275633,1350562048,1350.562048,4,198,172,2,20251029_115314
1761735120.6770768,5275672,1350572032,1350.572032,6,198,172,2,20251029_115314
1761735120.6870608,5275711,1350582016,1350.582016,9,198,172,2,20251029_115314
1761735120.6970448,5275750,1350592000,1350.592,12,198,171,2,20251029_115314
1761735120.7070289,5275789,1350601984,1350.601984,14,198,172,2,20251029_115314
1761735120.717013,5275828,1350611968,1350.611968,17,198,172,2,20251029_115314
1761735120.726997,5275867,1350621952,1350.621952,19,198,172,2,20251029_115314
1761735120.736981,5275906,1350631936,1350.631936,22,198,172,2,20251029_115314
1761735120.746965,5275945,1350641920,1350.64192,24,198,171,2,20251029_115314
1761735120.756949,5275984,1350651904,1350.651904,27,198,172,2,20251029_115314
1761735120.7669327,5276023,1350661888,1350.661888,29,198,172,2,20251029_115314
1761735120.7769167,5276062,1350671872,1350.671872,31,198,172,2,20251029_115314
1761735120.7869008,5276101,1350681856,1350.681856,34,198,171,2,20251029_115314
1761735120.7971408,5276141,1350692096,1350.692096,36,198,171,2,20251029_115314
1761735120.8071249,5276180,1350702080,1350.70208,38,198,169,2,20251029_115314
1761735120.8171089,5276219,1350712064,1350.712064,41,197,168,2,20251029_115314
1761735120.827093,5276258,1350722048,1350.722048,43,197,165,2,20251029_115314
1761735120.837077,5276297,1350732032,1350.732032,46,197,161,2,20251029_115314
1761735120.847061,5276336,1350742016,1350.742016,49,198,157,2,20251029_115314
1761735120.857045,5276375,1350752000,1350.752,52,197,154,2,20251029_115314
1761735120.867029,5276414,1350761984,1350.761984,56,197,150,2,20251029_115314
1761735120.8770127,5276453,1350771968,1350.771968,60,197,147,2,20251029_115314
1761735120.8869967,5276492,1350781952,1350.781952,63,197,143,2,20251029_115314
1761735120.8969808,5276531,1350791936,1350.791936,67,197,140,2,20251029_115314
1761735120.9069648,5276570,1350801920,1350.80192,72,197,136,2,20251029_115314
1761735120.9169488,5276609,1350811904,1350.811904,76,197,137,2,20251029_115314
1761735120.9269328,5276648,1350821888,1350.821888,80,197,136,2,20251029_115314
1761735120.937173,5276688,1350832128,1350.832128,84,197,136,2,20251029_115314
1761735120.947157,5276727,1350842112,1350.842112,87,197,136,2,20251029_115314
1761735120.957141,5276766,1350852096,1350.852096,91,197,136,2,20251029_115314
1761735120.967125,5276805,1350862080,1350.86208,95,196,136,2,20251029_115314
1761735120.977109,5276844,1350872064,1350.872064,98,196,135,2,20251029_115314
1761735120.9870927,5276883,1350882048,1350.882048,102,196,135,2,20251029_115314
1761735120.9970767,5276922,1350892032,1350.892032,105,196,136,2,20251029_115314
1761735121.0070608,5276961,1350902016,1350.902016,109,196,136,2,20251029_115314
1761735121.0170448,5277000,1350912000,1350.912,112,196,136,2,20251029_115314
1761735121.0270288,5277039,1350921984,1350.921984,115,195,136,2,20251029_115314
1761735121.0370128,5277078,1350931968,1350.931968,118,195,137,2,20251029_115314
1761735121.0469968,5277117,1350941952,1350.941952,121,195,136,2,20251029_115314
1761735121.0569808,5277156,1350951936,1350.951936,124,195,136,2,20251029_115314
1761735121.0669649,5277195,1350961920,1350.96192,127,195,136,2,20251029_115314
1761735121.076949,5277234,1350971904,1350.971904,130,195,136,2,20251029_115314
1761735121.087189,5277274,1350982144,1350.982144,133,195,137,2,20251029_115314
1761735121.0971727,5277313,1350992128,1350.992128,136,195,136,2,20251029_115314
1761735121.1071568,5277352,1351002112,1351.002112,138,195,137,2,20251029_115314
1761735121.1171408,5277391,1351012096,1351.012096,141,195,137,2,20251029_115314
1761735121.1271248,5277430,1351022080,1351.02208,143,195,138,2,20251029_115314
1761735121.1371088,5277469,1351032064,1351.032064,146,195,138,2,20251029_115314
1761735121.1470928,5277508,1351042048,1351.042048,149,195,139,2,20251029_115314
1761735121.1570768,5277547,1351052032,1351.052032,151,195,139,2,20251029_115314
1761735121.1670609,5277586,1351062016,1351.062016,154,195,140,2,20251029_115314
1761735121.1770449,5277625,1351072000,1351.072,156,195,141,2,20251029_115314
1761735121.187029,5277664,1351081984,1351.081984,159,195,142,2,20251029_115314
1761735121.197013,5277703,1351091968,1351.091968,161,196,143,2,20251029_115314
1761735121.206997,5277742,1351101952,1351.101952,164,196,144,2,20251029_115314
1761735121.216981,5277781,1351111936,1351.111936,167,196,146,2,20251029_115314
1761735121.2272208,5277821,1351122176,1351.122176,169,196,148,2,20251029_115314
1761735121.2372048,5277860,1351132160,1351.13216,172,196,150,2,20251029_115314
1761735121.2471888,5277899,1351142144,1351.142144,175,196,153,2,20251029_115314
1761735121.2571728,5277938,1351152128,1351.152128,179,196,155,2,20251029_115314
1761735121.2671568,5277977,1351162112,1351.162112,182,197,158,2,20251029_115314
1761735121.2771409,5278016,1351172096,1351.172096,185,196,162,2,20251029_115314
1761735121.2871249,5278055,1351182080,1351.18208,189,197,165,2,20251029_115314
1761735121.297109,5278094,1351192064,1351.192064,193,197,166,2,20251029_115314
1761735121.307093,5278133,1351202048,1351.202048,197,197,168,2,20251029_115314
1761735121.317077,5278172,1351212032,1351.212032,201,197,168,2,20251029_115314
1761735121.327061,5278211,1351222016,1351.222016,205,197,170,2,20251029_115314
1761735121.337045,5278250,1351232000,1351.232,208,197,170,2,20251029_115314
1761735121.3470287,5278289,1351241984,1351.241984,212,197,171,2,20251029_115314
1761735121.3570127,5278328,1351251968,1351.251968,216,197,171,2,20251029_115314
1761735121.3672528,5278368,1351262208,1351.262208,220,197,170,2,20251029_115314
1761735121.3772368,5278407,1351272192,1351.272192,223,197,171,2,20251029_115314
1761735121.3872209,5278446,1351282176,1351.282176,227,197,170,2,20251029_115314
1761735121.3972049,5278485,1351292160,1351.29216,230,197,171,2,20251029_115314
1761735121.407189,5278524,1351302144,1351.302144,234,197,171,2,20251029_115314
1761735121.417173,5278563,1351312128,1351.312128,237,198,172,2,20251029_115314
1761735121.427157,5278602,1351322112,1351.322112,240,198,171,2,20251029_115314
1761735121.437141,5278641,1351332096,1351.332096,244,198,171,2,20251029_115314
1761735121.447125,5278680,1351342080,1351.34208,247,198,171,2,20251029_115314
1761735121.4571087,5278719,1351352064,1351.352064,250,198,172,2,20251029_115314
1761735121.4670928,5278758,1351362048,1351.362048,253,198,172,2,20251029_115314
1761735121.4770768,5278797,1351372032,1351.372032,1,198,172,2,20251029_115314
1761735121.4870608,5278836,1351382016,1351.382016,3,198,171,2,20251029_115314
1761735121.4970448,5278875,1351392000,1351.392,6,198,171,2,20251029_115314
1761735121.5072849,5278915,1351402240,1351.40224,9,198,172,2,20251029_115314
1761735121.517269,5278954,1351412224,1351.412224,11,198,171,2,20251029_115314
1761735121.527253,5278993,1351422208,1351.422208,14,198,172,2,20251029_115314
1761735121.537237,5279032,1351432192,1351.432192,17,198,171,2,20251029_115314
1761735121.547221,5279071,1351442176,1351.442176,19,198,172,2,20251029_115314
1761735121.5572047,5279110,1351452160,1351.45216,22,198,172,2,20251029_115314
1761735121.5671887,5279149,1351462144,1351.462144,24,198,172,2,20251029_115314
1761735121.5771728,5279188,1351472128,1351.472128,26,198,172,2,20251029_115314
1761735121.5871568,5279227,1351482112,1351.482112,29,198,171,2,20251029_115314
1761735121.5971408,5279266,1351492096,1351.492096,31,198,171,2,20251029_115314
1761735121.6071248,5279305,1351502080,1351.50208,33,198,173,2,20251029_115314
1761735121.6171088,5279344,1351512064,1351.512064,36,198,171,2,20251029_115314
1761735121.6270928,5279383,1351522048,1351.522048,38,198,171,2,20251029_115314
1761735121.6370769,5279422,1351532032,1351.532032,40,198,172,2,20251029_115314
1761735121.6470609,5279461,1351542016,1351.542016,42,198,171,2,20251029_115314
1761735121.657301,5279501,1351552256,1351.552256,45,198,171,2,20251029_115314
1761735121.6672847,5279540,1351562240,1351.56224,47,198,172,2,20251029_115314
1761735121.6772687,5279579,1351572224,1351.572224,49,198,171,2,20251029_115314
1761735121.6872528,5279618,1351582208,1351.582208,51,198,170,2,20251029_115314
1761735121.6972368,5279657,1351592192,1351.592192,54,198,170,2,20251029_115314
1761735121.7072208,5279696,1351602176,1351.602176,56,198,169,2,20251029_115314
1761735121.7172048,5279735,1351612160,1351.61216,59,197,168,2,20251029_115314
1761735121.7271888,5279774,1351622144,1351.622144,61,198,167,2,20251029_115314
1761735121.7371728,5279813,1351632128,1351.632128,63,198,167,2,20251029_115314
1761735121.7471569,5279852,1351642112,1351.642112,66,197,167,2,20251029_115314
1761735121.7571409,5279891,1351652096,1351.652096,69,198,165,2,20251029_115314
1761735121.767125,5279930,1351662080,1351.66208,71,197,163,2,20251029_115314
1761735121.777109,5279969,1351672064,1351.672064,74,197,162,2,20251029_115314
1761735121.787093,5280008,1351682048,1351.682048,77,197,160,2,20251029_115314
1761735121.797077,5280047,1351692032,1351.692032,80,197,159,2,20251029_115314
1761735121.8073168,5280087,1351702272,1351.702272,83,197,157,2,20251029_115314
1761735121.8173008,5280126,1351712256,1351.712256,86,197,155,2,20251029_115314
1761735121.8272848,5280165,1351722240,1351.72224,89,197,153,2,20251029_115314
1761735121.8372688,5280204,1351732224,1351.732224,93,197,152,2,20251029_115314
1761735121.8472528,5280243,1351742208,1351.742208,96,196,149,2,20251029_115314
1761735121.8572369,5280282,1351752192,1351.752192,99,197,147,2,20251029_115314
1761735121.8672209,5280321,1351762176,1351.762176,103,196,146,2,20251029_115314
1761735121.877205,5280360,1351772160,1351.77216,106,198,144,2,20251029_115314
1761735121.887189,5280399,1351782144,1351.782144,109,197,142,2,20251029_115314
1761735121.897173,5280438,1351792128,1351.792128,112,196,140,2,20251029_115314
1761735121.907157,5280477,1351802112,1351.802112,116,196,139,2,20251029_115314
1761735121.917141,5280516,1351812096,1351.812096,119,196,138,2,20251029_115314
1761735121.9271247,5280555,1351822080,1351.82208,122,196,136,2,20251029_115314
1761735121.9371088,5280594,1351832064,1351.832064,125,196,136,2,20251029_115314
1761735121.9473488,5280634,1351842304,1351.842304,128,196,136,2,20251029_115314
1761735121.9573328,5280673,1351852288,1351.852288,130,196,136,2,20251029_115314
1761735121.9673169,5280712,1351862272,1351.862272,133,196,135,2,20251029_115314
1761735121.977301,5280751,1351872256,1351.872256,136,196,136,2,20251029_115314
1761735121.987285,5280790,1351882240,1351.88224,139,196,136,2,20251029_115314
1761735121.997269,5280829,1351892224,1351.892224,141,196,137,2,20251029_115314
1761735122.007253,5280868,1351902208,1351.902208,144,196,138,2,20251029_115314
1761735122.017237,5280907,1351912192,1351.912192,146,196,139,2,20251029_115314
1761735122.0272207,5280946,1351922176,1351.922176,149,196,139,2,20251029_115314
1761735122.0372047,5280985,1351932160,1351.93216,151,196,140,2,20251029_115314
1761735122.0471888,5281024,1351942144,1351.942144,154,196,141,2,20251029_115314
1761735122.0571728,5281063,1351952128,1351.952128,157,196,142,2,20251029_115314
1761735122.0671568,5281102,1351962112,1351.962112,159,196,144,2,20251029_115314
1761735122.0771408,5281141,1351972096,1351.972096,162,196,145,2,20251029_115314
1761735122.0871248,5281180,1351982080,1351.98208,165,196,147,2,20251029_115314
1761735122.097365,5281220,1351992320,1351.99232,167,196,149,2,20251029_115314
1761735122.107349,5281259,1352002304,1352.002304,170,197,151,2,20251029_115314
1761735122.117333,5281298,1352012288,1352.012288,174,197,154,2,20251029_115314
1761735122.127317,5281337,1352022272,1352.022272,177,197,158,2,20251029_115314
1761735122.1373007,5281376,1352032256,1352.032256,180,197,161,2,20251029_115314
1761735122.1472847,5281415,1352042240,1352.04224,184,197,165,2,20251029_115314
1761735122.1572688,5281454,1352052224,1352.052224,188,197,167,2,20251029_115314
1761735122.1672528,5281493,1352062208,1352.062208,192,197,168,2,20251029_115314
1761735122.1772368,5281532,1352072192,1352.072192,196,197,169,2,20251029_115314
1761735122.1872208,5281571,1352082176,1352.082176,200,197,169,2,20251029_115314
1761735122.1972048,5281610,1352092160,1352.09216,204,197,170,2,20251029_115314
1761735122.2071888,5281649,1352102144,1352.102144,208,197,171,2,20251029_115314
1761735122.2171729,5281688,1352112128,1352.112128,211,197,171,2,20251029_115314
1761735122.2271569,5281727,1352122112,1352.122112,215,197,171,2,20251029_115314
1761735122.237141,5281766,1352132096,1352.132096,219,197,171,2,20251029_115314
1761735122.2473807,5281806,1352142336,1352.142336,223,197,171,2,20251029_115314
1761735122.2573647,5281845,1352152320,1352.15232,226,197,171,2,20251029_115314
1761735122.2673488,5281884,1352162304,1352.162304,230,197,171,2,20251029_115314
1761735122.2773328,5281923,1352172288,1352.172288,233,197,172,2,20251029_115314
1761735122.2873168,5281962,1352182272,1352.182272,237,198,172,2,20251029_115314
1761735122.2973008,5282001,1352192256,1352.192256,240,197,171,2,20251029_115314
1761735122.3072848,5282040,1352202240,1352.20224,243,198,171,2,20251029_115314
1761735122.3172688,5282079,1352212224,1352.212224,246,198,172,2,20251029_115314
1761735122.3272529,5282118,1352222208,1352.222208,249,198,172,2,20251029_115314
1761735122.337237,5282157,1352232192,1352.232192,252,198,171,2,20251029_115314
1761735122.347221,5282196,1352242176,1352.242176,0,198,172,2,20251029_115314
1761735122.357205,5282235,1352252160,1352.25216,3,198,172,2,20251029_115314
1761735122.367189,5282274,1352262144,1352.262144,6,198,172,2,20251029_115314
1761735122.377173,5282313,1352272128,1352.272128,8,198,172,2,20251029_115314
1761735122.3874128,5282353,1352282368,1352.282368,11,198,172,2,20251029_115314
1761735122.3973968,5282392,1352292352,1352.292352,14,198,172,2,20251029_115314
1761735122.4073808,5282431,1352302336,1352.302336,16,198,171,2,20251029_115314
1761735122.4173648,5282470,1352312320,1352.31232,19,198,171,2,20251029_115314
1761735122.4273489,5282509,1352322304,1352.322304,21,198,171,2,20251029_115314
1761735122.4373329,5282548,1352332288,1352.332288,24,198,171,2,20251029_115314
1761735122.447317,5282587,1352342272,1352.342272,26,198,170,2,20251029_115314
1761735122.457301,5282626,1352352256,1352.352256,28,198,170,2,20251029_115314
1761735122.467285,5282665,1352362240,1352.36224,31,198,170,2,20251029_115314
1761735122.477269,5282704,1352372224,1352.372224,33,198,167,2,20251029_115314
1761735122.487253,5282743,1352382208,1352.382208,36,198,164,2,20251029_115314
1761735122.4972367,5282782,1352392192,1352.392192,39,198,161,2,20251029_115314
1761735122.5072207,5282821,1352402176,1352.402176,42,198,158,2,20251029_115314
1761735122.5172048,5282860,1352412160,1352.41216,45,198,157,2,20251029_115314
1761735122.5271888,5282899,1352422144,1352.422144,48,198,152,2,20251029_115314
1761735122.5374289,5282939,1352432384,1352.432384,51,198,150,2,20251029_115314
1761735122.5474129,5282978,1352442368,1352.442368,55,198,147,2,20251029_115314
1761735122.557397,5283017,1352452352,1352.452352,58,198,144,2,20251029_115314
1761735122.567381,5283056,1352462336,1352.462336,62,198,141,2,20251029_115314
1761735122.577365,5283095,1352472320,1352.47232,66,198,139,2,20251029_115314
1761735122.587349,5283134,1352482304,1352.482304,70,198,136,2,20251029_115314
1761735122.597333,5283173,1352492288,1352.492288,74,198,138,2,20251029_115314
1761735122.6073167,5283212,1352502272,1352.502272,78,197,136,2,20251029_115314
1761735122.6173007,5283251,1352512256,1352.512256,82,197,136,2,20251029_115314
1761735122.6272848,5283290,1352522240,1352.52224,86,197,136,2,20251029_115314
1761735122.6372688,5283329,1352532224,1352.532224,90,197,136,2,20251029_115314
1761735122.6472528,5283368,1352542208,1352.542208,94,197,135,2,20251029_115314
1761735122.6572368,5283407,1352552192,1352.552192,97,197,136,2,20251029_115314
1761735122.6672208,5283446,1352562176,1352.562176,101,197,136,2,20251029_115314
1761735122.677461,5283486,1352572416,1352.572416,104,196,136,2,20251029_115314
1761735122.687445,5283525,1352582400,1352.5824,108,196,136,2,20251029_115314
1761735122.697429,5283564,1352592384,1352.592384,111,196,136,2,20251029_115314
1761735122.707413,5283603,1352602368,1352.602368,114,196,137,2,20251029_115314
1761735122.7173967,5283642,1352612352,1352.612352,117,196,138,2,20251029_115314
1761735122.7273808,5283681,1352622336,1352.622336,120,196,139,2,20251029_115314
1761735122.7373648,5283720,1352632320,1352.63232,123,196,141,2,20251029_115314
1761735122.7473488,5283759,1352642304,1352.642304,126,197,142,2,20251029_115314
1761735122.7573328,5283798,1352652288,1352.652288,129,196,143,2,20251029_115314
1761735122.7673168,5283837,1352662272,1352.662272,132,196,146,2,20251029_115314
1761735122.7773008,5283876,1352672256,1352.672256,135,196,148,2,20251029_115314
1761735122.7872849,5283915,1352682240,1352.68224,139,197,152,2,20251029_115314
1761735122.7972689,5283954,1352692224,1352.692224,142,197,157,2,20251029_115314
1761735122.807253,5283993,1352702208,1352.702208,145,197,162,2,20251029_115314
1761735122.817237,5284032,1352712192,1352.712192,149,197,166,2,20251029_115314
1761735122.8274767,5284072,1352722432,1352.722432,153,197,168,2,20251029_115314
1761735122.8374608,5284111,1352732416,1352.732416,156,197,170,2,20251029_115314
1761735122.8474448,5284150,1352742400,1352.7424,160,197,169,2,20251029_115314
1761735122.8574288,5284189,1352752384,1352.752384,164,197,171,2,20251029_115314
1761735122.8674128,5284228,1352762368,1352.762368,169,197,170,2,20251029_115314
1761735122.8773968,5284267,1352772352,1352.772352,173,197,170,2,20251029_115314
1761735122.8873808,5284306,1352782336,1352.782336,177,197,170,2,20251029_115314
1761735122.8973649,5284345,1352792320,1352.79232,181,197,171,2,20251029_115314
1761735122.9073489,5284384,1352802304,1352.802304,185,197,171,2,20251029_115314
1761735122.917333,5284423,1352812288,1352.812288,189,197,171,2,20251029_115314
1761735122.927317,5284462,1352822272,1352.822272,193,197,171,2,20251029_115314
1761735122.937301,5284501,1352832256,1352.832256,197,197,171,2,20251029_115314
1761735122.947285,5284540,1352842240,1352.84224,201,197,172,2,20251029_115314
1761735122.957269,5284579,1352852224,1352.852224,205,197,171,2,20251029_115314
1761735122.9675088,5284619,1352862464,1352.862464,209,197,172,2,20251029_115314
1761735122.9774928,5284658,1352872448,1352.872448,213,197,171,2,20251029_115314
1761735122.9874768,5284697,1352882432,1352.882432,217,197,172,2,20251029_115314
1761735122.9974608,5284736,1352892416,1352.892416,221,197,172,2,20251029_115314
1761735123.0074449,5284775,1352902400,1352.9024,224,197,171,2,20251029_115314
1761735123.0174289,5284814,1352912384,1352.912384,228,197,172,2,20251029_115314
1761735123.027413,5284853,1352922368,1352.922368,231,197,172,2,20251029_115314
1761735123.037397,5284892,1352932352,1352.932352,235,197,172,2,20251029_115314
1761735123.047381,5284931,1352942336,1352.942336,238,198,172,2,20251029_115314
1761735123.057365,5284970,1352952320,1352.95232,241,197,172,2,20251029_115314
1761735123.067349,5285009,1352962304,1352.962304,245,197,172,2,20251029_115314
1761735123.0773327,5285048,1352972288,1352.972288,248,198,172,2,20251029_115314
1761735123.0873168,5285087,1352982272,1352.982272,251,198,172,2,20251029_115314
1761735123.0973008,5285126,1352992256,1352.992256,254,198,172,2,20251029_115314
1761735123.1075408,5285166,1353002496,1353.002496,1,198,172,2,20251029_115314
1761735123.1175249,5285205,1353012480,1353.01248,4,198,172,2,20251029_115314
1761735123.1275089,5285244,1353022464,1353.022464,7,198,172,2,20251029_115314
1761735123.137493,5285283,1353032448,1353.032448,10,198,172,2,20251029_115314
1761735123.147477,5285322,1353042432,1353.042432,12,198,172,2,20251029_115314
1761735123.157461,5285361,1353052416,1353.052416,15,198,172,2,20251029_115314
1761735123.167445,5285400,1353062400,1353.0624,17,198,171,2,20251029_115314
1761735123.177429,5285439,1353072384,1353.072384,20,198,173,2,20251029_115314
1761735123.1874127,5285478,1353082368,1353.082368,22,198,172,2,20251029_115314
1761735123.1973968,5285517,1353092352,1353.092352,25,198,172,2,20251029_115314
1761735123.2073808,5285556,1353102336,1353.102336,27,198,171,2,20251029_115314
1761735123.2173648,5285595,1353112320,1353.11232,29,198,171,2,20251029_115314
1761735123.2273488,5285634,1353122304,1353.122304,32,198,171,2,20251029_115314
1761735123.2373328,5285673,1353132288,1353.132288,34,198,170,2,20251029_115314
1761735123.247573,5285713,1353142528,1353.142528,36,198,169,2,20251029_115314
1761735123.257557,5285752,1353152512,1353.152512,39,198,166,2,20251029_115314
1761735123.267541,5285791,1353162496,1353.162496,42,198,162,2,20251029_115314
1761735123.277525,5285830,1353172480,1353.17248,44,198,159,2,20251029_115314
1761735123.2875087,5285869,1353182464,1353.182464,47,198,155,2,20251029_115314
1761735123.2974927,5285908,1353192448,1353.192448,51,198,151,2,20251029_115314
1761735123.3074768,5285947,1353202432,1353.202432,54,198,147,2,20251029_115314
1761735123.3174608,5285986,1353212416,1353.212416,58,198,144,2,20251029_115314
1761735123.3274448,5286025,1353222400,1353.2224,62,198,141,2,20251029_115314
1761735123.3374288,5286064,1353232384,1353.232384,66,197,138,2,20251029_115314
1761735123.3474128,5286103,1353242368,1353.242368,70,198,136,2,20251029_115314
1761735123.3573968,5286142,1353252352,1353.252352,74,197,136,2,20251029_115314
1761735123.3673809,5286181,1353262336,1353.262336,78,197,136,2,20251029_115314
1761735123.3773649,5286220,1353272320,1353.27232,82,198,136,2,20251029_115314
1761735123.387605,5286260,1353282560,1353.28256,86,197,135,2,20251029_115314
1761735123.3975887,5286299,1353292544,1353.292544,90,197,136,2,20251029_115314
1761735123.4075727,5286338,1353302528,1353.302528,93,197,135,2,20251029_115314
1761735123.4175568,5286377,1353312512,1353.312512,97,197,135,2,20251029_115314
1761735123.4275408,5286416,1353322496,1353.322496,101,197,135,2,20251029_115314
1761735123.4375248,5286455,1353332480,1353.33248,104,196,136,2,20251029_115314
1761735123.4475088,5286494,1353342464,1353.342464,107,196,135,2,20251029_115314
1761735123.4574928,5286533,1353352448,1353.352448,111,196,135,2,20251029_115314
1761735123.4674768,5286572,1353362432,1353.362432,114,196,136,2,20251029_115314
1761735123.4774609,5286611,1353372416,1353.372416,117,196,136,2,20251029_115314
1761735123.4874449,5286650,1353382400,1353.3824,120,196,136,2,20251029_115314
1761735123.497429,5286689,1353392384,1353.392384,123,196,136,2,20251029_115314
1761735123.507413,5286728,1353402368,1353.402368,126,196,135,2,20251029_115314
1761735123.5176528,5286768,1353412608,1353.412608,129,196,137,2,20251029_115314
1761735123.5276368,5286807,1353422592,1353.422592,132,197,138,2,20251029_115314
1761735123.5376208,5286846,1353432576,1353.432576,135,196,138,2,20251029_115314
1761735123.5476048,5286885,1353442560,1353.44256,137,196,138,2,20251029_115314
1761735123.5575888,5286924,1353452544,1353.452544,140,196,140,2,20251029_115314
1761735123.5675728,5286963,1353462528,1353.462528,143,196,142,2,20251029_115314
1761735123.5775568,5287002,1353472512,1353.472512,145,196,142,2,20251029_115314
1761735123.5875409,5287041,1353482496,1353.482496,148,196,143,2,20251029_115314
1761735123.597525,5287080,1353492480,1353.49248,151,196,144,2,20251029_115314
1761735123.607509,5287119,1353502464,1353.502464,154,196,146,2,20251029_115314
1761735123.617493,5287158,1353512448,1353.512448,157,196,148,2,20251029_115314
1761735123.627477,5287197,1353522432,1353.522432,160,197,151,2,20251029_115314
1761735123.637461,5287236,1353532416,1353.532416,163,196,155,2,20251029_115314
1761735123.6474447,5287275,1353542400,1353.5424,166,197,159,2,20251029_115314
1761735123.6574287,5287314,1353552384,1353.552384,170,197,163,2,20251029_115314
1761735123.6676688,5287354,1353562624,1353.562624,173,197,166,2,20251029_115314
1761735123.6776528,5287393,1353572608,1353.572608,177,197,167,2,20251029_115314
1761735123.6876369,5287432,1353582592,1353.582592,181,197,168,2,20251029_115314
1761735123.6976209,5287471,1353592576,1353.592576,185,197,169,2,20251029_115314
1761735123.707605,5287510,1353602560,1353.60256,189,197,170,2,20251029_115314
1761735123.717589,5287549,1353612544,1353.612544,194,197,170,2,20251029_115314
1761735123.727573,5287588,1353622528,1353.622528,198,197,170,2,20251029_115314
1761735123.737557,5287627,1353632512,1353.632512,202,197,171,2,20251029_115314
1761735123.747541,5287666,1353642496,1353.642496,205,197,171,2,20251029_115314
1761735123.7575247,5287705,1353652480,1353.65248,209,197,170,2,20251029_115314
1761735123.7675087,5287744,1353662464,1353.662464,213,197,170,2,20251029_115314
1761735123.7774928,5287783,1353672448,1353.672448,217,197,171,2,20251029_115314
1761735123.7874768,5287822,1353682432,1353.682432,221,197,171,2,20251029_115314
1761735123.7974608,5287861,1353692416,1353.692416,224,197,171,2,20251029_115314
1761735123.8077009,5287901,1353702656,1353.702656,228,197,171,2,20251029_115314
1761735123.817685,5287940,1353712640,1353.71264,231,197,171,2,20251029_115314
1761735123.827669,5287979,1353722624,1353.722624,235,198,172,2,20251029_115314
1761735123.837653,5288018,1353732608,1353.732608,238,198,172,2,20251029_115314
1761735123.847637,5288057,1353742592,1353.742592,241,198,171,2,20251029_115314
1761735123.857621,5288096,1353752576,1353.752576,244,198,172,2,20251029_115314
1761735123.8676047,5288135,1353762560,1353.76256,248,198,172,2,20251029_115314
1761735123.8775887,5288174,1353772544,1353.772544,251,198,172,2,20251029_115314
1761735123.8875728,5288213,1353782528,1353.782528,253,198,172,2,20251029_115314
1761735123.8975568,5288252,1353792512,1353.792512,1,198,172,2,20251029_115314
1761735123.9075408,5288291,1353802496,1353.802496,4,198,172,2,20251029_115314
1761735123.9175248,5288330,1353812480,1353.81248,7,198,172,2,20251029_115314
1761735123.9275088,5288369,1353822464,1353.822464,10,198,172,2,20251029_115314
1761735123.9374928,5288408,1353832448,1353.832448,12,198,172,2,20251029_115314
1761735123.947733,5288448,1353842688,1353.842688,15,198,172,2,20251029_115314
1761735123.957717,5288487,1353852672,1353.852672,17,198,172,2,20251029_115314
1761735123.967701,5288526,1353862656,1353.862656,20,198,172,2,20251029_115314
1761735123.9776847,5288565,1353872640,1353.87264,22,198,172,2,20251029_115314
1761735123.9876688,5288604,1353882624,1353.882624,25,198,172,2,20251029_115314
1761735123.9976528,5288643,1353892608,1353.892608,27,198,172,2,20251029_115314
1761735124.0076368,5288682,1353902592,1353.902592,29,198,172,2,20251029_115314
1761735124.0176208,5288721,1353912576,1353.912576,32,199,172,2,20251029_115314
1761735124.0276048,5288760,1353922560,1353.92256,34,198,171,2,20251029_115314
1761735124.0375888,5288799,1353932544,1353.932544,36,198,171,2,20251029_115314
1761735124.0475729,5288838,1353942528,1353.942528,38,198,170,2,20251029_115314
1761735124.0575569,5288877,1353952512,1353.952512,41,198,170,2,20251029_115314
1761735124.067541,5288916,1353962496,1353.962496,43,199,168,2,20251029_115314
1761735124.077525,5288955,1353972480,1353.97248,46,198,166,2,20251029_115314
1761735124.0877647,5288995,1353982720,1353.98272,48,199,163,2,20251029_115314
1761735124.0977488,5289034,1353992704,1353.992704,51,198,160,2,20251029_115314
1761735124.1077328,5289073,1354002688,1354.002688,54,198,155,2,20251029_115314
1761735124.1177168,5289112,1354012672,1354.012672,57,198,152,2,20251029_115314
1761735124.1277008,5289151,1354022656,1354.022656,61,198,149,2,20251029_115314
1761735124.1376848,5289190,1354032640,1354.03264,64,198,146,2,20251029_115314
1761735124.1476688,5289229,1354042624,1354.042624,68,198,143,2,20251029_115314
1761735124.1576529,5289268,1354052608,1354.052608,72,198,139,2,20251029_115314
1761735124.1676369,5289307,1354062592,1354.062592,76,198,136,2,20251029_115314
1761735124.177621,5289346,1354072576,1354.072576,80,198,136,2,20251029_115314
1761735124.187605,5289385,1354082560,1354.08256,84,197,136,2,20251029_115314
1761735124.197589,5289424,1354092544,1354.092544,87,197,136,2,20251029_115314
1761735124.207573,5289463,1354102528,1354.102528,91,197,135,2,20251029_115314
1761735124.217557,5289502,1354112512,1354.112512,95,197,135,2,20251029_115314
1761735124.2277968,5289542,1354122752,1354.122752,98,196,135,2,20251029_115314
1761735124.2377808,5289581,1354132736,1354.132736,102,197,135,2,20251029_115314
1761735124.2477648,5289620,1354142720,1354.14272,105,197,135,2,20251029_115314
1761735124.2577488,5289659,1354152704,1354.152704,109,197,136,2,20251029_115314
1761735124.2677329,5289698,1354162688,1354.162688,112,196,135,2,20251029_115314
1761735124.2777169,5289737,1354172672,1354.172672,115,196,136,2,20251029_115314
1761735124.287701,5289776,1354182656,1354.182656,118,196,136,2,20251029_115314
1761735124.297685,5289815,1354192640,1354.19264,121,196,137,2,20251029_115314
1761735124.307669,5289854,1354202624,1354.202624,124,196,137,2,20251029_115314
1761735124.317653,5289893,1354212608,1354.212608,127,196,137,2,20251029_115314
1761735124.327637,5289932,1354222592,1354.222592,130,196,137,2,20251029_115314
1761735124.3376207,5289971,1354232576,1354.232576,133,196,138,2,20251029_115314
1761735124.3476048,5290010,1354242560,1354.24256,136,196,138,2,20251029_115314
1761735124.3578448,5290050,1354252800,1354.2528,138,196,138,2,20251029_115314
1761735124.3678288,5290089,1354262784,1354.262784,141,196,139,2,20251029_115314
1761735124.3778129,5290128,1354272768,1354.272768,144,196,139,2,20251029_115314
1761735124.3877969,5290167,1354282752,1354.282752,146,196,140,2,20251029_115314
1761735124.397781,5290206,1354292736,1354.292736,149,196,141,2,20251029_115314
1761735124.407765,5290245,1354302720,1354.30272,152,196,142,2,20251029_115314
1761735124.417749,5290284,1354312704,1354.312704,154,196,143,2,20251029_115314
1761735124.427733,5290323,1354322688,1354.322688,157,196,146,2,20251029_115314
1761735124.437717,5290362,1354332672,1354.332672,160,196,146,2,20251029_115314
1761735124.4477007,5290401,1354342656,1354.342656,163,197,147,2,20251029_115314
1761735124.4576848,5290440,1354352640,1354.35264,166,196,149,2,20251029_115314
1761735124.4676688,5290479,1354362624,1354.362624,169,197,152,2,20251029_115314
1761735124.4776528,5290518,1354372608,1354.372608,172,197,155,2,20251029_115314
1761735124.4876368,5290557,1354382592,1354.382592,175,197,158,2,20251029_115314
1761735124.497877,5290597,1354392832,1354.392832,179,197,161,2,20251029_115314
1761735124.507861,5290636,1354402816,1354.402816,182,197,164,2,20251029_115314
1761735124.517845,5290675,1354412800,1354.4128,186,197,166,2,20251029_115314
1761735124.527829,5290714,1354422784,1354.422784,190,197,167,2,20251029_115314
1761735124.537813,5290753,1354432768,1354.432768,194,197,168,2,20251029_115314
1761735124.5477967,5290792,1354442752,1354.442752,198,197,168,2,20251029_115314
1761735124.5577807,5290831,1354452736,1354.452736,202,197,170,2,20251029_115314
1761735124.5677648,5290870,1354462720,1354.46272,206,197,170,2,20251029_115314
1761735124.5777488,5290909,1354472704,1354.472704,210,197,170,2,20251029_115314
1761735124.5877328,5290948,1354482688,1354.482688,213,197,170,2,20251029_115314
1761735124.5977168,5290987,1354492672,1354.492672,217,197,170,2,20251029_115314
1761735124.6077008,5291026,1354502656,1354.502656,221,198,170,2,20251029_115314
1761735124.6176848,5291065,1354512640,1354.51264,224,198,170,2,20251029_115314
1761735124.6276689,5291104,1354522624,1354.522624,228,198,172,2,20251029_115314
1761735124.637909,5291144,1354532864,1354.532864,231,198,171,2,20251029_115314
1761735124.647893,5291183,1354542848,1354.542848,235,198,171,2,20251029_115314
1761735124.6578767,5291222,1354552832,1354.552832,238,198,171,2,20251029_115314
1761735124.6678607,5291261,1354562816,1354.562816,241,198,171,2,20251029_115314
1761735124.6778448,5291300,1354572800,1354.5728,245,199,172,2,20251029_115314
1761735124.6878288,5291339,1354582784,1354.582784,248,198,171,2,20251029_115314
1761735124.6978128,5291378,1354592768,1354.592768,251,198,171,2,20251029_115314
1761735124.7077968,5291417,1354602752,1354.602752,254,198,171,2,20251029_115314
1761735124.7177808,5291456,1354612736,1354.612736,1,198,171,2,20251029_115314
1761735124.7277648,5291495,1354622720,1354.62272,4,198,172,2,20251029_115314
1761735124.7377489,5291534,1354632704,1354.632704,7,198,172,2,20251029_115314
1761735124.7477329,5291573,1354642688,1354.642688,10,198,172,2,20251029_115314
1761735124.757717,5291612,1354652672,1354.652672,12,198,172,2,20251029_115314
1761735124.767701,5291651,1354662656,1354.662656,15,198,171,2,20251029_115314
1761735124.7779408,5291691,1354672896,1354.672896,17,198,172,2,20251029_115314
1761735124.7879248,5291730,1354682880,1354.68288,20,198,172,2,20251029_115314
1761735124.7979088,5291769,1354692864,1354.692864,22,198,172,2,20251029_115314
1761735124.8078928,5291808,1354702848,1354.702848,25,198,171,2,20251029_115314
1761735124.8178768,5291847,1354712832,1354.712832,27,198,172,2,20251029_115314
1761735124.8278608,5291886,1354722816,1354.722816,29,198,171,2,20251029_115314
1761735124.8378448,5291925,1354732800,1354.7328,32,199,171,2,20251029_115314
1761735124.8478289,5291964,1354742784,1354.742784,34,198,170,2,20251029_115314
1761735124.857813,5292003,1354752768,1354.752768,36,198,170,2,20251029_115314
1761735124.867797,5292042,1354762752,1354.762752,39,198,170,2,20251029_115314
1761735124.877781,5292081,1354772736,1354.772736,41,198,168,2,20251029_115314
1761735124.887765,5292120,1354782720,1354.78272,44,198,168,2,20251029_115314
1761735124.897749,5292159,1354792704,1354.792704,46,198,165,2,20251029_115314
1761735124.9077327,5292198,1354802688,1354.802688,49,198,163,2,20251029_115314
1761735124.9179728,5292238,1354812928,1354.812928,51,198,160,2,20251029_115314
1761735124.9279568,5292277,1354822912,1354.822912,54,198,158,2,20251029_115314
1761735124.9379408,5292316,1354832896,1354.832896,57,198,155,2,20251029_115314
1761735124.9479249,5292355,1354842880,1354.84288,61,198,153,2,20251029_115314
1761735124.9579089,5292394,1354852864,1354.852864,64,198,151,2,20251029_115314
1761735124.967893,5292433,1354862848,1354.862848,67,198,152,2,20251029_115314
1761735124.977877,5292472,1354872832,1354.872832,71,197,148,2,20251029_115314
1761735124.987861,5292511,1354882816,1354.882816,74,198,146,2,20251029_115314
1761735124.997845,5292550,1354892800,1354.8928,78,197,144,2,20251029_115314
1761735125.007829,5292589,1354902784,1354.902784,81,198,142,2,20251029_115314
1761735125.0178127,5292628,1354912768,1354.912768,85,197,141,2,20251029_115314
1761735125.0277967,5292667,1354922752,1354.922752,89,197,140,2,20251029_115314
1761735125.0377808,5292706,1354932736,1354.932736,92,197,137,2,20251029_115314
1761735125.0477648,5292745,1354942720,1354.94272,96,197,135,2,20251029_115314
1761735125.0577488,5292784,1354952704,1354.952704,100,197,135,2,20251029_115314
1761735125.0679889,5292824,1354962944,1354.962944,103,197,135,2,20251029_115314
1761735125.077973,5292863,1354972928,1354.972928,107,197,137,2,20251029_115314
1761735125.087957,5292902,1354982912,1354.982912,110,196,136,2,20251029_115314
1761735125.097941,5292941,1354992896,1354.992896,113,196,136,2,20251029_115314
1761735125.107925,5292980,1355002880,1355.00288,116,196,137,2,20251029_115314
1761735125.117909,5293019,1355012864,1355.012864,119,196,138,2,20251029_115314
1761735125.1278927,5293058,1355022848,1355.022848,123,196,139,2,20251029_115314
1761735125.1378767,5293097,1355032832,1355.032832,126,196,140,2,20251029_115314
1761735125.1478608,5293136,1355042816,1355.042816,128,196,141,2,20251029_115314
1761735125.1578448,5293175,1355052800,1355.0528,131,196,142,2,20251029_115314
1761735125.1678288,5293214,1355062784,1355.062784,134,196,143,2,20251029_115314
1761735125.1778128,5293253,1355072768,1355.072768,137,196,144,2,20251029_115314
1761735125.1877968,5293292,1355082752,1355.082752,140,196,147,2,20251029_115314
1761735125.198037,5293332,1355092992,1355.092992,143,196,149,2,20251029_115314
1761735125.208021,5293371,1355102976,1355.102976,146,196,152,2,20251029_115314
1761735125.218005,5293410,1355112960,1355.11296,149,196,155,2,20251029_115314
1761735125.227989,5293449,1355122944,1355.122944,153,197,159,2,20251029_115314
1761735125.2379727,5293488,1355132928,1355.132928,156,197,163,2,20251029_115314
1761735125.2479568,5293527,1355142912,1355.142912,160,197,166,2,20251029_115314
1761735125.2579408,5293566,1355152896,1355.152896,164,197,167,2,20251029_115314
1761735125.2679248,5293605,1355162880,1355.16288,168,197,168,2,20251029_115314
1761735125.2779088,5293644,1355172864,1355.172864,172,197,169,2,20251029_115314
1761735125.2878928,5293683,1355182848,1355.182848,176,197,170,2,20251029_115314
1761735125.2978768,5293722,1355192832,1355.192832,180,197,170,2,20251029_115314
1761735125.3078609,5293761,1355202816,1355.202816,184,197,170,2,20251029_115314
1761735125.3178449,5293800,1355212800,1355.2128,188,197,171,2,20251029_115314
1761735125.327829,5293839,1355222784,1355.222784,192,197,170,2,20251029_115314
1761735125.337813,5293878,1355232768,1355.232768,196,197,172,2,20251029_115314
1761735125.3480527,5293918,1355243008,1355.243008,200,197,171,2,20251029_115314
1761735125.3580368,5293957,1355252992,1355.252992,204,197,171,2,20251029_115314
1761735125.3680208,5293996,1355262976,1355.262976,208,197,171,2,20251029_115314
1761735125.3780048,5294035,1355272960,1355.27296,212,197,171,2,20251029_115314
1761735125.3879888,5294074,1355282944,1355.282944,216,197,172,2,20251029_115314
1761735125.3979728,5294113,1355292928,1355.292928,220,197,171,2,20251029_115314
1761735125.4079568,5294152,1355302912,1355.302912,223,197,171,2,20251029_115314
1761735125.4179409,5294191,1355312896,1355.312896,227,197,172,2,20251029_115314
1761735125.4279249,5294230,1355322880,1355.32288,231,197,172,2,20251029_115314
1761735125.437909,5294269,1355332864,1355.332864,234,197,171,2,20251029_115314
1761735125.447893,5294308,1355342848,1355.342848,237,197,172,2,20251029_115314
1761735125.457877,5294347,1355352832,1355.352832,241,198,172,2,20251029_115314
1761735125.467861,5294386,1355362816,1355.362816,244,198,172,2,20251029_115314
1761735125.477845,5294425,1355372800,1355.3728,247,198,172,2,20251029_115314
1761735125.4878287,5294464,1355382784,1355.382784,250,198,172,2,20251029_115314
1761735125.4980688,5294504,1355393024,1355.393024,253,198,172,2,20251029_115314
1761735125.5080528,5294543,1355403008,1355.403008,1,198,172,2,20251029_115314
1761735125.5180368,5294582,1355412992,1355.412992,3,198,172,2,20251029_115314
1761735125.5280209,5294621,1355422976,1355.422976,6,198,171,2,20251029_115314
1761735125.5380049,5294660,1355432960,1355.43296,9,198,172,2,20251029_115314
1761735125.547989,5294699,1355442944,1355.442944,12,198,172,2,20251029_115314
1761735125.557973,5294738,1355452928,1355.452928,14,198,172,2,20251029_115314
1761735125.567957,5294777,1355462912,1355.462912,17,198,171,2,20251029_115314
1761735125.577941,5294816,1355472896,1355.472896,19,198,172,2,20251029_115314
1761735125.587925,5294855,1355482880,1355.48288,22,198,171,2,20251029_115314
1761735125.5979087,5294894,1355492864,1355.492864,24,198,171,2,20251029_115314
1761735125.6078928,5294933,1355502848,1355.502848,26,198,171,2,20251029_115314
1761735125.6178768,5294972,1355512832,1355.512832,29,198,170,2,20251029_115314
1761735125.6278608,5295011,1355522816,1355.522816,31,198,168,2,20251029_115314
1761735125.6381009,5295051,1355533056,1355.533056,34,198,167,2,20251029_115314
1761735125.6480849,5295090,1355543040,1355.54304,36,198,163,2,20251029_115314
1761735125.658069,5295129,1355553024,1355.553024,39,198,160,2,20251029_115314
1761735125.668053,5295168,1355563008,1355.563008,42,198,156,2,20251029_115314
1761735125.678037,5295207,1355572992,1355.572992,45,198,152,2,20251029_115314
1761735125.688021,5295246,1355582976,1355.582976,49,198,149,2,20251029_115314
1761735125.6980047,5295285,1355592960,1355.59296,52,198,146,2,20251029_115314
1761735125.7079887,5295324,1355602944,1355.602944,56,198,142,2,20251029_115314
1761735125.7179728,5295363,1355612928,1355.612928,60,200,140,2,20251029_115314
1761735125.7279568,5295402,1355622912,1355.622912,64,198,137,2,20251029_115314
1761735125.7379408,5295441,1355632896,1355.632896,68,198,137,2,20251029_115314
1761735125.7479248,5295480,1355642880,1355.64288,72,198,136,2,20251029_115314
1761735125.7579088,5295519,1355652864,1355.652864,76,198,136,2,20251029_115314
1761735125.7678928,5295558,1355662848,1355.662848,80,198,136,2,20251029_115314
1761735125.778133,5295598,1355673088,1355.673088,84,197,135,2,20251029_115314
1761735125.788117,5295637,1355683072,1355.683072,88,197,135,2,20251029_115314
1761735125.798101,5295676,1355693056,1355.693056,92,197,136,2,20251029_115314
1761735125.8080847,5295715,1355703040,1355.70304,96,197,136,2,20251029_115314
1761735125.8180687,5295754,1355713024,1355.713024,99,197,135,2,20251029_115314
1761735125.8280528,5295793,1355723008,1355.723008,103,197,135,2,20251029_115314
1761735125.8380368,5295832,1355732992,1355.732992,106,197,135,2,20251029_115314
1761735125.8480208,5295871,1355742976,1355.742976,109,196,136,2,20251029_115314
1761735125.8580048,5295910,1355752960,1355.75296,113,196,136,2,20251029_115314
1761735125.8679888,5295949,1355762944,1355.762944,116,196,136,2,20251029_115314
1761735125.8779728,5295988,1355772928,1355.772928,119,196,137,2,20251029_115314
1761735125.8879569,5296027,1355782912,1355.782912,122,196,138,2,20251029_115314
1761735125.8979409,5296066,1355792896,1355.792896,125,196,138,2,20251029_115314
1761735125.907925,5296105,1355802880,1355.80288,128,196,139,2,20251029_115314
1761735125.9181647,5296145,1355813120,1355.81312,131,196,141,2,20251029_115314
1761735125.9281487,5296184,1355823104,1355.823104,134,196,142,2,20251029_115314
1761735125.9381328,5296223,1355833088,1355.833088,137,196,144,2,20251029_115314
1761735125.9481168,5296262,1355843072,1355.843072,139,196,146,2,20251029_115314
1761735125.9581008,5296301,1355853056,1355.853056,142,196,150,2,20251029_115314
1761735125.9680848,5296340,1355863040,1355.86304,146,197,154,2,20251029_115314
1761735125.9780688,5296379,1355873024,1355.873024,149,197,159,2,20251029_115314
1761735125.9880528,5296418,1355883008,1355.883008,152,197,164,2,20251029_115314
1761735125.9980369,5296457,1355892992,1355.892992,156,197,166,2,20251029_115314
1761735126.0080209,5296496,1355902976,1355.902976,160,197,167,2,20251029_115314
1761735126.018005,5296535,1355912960,1355.91296,164,197,169,2,20251029_115314
1761735126.027989,5296574,1355922944,1355.922944,168,197,170,2,20251029_115314
1761735126.037973,5296613,1355932928,1355.932928,172,197,170,2,20251029_115314
1761735126.047957,5296652,1355942912,1355.942912,176,197,171,2,20251029_115314
1761735126.0581968,5296692,1355953152,1355.953152,180,197,170,2,20251029_115314
1761735126.0681808,5296731,1355963136,1355.963136,184,197,170,2,20251029_115314
1761735126.0781648,5296770,1355973120,1355.97312,189,198,171,2,20251029_115314
1761735126.0881488,5296809,1355983104,1355.983104,193,197,170,2,20251029_115314
1761735126.0981328,5296848,1355993088,1355.993088,197,197,171,2,20251029_115314
1761735126.1081169,5296887,1356003072,1356.003072,201,197,171,2,20251029_115314
1761735126.118101,5296926,1356013056,1356.013056,205,197,171,2,20251029_115314
1761735126.128085,5296965,1356023040,1356.02304,209,197,172,2,20251029_115314
1761735126.138069,5297004,1356033024,1356.033024,213,197,171,2,20251029_115314
1761735126.148053,5297043,1356043008,1356.043008,216,197,171,2,20251029_115314
1761735126.158037,5297082,1356052992,1356.052992,220,197,171,2,20251029_115314
1761735126.1680207,5297121,1356062976,1356.062976,224,197,171,2,20251029_115314
1761735126.1780047,5297160,1356072960,1356.07296,227,198,172,2,20251029_115314
1761735126.1879888,5297199,1356082944,1356.082944,231,198,172,2,20251029_115314
1761735126.1979728,5297238,1356092928,1356.092928,234,197,171,2,20251029_115314
1761735126.2082129,5297278,1356103168,1356.103168,238,198,172,2,20251029_115314
1761735126.2181969,5297317,1356113152,1356.113152,241,198,172,2,20251029_115314
1761735126.228181,5297356,1356123136,1356.123136,244,198,171,2,20251029_115314
1761735126.238165,5297395,1356133120,1356.13312,247,198,172,2,20251029_115314
1761735126.248149,5297434,1356143104,1356.143104,250,198,172,2,20251029_115314
1761735126.258133,5297473,1356153088,1356.153088,253,198,172,2,20251029_115314
1761735126.268117,5297512,1356163072,1356.163072,1,198,172,2,20251029_115314
1761735126.2781007,5297551,1356173056,1356.173056,4,198,172,2,20251029_115314
1761735126.2880847,5297590,1356183040,1356.18304,6,198,172,2,20251029_115314
1761735126.2980688,5297629,1356193024,1356.193024,9,198,172,2,20251029_115314
1761735126.3080528,5297668,1356203008,1356.203008,12,198,172,2,20251029_115314
1761735126.3180368,5297707,1356212992,1356.212992,14,198,172,2,20251029_115314
1761735126.3280208,5297746,1356222976,1356.222976,17,198,172,2,20251029_115314
1761735126.3380048,5297785,1356232960,1356.23296,19,198,171,2,20251029_115314
1761735126.348245,5297825,1356243200,1356.2432,22,198,172,2,20251029_115314
1761735126.358229,5297864,1356253184,1356.253184,24,198,171,2,20251029_115314
1761735126.368213,5297903,1356263168,1356.263168,27,198,171,2,20251029_115314
1761735126.378197,5297942,1356273152,1356.273152,29,198,172,2,20251029_115314
1761735126.3881807,5297981,1356283136,1356.283136,31,198,171,2,20251029_115314
1761735126.3981647,5298020,1356293120,1356.29312,34,198,171,2,20251029_115314
1761735126.4081488,5298059,1356303104,1356.303104,36,198,169,2,20251029_115314
1761735126.4181328,5298098,1356313088,1356.313088,38,198,169,2,20251029_115314
1761735126.4281168,5298137,1356323072,1356.323072,41,198,166,2,20251029_115314
1761735126.4381008,5298176,1356333056,1356.333056,43,198,163,2,20251029_115314
1761735126.4480848,5298215,1356343040,1356.34304,46,198,161,2,20251029_115314
1761735126.4580688,5298254,1356353024,1356.353024,49,198,156,2,20251029_115314
1761735126.4680529,5298293,1356363008,1356.363008,52,198,152,2,20251029_115314
1761735126.4780369,5298332,1356372992,1356.372992,56,199,150,2,20251029_115314
1761735126.488277,5298372,1356383232,1356.383232,59,198,146,2,20251029_115314
1761735126.4982607,5298411,1356393216,1356.393216,63,198,143,2,20251029_115314
1761735126.5082448,5298450,1356403200,1356.4032,67,198,139,2,20251029_115314
1761735126.5182288,5298489,1356413184,1356.413184,71,197,137,2,20251029_115314
1761735126.5282128,5298528,1356423168,1356.423168,75,198,135,2,20251029_115314
1761735126.5381968,5298567,1356433152,1356.433152,79,198,136,2,20251029_115314
1761735126.5481808,5298606,1356443136,1356.443136,83,198,136,2,20251029_115314
1761735126.5581648,5298645,1356453120,1356.45312,87,197,136,2,20251029_115314
1761735126.5681489,5298684,1356463104,1356.463104,90,197,135,2,20251029_115314
1761735126.5781329,5298723,1356473088,1356.473088,94,197,135,2,20251029_115314
1761735126.588117,5298762,1356483072,1356.483072,98,197,135,2,20251029_115314
1761735126.598101,5298801,1356493056,1356.493056,101,197,135,2,20251029_115314
1761735126.608085,5298840,1356503040,1356.50304,105,197,135,2,20251029_115314
1761735126.618069,5298879,1356513024,1356.513024,108,197,135,2,20251029_115314
1761735126.628053,5298918,1356523008,1356.523008,111,197,135,2,20251029_115314
1761735126.6382928,5298958,1356533248,1356.533248,115,197,135,2,20251029_115314
1761735126.6482768,5298997,1356543232,1356.543232,118,196,135,2,20251029_115314
1761735126.6582608,5299036,1356553216,1356.553216,121,196,136,2,20251029_115314
1761735126.6682448,5299075,1356563200,1356.5632,124,196,136,2,20251029_115314
1761735126.6782289,5299114,1356573184,1356.573184,127,196,137,2,20251029_115314
1761735126.6882129,5299153,1356583168,1356.583168,130,196,137,2,20251029_115314
1761735126.698197,5299192,1356593152,1356.593152,132,196,137,2,20251029_115314
1761735126.708181,5299231,1356603136,1356.603136,135,196,137,2,20251029_115314
1761735126.718165,5299270,1356613120,1356.61312,138,196,138,2,20251029_115314
1761735126.728149,5299309,1356623104,1356.623104,141,196,138,2,20251029_115314
1761735126.738133,5299348,1356633088,1356.633088,143,196,139,2,20251029_115314
1761735126.7481167,5299387,1356643072,1356.643072,146,196,139,2,20251029_115314
1761735126.7581007,5299426,1356653056,1356.653056,148,196,140,2,20251029_115314
1761735126.7680848,5299465,1356663040,1356.66304,151,196,141,2,20251029_115314
1761735126.7783248,5299505,1356673280,1356.67328,154,196,142,2,20251029_115314
1761735126.7883089,5299544,1356683264,1356.683264,156,196,142,2,20251029_115314
1761735126.7982929,5299583,1356693248,1356.693248,159,196,144,2,20251029_115314
1761735126.808277,5299622,1356703232,1356.703232,162,196,145,2,20251029_115314
1761735126.818261,5299661,1356713216,1356.713216,165,197,147,2,20251029_115314
1761735126.828245,5299700,1356723200,1356.7232,167,197,149,2,20251029_115314
1761735126.838229,5299739,1356733184,1356.733184,170,197,151,2,20251029_115314
1761735126.848213,5299778,1356743168,1356.743168,174,197,155,2,20251029_115314
1761735126.8581967,5299817,1356753152,1356.753152,177,197,156,2,20251029_115314
1761735126.8681808,5299856,1356763136,1356.763136,180,197,160,2,20251029_115314
1761735126.8781648,5299895,1356773120,1356.77312,184,198,163,2,20251029_115314
1761735126.8881488,5299934,1356783104,1356.783104,188,197,165,2,20251029_115314
1761735126.8981328,5299973,1356793088,1356.793088,192,197,166,2,20251029_115314
1761735126.9081168,5300012,1356803072,1356.803072,195,197,167,2,20251029_115314
1761735126.9181008,5300051,1356813056,1356.813056,199,197,168,2,20251029_115314
1761735126.928341,5300091,1356823296,1356.823296,203,197,169,2,20251029_115314
1761735126.938325,5300130,1356833280,1356.83328,207,197,170,2,20251029_115314
1761735126.948309,5300169,1356843264,1356.843264,211,197,170,2,20251029_115314
1761735126.9582927,5300208,1356853248,1356.853248,215,197,170,2,20251029_115314
1761735126.9682767,5300247,1356863232,1356.863232,218,198,170,2,20251029_115314
1761735126.9782608,5300286,1356873216,1356.873216,222,198,170,2,20251029_115314
1761735126.9882448,5300325,1356883200,1356.8832,226,198,172,2,20251029_115314
1761735126.9982288,5300364,1356893184,1356.893184,229,198,171,2,20251029_115314
1761735127.0082128,5300403,1356903168,1356.903168,233,198,171,2,20251029_115314
1761735127.0181968,5300442,1356913152,1356.913152,236,198,171,2,20251029_115314
1761735127.0281808,5300481,1356923136,1356.923136,239,198,171,2,20251029_115314
1761735127.0381649,5300520,1356933120,1356.93312,243,198,171,2,20251029_115314
1761735127.0481489,5300559,1356943104,1356.943104,246,198,171,2,20251029_115314
1761735127.058133,5300598,1356953088,1356.953088,249,198,171,2,20251029_115314
1761735127.0683727,5300638,1356963328,1356.963328,252,198,171,2,20251029_115314
1761735127.0783567,5300677,1356973312,1356.973312,0,198,171,2,20251029_115314
1761735127.0883408,5300716,1356983296,1356.983296,2,198,172,2,20251029_115314
1761735127.0983248,5300755,1356993280,1356.99328,5,198,171,2,20251029_115314
1761735127.1083088,5300794,1357003264,1357.003264,8,198,172,2,20251029_115314
1761735127.1182928,5300833,1357013248,1357.013248,11,198,171,2,20251029_115314
1761735127.1282768,5300872,1357023232,1357.023232,13,198,171,2,20251029_115314
1761735127.1382608,5300911,1357033216,1357.033216,16,199,171,2,20251029_115314
1761735127.1482449,5300950,1357043200,1357.0432,18,198,171,2,20251029_115314
1761735127.1582289,5300989,1357053184,1357.053184,21,198,171,2,20251029_115314
1761735127.168213,5301028,1357063168,1357.063168,23,198,171,2,20251029_115314
1761735127.178197,5301067,1357073152,1357.073152,26,198,171,2,20251029_115314
1761735127.1884367,5301107,1357083392,1357.083392,28,198,171,2,20251029_115314
1761735127.1984208,5301146,1357093376,1357.093376,30,198,171,2,20251029_115314
1761735127.2084048,5301185,1357103360,1357.10336,33,198,171,2,20251029_115314
1761735127.2183888,5301224,1357113344,1357.113344,35,198,171,2,20251029_115314
1761735127.2283728,5301263,1357123328,1357.123328,37,198,171,2,20251029_115314
1761735127.2383568,5301302,1357133312,1357.133312,39,198,171,2,20251029_115314
1761735127.2483408,5301341,1357143296,1357.143296,42,198,170,2,20251029_115314
1761735127.2583249,5301380,1357153280,1357.15328,44,199,170,2,20251029_115314
1761735127.268565,5301420,1357163520,1357.16352,46,198,169,2,20251029_115314
1761735127.278549,5301459,1357173504,1357.173504,49,198,167,2,20251029_115314
1761735127.2885327,5301498,1357183488,1357.183488,51,198,165,2,20251029_115314
1761735127.2985168,5301537,1357193472,1357.193472,54,198,166,2,20251029_115314
1761735127.3085008,5301576,1357203456,1357.203456,56,198,162,2,20251029_115314
1761735127.3184848,5301615,1357213440,1357.21344,59,198,161,2,20251029_115314
1761735127.3284688,5301654,1357223424,1357.223424,62,198,160,2,20251029_115314
1761735127.3384528,5301693,1357233408,1357.233408,65,198,158,2,20251029_115314
1761735127.348693,5301733,1357243648,1357.243648,68,198,156,2,20251029_115314
1761735127.358677,5301772,1357253632,1357.253632,71,198,155,2,20251029_115314
1761735127.368661,5301811,1357263616,1357.263616,74,198,153,2,20251029_115314
1761735127.378645,5301850,1357273600,1357.2736,78,198,152,2,20251029_115314
1761735127.388629,5301889,1357283584,1357.283584,81,198,150,2,20251029_115314
1761735127.3986127,5301928,1357293568,1357.293568,84,197,149,2,20251029_115314
1761735127.4088528,5301968,1357303808,1357.303808,88,197,147,2,20251029_115314
1761735127.4188368,5302007,1357313792,1357.313792,91,197,146,2,20251029_115314
1761735127.4288208,5302046,1357323776,1357.323776,95,197,144,2,20251029_115314
1761735127.4388049,5302085,1357333760,1357.33376,98,197,143,2,20251029_115314
1761735127.448789,5302124,1357343744,1357.343744,101,197,142,2,20251029_115314
1761735127.458773,5302163,1357353728,1357.353728,105,197,141,2,20251029_115314
1761735127.468757,5302202,1357363712,1357.363712,108,197,140,2,20251029_115314
1761735127.4789968,5302242,1357373952,1357.373952,111,197,140,2,20251029_115314
1761735127.4889808,5302281,1357383936,1357.383936,115,197,138,2,20251029_115314
1761735127.4989648,5302320,1357393920,1357.39392,118,196,140,2,20251029_115314
1761735127.5089488,5302359,1357403904,1357.403904,121,196,139,2,20251029_115314
1761735127.5189328,5302398,1357413888,1357.413888,124,196,140,2,20251029_115314
1761735127.5289168,5302437,1357423872,1357.423872,127,196,140,2,20251029_115314
1761735127.5389009,5302476,1357433856,1357.433856,130,196,140,2,20251029_115314
1761735127.549141,5302516,1357444096,1357.444096,133,196,140,2,20251029_115314
1761735127.559125,5302555,1357454080,1357.45408,136,196,141,2,20251029_115314
1761735127.5691087,5302594,1357464064,1357.464064,138,196,142,2,20251029_115314
1761735127.5790927,5302633,1357474048,1357.474048,141,196,143,2,20251029_115314
1761735127.5890768,5302672,1357484032,1357.484032,144,196,144,2,20251029_115314
1761735127.5990608,5302711,1357494016,1357.494016,147,197,145,2,20251029_115314
1761735127.6090448,5302750,1357504000,1357.504,150,196,146,2,20251029_115314
1761735127.6190288,5302789,1357513984,1357.513984,153,196,148,2,20251029_115314
1761735127.6290128,5302828,1357523968,1357.523968,156,196,150,2,20251029_115314
1761735127.6389968,5302867,1357533952,1357.533952,159,197,153,2,20251029_115314
1761735127.6489809,5302906,1357543936,1357.543936,162,197,155,2,20251029_115314
1761735127.6589649,5302945,1357553920,1357.55392,165,197,159,2,20251029_115314
1761735127.669205,5302985,1357564160,1357.56416,169,197,162,2,20251029_115314
1761735127.6791887,5303024,1357574144,1357.574144,173,197,165,2,20251029_115314
1761735127.6891727,5303063,1357584128,1357.584128,177,197,167,2,20251029_115314
1761735127.6991568,5303102,1357594112,1357.594112,181,197,167,2,20251029_115314
1761735127.7091408,5303141,1357604096,1357.604096,185,197,168,2,20251029_115314
1761735127.7191248,5303180,1357614080,1357.61408,189,197,170,2,20251029_115314
1761735127.7291088,5303219,1357624064,1357.624064,193,197,170,2,20251029_115314
1761735127.7390928,5303258,1357634048,1357.634048,197,197,170,2,20251029_115314
1761735127.7490768,5303297,1357644032,1357.644032,201,197,171,2,20251029_115314
1761735127.7590609,5303336,1357654016,1357.654016,205,197,171,2,20251029_115314
1761735127.7690449,5303375,1357664000,1357.664,209,197,171,2,20251029_115314
1761735127.779029,5303414,1357673984,1357.673984,213,197,171,2,20251029_115314
1761735127.789013,5303453,1357683968,1357.683968,216,197,171,2,20251029_115314
1761735127.798997,5303492,1357693952,1357.693952,220,198,171,2,20251029_115314
1761735127.8092368,5303532,1357704192,1357.704192,224,197,170,2,20251029_115314
1761735127.8192208,5303571,1357714176,1357.714176,227,197,171,2,20251029_115314
1761735127.8292048,5303610,1357724160,1357.72416,231,197,173,2,20251029_115314
1761735127.8391888,5303649,1357734144,1357.734144,234,197,171,2,20251029_115314
1761735127.8491728,5303688,1357744128,1357.744128,238,198,171,2,20251029_115314
1761735127.8591568,5303727,1357754112,1357.754112,241,198,172,2,20251029_115314
1761735127.8691409,5303766,1357764096,1357.764096,244,198,172,2,20251029_115314
1761735127.8791249,5303805,1357774080,1357.77408,247,198,171,2,20251029_115314
1761735127.889109,5303844,1357784064,1357.784064,250,198,171,2,20251029_115314
1761735127.899093,5303883,1357794048,1357.794048,253,198,172,2,20251029_115314
1761735127.909077,5303922,1357804032,1357.804032,1,198,171,2,20251029_115314
1761735127.919061,5303961,1357814016,1357.814016,4,198,172,2,20251029_115314
1761735127.9290447,5304000,1357824000,1357.824,6,198,171,2,20251029_115314
1761735127.9390287,5304039,1357833984,1357.833984,9,198,172,2,20251029_115314
1761735127.9490128,5304078,1357843968,1357.843968,12,198,171,2,20251029_115314
1761735127.9592528,5304118,1357854208,1357.854208,14,198,172,2,20251029_115314
1761735127.9692369,5304157,1357864192,1357.864192,17,198,170,2,20251029_115314
1761735127.9792209,5304196,1357874176,1357.874176,19,199,171,2,20251029_115314
1761735127.989205,5304235,1357884160,1357.88416,22,198,171,2,20251029_115314
1761735127.999189,5304274,1357894144,1357.894144,24,198,171,2,20251029_115314
1761735128.009173,5304313,1357904128,1357.904128,27,198,170,2,20251029_115314
1761735128.019157,5304352,1357914112,1357.914112,29,198,169,2,20251029_115314
1761735128.029141,5304391,1357924096,1357.924096,32,198,168,2,20251029_115314
1761735128.0391247,5304430,1357934080,1357.93408,34,198,166,2,20251029_115314
1761735128.0491087,5304469,1357944064,1357.944064,37,198,164,2,20251029_115314
1761735128.0590928,5304508,1357954048,1357.954048,40,198,159,2,20251029_115314
1761735128.0690768,5304547,1357964032,1357.964032,43,198,155,2,20251029_115314
1761735128.0790608,5304586,1357974016,1357.974016,46,198,152,2,20251029_115314
1761735128.0890448,5304625,1357984000,1357.984,49,198,149,2,20251029_115314
1761735128.099285,5304665,1357994240,1357.99424,53,198,147,2,20251029_115314
1761735128.109269,5304704,1358004224,1358.004224,57,198,144,2,20251029_115314
1761735128.119253,5304743,1358014208,1358.014208,61,198,141,2,20251029_115314
1761735128.129237,5304782,1358024192,1358.024192,65,198,138,2,20251029_115314
1761735128.139221,5304821,1358034176,1358.034176,69,198,136,2,20251029_115314
1761735128.1492047,5304860,1358044160,1358.04416,73,198,136,2,20251029_115314
1761735128.1591887,5304899,1358054144,1358.054144,77,198,136,2,20251029_115314
1761735128.1691728,5304938,1358064128,1358.064128,81,198,136,2,20251029_115314
1761735128.1791568,5304977,1358074112,1358.074112,85,198,136,2,20251029_115314
1761735128.1891408,5305016,1358084096,1358.084096,89,198,135,2,20251029_115314
1761735128.1991248,5305055,1358094080,1358.09408,92,197,135,2,20251029_115314
1761735128.2091088,5305094,1358104064,1358.104064,96,197,136,2,20251029_115314
1761735128.219349,5305134,1358114304,1358.114304,100,197,135,2,20251029_115314
1761735128.229333,5305173,1358124288,1358.124288,103,197,135,2,20251029_115314
1761735128.239317,5305212,1358134272,1358.134272,107,197,135,2,20251029_115314
1761735128.249301,5305251,1358144256,1358.144256,110,197,135,2,20251029_115314
1761735128.2592847,5305290,1358154240,1358.15424,113,196,136,2,20251029_115314
1761735128.2692688,5305329,1358164224,1358.164224,116,197,136,2,20251029_115314
1761735128.2792528,5305368,1358174208,1358.174208,119,196,137,2,20251029_115314
1761735128.2892368,5305407,1358184192,1358.184192,122,196,138,2,20251029_115314
1761735128.2992208,5305446,1358194176,1358.194176,125,196,138,2,20251029_115314
1761735128.3092048,5305485,1358204160,1358.20416,128,196,140,2,20251029_115314
1761735128.3191888,5305524,1358214144,1358.214144,131,196,142,2,20251029_115314
1761735128.3291728,5305563,1358224128,1358.224128,134,196,144,2,20251029_115314
1761735128.3391569,5305602,1358234112,1358.234112,137,196,146,2,20251029_115314
1761735128.349141,5305641,1358244096,1358.244096,140,196,149,2,20251029_115314
1761735128.359125,5305680,1358254080,1358.25408,143,197,153,2,20251029_115314
1761735128.3693647,5305720,1358264320,1358.26432,146,197,158,2,20251029_115314
1761735128.3793488,5305759,1358274304,1358.274304,150,197,163,2,20251029_115314
1761735128.3893328,5305798,1358284288,1358.284288,154,197,166,2,20251029_115314
1761735128.3993168,5305837,1358294272,1358.294272,157,197,167,2,20251029_115314
1761735128.4093008,5305876,1358304256,1358.304256,161,197,168,2,20251029_115314
1761735128.4192848,5305915,1358314240,1358.31424,165,197,169,2,20251029_115314
1761735128.4292688,5305954,1358324224,1358.324224,169,197,170,2,20251029_115314
1761735128.4392529,5305993,1358334208,1358.334208,174,197,170,2,20251029_115314
1761735128.4492369,5306032,1358344192,1358.344192,178,197,170,2,20251029_115314
1761735128.459221,5306071,1358354176,1358.354176,182,197,170,2,20251029_115314
1761735128.469205,5306110,1358364160,1358.36416,186,197,171,2,20251029_115314
1761735128.479189,5306149,1358374144,1358.374144,190,197,171,2,20251029_115314
1761735128.489173,5306188,1358384128,1358.384128,194,197,171,2,20251029_115314
1761735128.499157,5306227,1358394112,1358.394112,198,197,171,2,20251029_115314
1761735128.5093968,5306267,1358404352,1358.404352,202,197,171,2,20251029_115314
1761735128.5193808,5306306,1358414336,1358.414336,206,197,171,2,20251029_115314
1761735128.5293648,5306345,1358424320,1358.42432,210,197,171,2,20251029_115314
1761735128.5393488,5306384,1358434304,1358.434304,214,197,171,2,20251029_115314
1761735128.5493329,5306423,1358444288,1358.444288,218,197,172,2,20251029_115314
1761735128.5593169,5306462,1358454272,1358.454272,221,198,170,2,20251029_115314
1761735128.569301,5306501,1358464256,1358.464256,225,197,171,2,20251029_115314
1761735128.579285,5306540,1358474240,1358.47424,229,197,173,2,20251029_115314
1761735128.589269,5306579,1358484224,1358.484224,232,197,171,2,20251029_115314
1761735128.599253,5306618,1358494208,1358.494208,235,198,172,2,20251029_115314
1761735128.609237,5306657,1358504192,1358.504192,239,198,172,2,20251029_115314
1761735128.6192207,5306696,1358514176,1358.514176,242,198,172,2,20251029_115314
1761735128.6292048,5306735,1358524160,1358.52416,245,198,172,2,20251029_115314
1761735128.6391888,5306774,1358534144,1358.534144,248,198,172,2,20251029_115314
1761735128.6491728,5306813,1358544128,1358.544128,251,198,172,2,20251029_115314
1761735128.6594129,5306853,1358554368,1358.554368,254,198,172,2,20251029_115314
1761735128.6693969,5306892,1358564352,1358.564352,2,198,172,2,20251029_115314
1761735128.679381,5306931,1358574336,1358.574336,5,198,172,2,20251029_115314
1761735128.689365,5306970,1358584320,1358.58432,7,198,172,2,20251029_115314
1761735128.699349,5307009,1358594304,1358.594304,10,198,172,2,20251029_115314
1761735128.709333,5307048,1358604288,1358.604288,13,198,172,2,20251029_115314
1761735128.719317,5307087,1358614272,1358.614272,15,198,172,2,20251029_115314
1761735128.7293007,5307126,1358624256,1358.624256,18,198,172,2,20251029_115314
1761735128.7392848,5307165,1358634240,1358.63424,20,198,172,2,20251029_115314
1761735128.7492688,5307204,1358644224,1358.644224,23,198,172,2,20251029_115314
1761735128.7592528,5307243,1358654208,1358.654208,25,198,172,2,20251029_115314
1761735128.7692368,5307282,1358664192,1358.664192,27,198,171,2,20251029_115314
1761735128.7792208,5307321,1358674176,1358.674176,30,199,172,2,20251029_115314
1761735128.7892048,5307360,1358684160,1358.68416,32,198,171,2,20251029_115314
1761735128.799445,5307400,1358694400,1358.6944,34,198,170,2,20251029_115314
1761735128.809429,5307439,1358704384,1358.704384,37,198,170,2,20251029_115314
1761735128.819413,5307478,1358714368,1358.714368,39,198,169,2,20251029_115314
1761735128.8293967,5307517,1358724352,1358.724352,41,198,168,2,20251029_115314
1761735128.8393807,5307556,1358734336,1358.734336,44,198,164,2,20251029_115314
1761735128.8493648,5307595,1358744320,1358.74432,47,198,161,2,20251029_115314
1761735128.8593488,5307634,1358754304,1358.754304,50,198,157,2,20251029_115314
1761735128.8693328,5307673,1358764288,1358.764288,53,198,153,2,20251029_115314
1761735128.8793168,5307712,1358774272,1358.774272,57,198,150,2,20251029_115314
1761735128.8893008,5307751,1358784256,1358.784256,60,198,146,2,20251029_115314
1761735128.8992848,5307790,1358794240,1358.79424,64,198,143,2,20251029_115314
1761735128.9092689,5307829,1358804224,1358.804224,68,198,140,2,20251029_115314
1761735128.9192529,5307868,1358814208,1358.814208,72,198,137,2,20251029_115314
1761735128.929237,5307907,1358824192,1358.824192,76,198,136,2,20251029_115314
1761735128.9394767,5307947,1358834432,1358.834432,80,198,136,2,20251029_115314
1761735128.9494607,5307986,1358844416,1358.844416,84,197,136,2,20251029_115314
1761735128.9594448,5308025,1358854400,1358.8544,88,198,135,2,20251029_115314
1761735128.9694288,5308064,1358864384,1358.864384,92,198,135,2,20251029_115314
1761735128.9794128,5308103,1358874368,1358.874368,95,197,135,2,20251029_115314
1761735128.9893968,5308142,1358884352,1358.884352,99,197,135,2,20251029_115314
1761735128.9993808,5308181,1358894336,1358.894336,102,197,135,2,20251029_115314
1761735129.0093648,5308220,1358904320,1358.90432,106,197,135,2,20251029_115314
1761735129.0193489,5308259,1358914304,1358.914304,109,197,135,2,20251029_115314
1761735129.0293329,5308298,1358924288,1358.924288,113,196,136,2,20251029_115314
1761735129.039317,5308337,1358934272,1358.934272,116,197,135,2,20251029_115314
1761735129.049301,5308376,1358944256,1358.944256,119,197,136,2,20251029_115314
1761735129.059285,5308415,1358954240,1358.95424,122,196,137,2,20251029_115314
1761735129.069269,5308454,1358964224,1358.964224,125,196,136,2,20251029_115314
1761735129.079253,5308493,1358974208,1358.974208,128,196,137,2,20251029_115314
1761735129.0894928,5308533,1358984448,1358.984448,131,196,136,2,20251029_115314
1761735129.0994768,5308572,1358994432,1358.994432,133,196,137,2,20251029_115314
1761735129.1094608,5308611,1359004416,1359.004416,136,196,137,2,20251029_115314
1761735129.1194448,5308650,1359014400,1359.0144,139,196,138,2,20251029_115314
1761735129.1294289,5308689,1359024384,1359.024384,141,196,138,2,20251029_115314
1761735129.1394129,5308728,1359034368,1359.034368,144,196,138,2,20251029_115314
1761735129.149397,5308767,1359044352,1359.044352,147,196,139,2,20251029_115314
1761735129.159381,5308806,1359054336,1359.054336,149,196,139,2,20251029_115314
1761735129.169365,5308845,1359064320,1359.06432,152,196,140,2,20251029_115314
1761735129.179349,5308884,1359074304,1359.074304,154,196,140,2,20251029_115314
1761735129.1893327,5308923,1359084288,1359.084288,157,196,142,2,20251029_115314
1761735129.1993167,5308962,1359094272,1359.094272,159,197,143,2,20251029_115314
1761735129.2093008,5309001,1359104256,1359.104256,162,197,144,2,20251029_115314
1761735129.2192848,5309040,1359114240,1359.11424,165,197,145,2,20251029_115314
1761735129.2295249,5309080,1359124480,1359.12448,168,197,147,2,20251029_115314
1761735129.2395089,5309119,1359134464,1359.134464,170,197,149,2,20251029_115314
1761735129.249493,5309158,1359144448,1359.144448,173,197,152,2,20251029_115314
1761735129.259477,5309197,1359154432,1359.154432,177,197,154,2,20251029_115314
1761735129.269461,5309236,1359164416,1359.164416,180,197,157,2,20251029_115314
1761735129.279445,5309275,1359174400,1359.1744,183,197,160,2,20251029_115314
1761735129.289429,5309314,1359184384,1359.184384,187,197,163,2,20251029_115314
1761735129.2994127,5309353,1359194368,1359.194368,191,197,165,2,20251029_115314
1761735129.3093967,5309392,1359204352,1359.204352,195,197,166,2,20251029_115314
1761735129.3193808,5309431,1359214336,1359.214336,198,198,167,2,20251029_115314
1761735129.3293648,5309470,1359224320,1359.22432,202,198,168,2,20251029_115314
1761735129.3393488,5309509,1359234304,1359.234304,206,198,169,2,20251029_115314
1761735129.3493328,5309548,1359244288,1359.244288,210,197,170,2,20251029_115314
1761735129.3593168,5309587,1359254272,1359.254272,214,198,170,2,20251029_115314
1761735129.369557,5309627,1359264512,1359.264512,218,198,170,2,20251029_115314
1761735129.379541,5309666,1359274496,1359.274496,221,198,170,2,20251029_115314
1761735129.389525,5309705,1359284480,1359.28448,225,198,170,2,20251029_115314
1761735129.399509,5309744,1359294464,1359.294464,228,198,170,2,20251029_115314
1761735129.4094927,5309783,1359304448,1359.304448,232,198,171,2,20251029_115314
1761735129.4194767,5309822,1359314432,1359.314432,235,198,170,2,20251029_115314
1761735129.4294608,5309861,1359324416,1359.324416,239,198,171,2,20251029_115314
1761735129.4394448,5309900,1359334400,1359.3344,242,198,171,2,20251029_115314
1761735129.4494288,5309939,1359344384,1359.344384,245,198,171,2,20251029_115314
1761735129.4594128,5309978,1359354368,1359.354368,248,198,171,2,20251029_115314
1761735129.4693968,5310017,1359364352,1359.364352,251,198,171,2,20251029_115314
1761735129.4793808,5310056,1359374336,1359.374336,254,198,171,2,20251029_115314
1761735129.4893649,5310095,1359384320,1359.38432,2,198,171,2,20251029_115314
1761735129.4993489,5310134,1359394304,1359.394304,5,198,171,2,20251029_115314
1761735129.509333,5310173,1359404288,1359.404288,7,198,171,2,20251029_115314
1761735129.5195727,5310213,1359414528,1359.414528,10,198,171,2,20251029_115314
1761735129.5295568,5310252,1359424512,1359.424512,13,199,172,2,20251029_115314
1761735129.5395408,5310291,1359434496,1359.434496,15,198,171,2,20251029_115314
1761735129.5495248,5310330,1359444480,1359.44448,18,199,171,2,20251029_115314
1761735129.5595088,5310369,1359454464,1359.454464,20,199,171,2,20251029_115314
1761735129.5694928,5310408,1359464448,1359.464448,23,198,171,2,20251029_115314
1761735129.5794768,5310447,1359474432,1359.474432,25,198,172,2,20251029_115314
1761735129.5894608,5310486,1359484416,1359.484416,27,199,171,2,20251029_115314
1761735129.5994449,5310525,1359494400,1359.4944,30,198,171,2,20251029_115314
1761735129.609429,5310564,1359504384,1359.504384,32,198,171,2,20251029_115314
1761735129.619413,5310603,1359514368,1359.514368,34,198,171,2,20251029_115314
1761735129.629397,5310642,1359524352,1359.524352,36,198,171,2,20251029_115314
1761735129.639381,5310681,1359534336,1359.534336,39,198,171,2,20251029_115314
1761735129.649365,5310720,1359544320,1359.54432,41,198,171,2,20251029_115314
1761735129.6596048,5310760,1359554560,1359.55456,43,198,171,2,20251029_115314
1761735129.6695888,5310799,1359564544,1359.564544,45,198,171,2,20251029_115314
1761735129.6795728,5310838,1359574528,1359.574528,48,198,171,2,20251029_115314
1761735129.6895568,5310877,1359584512,1359.584512,50,198,171,2,20251029_115314
1761735129.6995409,5310916,1359594496,1359.594496,52,198,171,2,20251029_115314
1761735129.7095249,5310955,1359604480,1359.60448,54,198,172,2,20251029_115314
1761735129.719509,5310994,1359614464,1359.614464,56,198,171,2,20251029_115314
1761735129.729493,5311033,1359624448,1359.624448,59,198,170,2,20251029_115314
1761735129.739477,5311072,1359634432,1359.634432,61,198,170,2,20251029_115314
1761735129.749461,5311111,1359644416,1359.644416,63,198,169,2,20251029_115314
1761735129.759445,5311150,1359654400,1359.6544,66,198,168,2,20251029_115314
1761735129.7694287,5311189,1359664384,1359.664384,68,198,167,2,20251029_115314
1761735129.7794127,5311228,1359674368,1359.674368,71,198,166,2,20251029_115314
1761735129.7893968,5311267,1359684352,1359.684352,73,198,164,2,20251029_115314
1761735129.7993808,5311306,1359694336,1359.694336,76,198,162,2,20251029_115314
1761735129.8096209,5311346,1359704576,1359.704576,79,198,160,2,20251029_115314
1761735129.8196049,5311385,1359714560,1359.71456,82,198,158,2,20251029_115314
1761735129.829589,5311424,1359724544,1359.724544,85,198,155,2,20251029_115314
1761735129.839573,5311463,1359734528,1359.734528,88,197,152,2,20251029_115314
1761735129.849557,5311502,1359744512,1359.744512,92,197,150,2,20251029_115314
1761735129.859541,5311541,1359754496,1359.754496,95,197,148,2,20251029_115314
1761735129.869525,5311580,1359764480,1359.76448,98,197,146,2,20251029_115314
1761735129.8795087,5311619,1359774464,1359.774464,102,197,143,2,20251029_115314
1761735129.8894928,5311658,1359784448,1359.784448,105,197,141,2,20251029_115314
1761735129.8994768,5311697,1359794432,1359.794432,108,197,139,2,20251029_115314
1761735129.9094608,5311736,1359804416,1359.804416,112,196,137,2,20251029_115314
1761735129.9194448,5311775,1359814400,1359.8144,115,196,136,2,20251029_115314
1761735129.9294288,5311814,1359824384,1359.824384,118,197,134,2,20251029_115314
1761735129.9394128,5311853,1359834368,1359.834368,121,196,135,2,20251029_115314
1761735129.949653,5311893,1359844608,1359.844608,124,196,136,2,20251029_115314
1761735129.959637,5311932,1359854592,1359.854592,127,196,136,2,20251029_115314
1761735129.969621,5311971,1359864576,1359.864576,130,196,136,2,20251029_115314
1761735129.979605,5312010,1359874560,1359.87456,133,196,136,2,20251029_115314
1761735129.9895887,5312049,1359884544,1359.884544,135,196,137,2,20251029_115314
1761735129.9995728,5312088,1359894528,1359.894528,138,196,138,2,20251029_115314
1761735130.0095568,5312127,1359904512,1359.904512,141,196,138,2,20251029_115314
1761735130.0195408,5312166,1359914496,1359.914496,143,196,139,2,20251029_115314
1761735130.0295248,5312205,1359924480,1359.92448,146,196,139,2,20251029_115314
1761735130.0395088,5312244,1359934464,1359.934464,149,196,140,2,20251029_115314
1761735130.0494928,5312283,1359944448,1359.944448,151,196,142,2,20251029_115314
1761735130.0594769,5312322,1359954432,1359.954432,154,196,143,2,20251029_115314
1761735130.0694609,5312361,1359964416,1359.964416,157,196,144,2,20251029_115314
1761735130.079445,5312400,1359974400,1359.9744,159,197,145,2,20251029_115314
1761735130.0896847,5312440,1359984640,1359.98464,162,197,146,2,20251029_115314
1761735130.0996687,5312479,1359994624,1359.994624,165,196,148,2,20251029_115314
1761735130.1096528,5312518,1360004608,1360.004608,168,197,151,2,20251029_115314
1761735130.1196368,5312557,1360014592,1360.014592,171,197,154,2,20251029_115314
1761735130.1296208,5312596,1360024576,1360.024576,174,197,157,2,20251029_115314
1761735130.1396048,5312635,1360034560,1360.03456,178,197,160,2,20251029_115314
1761735130.1495888,5312674,1360044544,1360.044544,181,197,163,2,20251029_115314
1761735130.1595728,5312713,1360054528,1360.054528,185,197,165,2,20251029_115314
1761735130.1695569,5312752,1360064512,1360.064512,189,197,167,2,20251029_115314
1761735130.1795409,5312791,1360074496,1360.074496,193,197,167,2,20251029_115314
1761735130.189525,5312830,1360084480,1360.08448,197,197,169,2,20251029_115314
1761735130.199509,5312869,1360094464,1360.094464,201,197,169,2,20251029_115314
1761735130.209493,5312908,1360104448,1360.104448,205,197,170,2,20251029_115314
1761735130.219477,5312947,1360114432,1360.114432,209,197,170,2,20251029_115314
1761735130.229461,5312986,1360124416,1360.124416,212,197,170,2,20251029_115314
1761735130.2397008,5313026,1360134656,1360.134656,216,197,170,2,20251029_115314
1761735130.2496848,5313065,1360144640,1360.14464,220,198,170,2,20251029_115314
1761735130.2596688,5313104,1360154624,1360.154624,224,198,170,2,20251029_115314
1761735130.2696528,5313143,1360164608,1360.164608,227,198,171,2,20251029_115314
1761735130.2796369,5313182,1360174592,1360.174592,231,198,171,2,20251029_115314
1761735130.2896209,5313221,1360184576,1360.184576,234,198,171,2,20251029_115314
1761735130.299605,5313260,1360194560,1360.19456,237,198,171,2,20251029_115314
1761735130.309589,5313299,1360204544,1360.204544,241,198,171,2,20251029_115314
1761735130.319573,5313338,1360214528,1360.214528,244,198,171,2,20251029_115314
1761735130.329557,5313377,1360224512,1360.224512,247,198,172,2,20251029_115314
1761735130.339541,5313416,1360234496,1360.234496,250,198,173,2,20251029_115314
1761735130.3495247,5313455,1360244480,1360.24448,253,198,171,2,20251029_115314
1761735130.3595088,5313494,1360254464,1360.254464,1,198,171,2,20251029_115314
1761735130.3694928,5313533,1360264448,1360.264448,4,198,171,2,20251029_115314
1761735130.3797328,5313573,1360274688,1360.274688,6,199,171,2,20251029_115314
1761735130.3897169,5313612,1360284672,1360.284672,9,198,171,2,20251029_115314
1761735130.3997009,5313651,1360294656,1360.294656,12,199,172,2,20251029_115314
1761735130.409685,5313690,1360304640,1360.30464,14,198,173,2,20251029_115314
1761735130.419669,5313729,1360314624,1360.314624,17,198,171,2,20251029_115314
1761735130.429653,5313768,1360324608,1360.324608,19,199,171,2,20251029_115314
1761735130.439637,5313807,1360334592,1360.334592,22,199,171,2,20251029_115314
1761735130.4496207,5313846,1360344576,1360.344576,24,198,171,2,20251029_115314
1761735130.4596047,5313885,1360354560,1360.35456,27,198,171,2,20251029_115314
1761735130.4695888,5313924,1360364544,1360.364544,29,199,170,2,20251029_115314
1761735130.4795728,5313963,1360374528,1360.374528,31,199,170,2,20251029_115314
1761735130.4895568,5314002,1360384512,1360.384512,34,198,168,2,20251029_115314
1761735130.4995408,5314041,1360394496,1360.394496,36,198,167,2,20251029_115314
1761735130.5095248,5314080,1360404480,1360.40448,39,199,164,2,20251029_115314
1761735130.519765,5314120,1360414720,1360.41472,41,198,162,2,20251029_115314
1761735130.529749,5314159,1360424704,1360.424704,44,199,159,2,20251029_115314
1761735130.539733,5314198,1360434688,1360.434688,47,198,156,2,20251029_115314
1761735130.549717,5314237,1360444672,1360.444672,50,198,154,2,20251029_115314
1761735130.5597007,5314276,1360454656,1360.454656,54,199,150,2,20251029_115314
1761735130.5696847,5314315,1360464640,1360.46464,57,198,148,2,20251029_115314
1761735130.5796688,5314354,1360474624,1360.474624,61,198,146,2,20251029_115314
1761735130.5896528,5314393,1360484608,1360.484608,64,198,143,2,20251029_115314
1761735130.5996368,5314432,1360494592,1360.494592,68,198,141,2,20251029_115314
1761735130.6096208,5314471,1360504576,1360.504576,72,198,139,2,20251029_115314
1761735130.6196048,5314510,1360514560,1360.51456,76,198,137,2,20251029_115314
1761735130.6295888,5314549,1360524544,1360.524544,80,198,136,2,20251029_115314
1761735130.6395729,5314588,1360534528,1360.534528,84,198,136,2,20251029_115314
1761735130.6495569,5314627,1360544512,1360.544512,88,198,136,2,20251029_115314
1761735130.659797,5314667,1360554752,1360.554752,92,198,135,2,20251029_115314
1761735130.6697807,5314706,1360564736,1360.564736,95,197,135,2,20251029_115314
1761735130.6797647,5314745,1360574720,1360.57472,99,197,134,2,20251029_115314
1761735130.6897488,5314784,1360584704,1360.584704,102,197,135,2,20251029_115314
1761735130.6997328,5314823,1360594688,1360.594688,106,197,135,2,20251029_115314
1761735130.7097168,5314862,1360604672,1360.604672,109,197,135,2,20251029_115314
1761735130.7197008,5314901,1360614656,1360.614656,113,197,136,2,20251029_115314
1761735130.7296848,5314940,1360624640,1360.62464,116,197,136,2,20251029_115314
1761735130.7396688,5314979,1360634624,1360.634624,119,197,137,2,20251029_115314
1761735130.7496529,5315018,1360644608,1360.644608,122,197,138,2,20251029_115314
1761735130.7596369,5315057,1360654592,1360.654592,125,197,139,2,20251029_115314
1761735130.769621,5315096,1360664576,1360.664576,128,197,141,2,20251029_115314
1761735130.779605,5315135,1360674560,1360.67456,131,197,143,2,20251029_115314
1761735130.789589,5315174,1360684544,1360.684544,134,197,144,2,20251029_115314
1761735130.799573,5315213,1360694528,1360.694528,137,197,148,2,20251029_115314
1761735130.8098128,5315253,1360704768,1360.704768,140,197,152,2,20251029_115314
1761735130.8197968,5315292,1360714752,1360.714752,143,197,155,2,20251029_115314
1761735130.8297808,5315331,1360724736,1360.724736,146,197,160,2,20251029_115314
1761735130.8397648,5315370,1360734720,1360.73472,150,197,164,2,20251029_115314
1761735130.8497488,5315409,1360744704,1360.744704,154,197,166,2,20251029_115314
1761735130.8597329,5315448,1360754688,1360.754688,158,197,167,2,20251029_115314
1761735130.869717,5315487,1360764672,1360.764672,161,197,168,2,20251029_115314
1761735130.879701,5315526,1360774656,1360.774656,165,197,169,2,20251029_115314
1761735130.889685,5315565,1360784640,1360.78464,170,197,169,2,20251029_115314
1761735130.899669,5315604,1360794624,1360.794624,174,197,170,2,20251029_115314
1761735130.909653,5315643,1360804608,1360.804608,178,197,170,2,20251029_115314
1761735130.9196367,5315682,1360814592,1360.814592,182,197,170,2,20251029_115314
1761735130.9296207,5315721,1360824576,1360.824576,186,198,170,2,20251029_115314
1761735130.9396048,5315760,1360834560,1360.83456,190,197,169,2,20251029_115314
1761735130.9498448,5315800,1360844800,1360.8448,194,197,171,2,20251029_115314
1761735130.9598289,5315839,1360854784,1360.854784,198,197,171,2,20251029_115314
1761735130.9698129,5315878,1360864768,1360.864768,202,197,171,2,20251029_115314
1761735130.979797,5315917,1360874752,1360.874752,206,197,171,2,20251029_115314
1761735130.989781,5315956,1360884736,1360.884736,210,198,174,2,20251029_115314
1761735130.999765,5315995,1360894720,1360.89472,214,197,170,2,20251029_115314
1761735131.009749,5316034,1360904704,1360.904704,218,197,171,2,20251029_115314
1761735131.019733,5316073,1360914688,1360.914688,222,197,172,2,20251029_115314
1761735131.0297167,5316112,1360924672,1360.924672,225,197,172,2,20251029_115314
1761735131.0397007,5316151,1360934656,1360.934656,229,198,172,2,20251029_115314
1761735131.0496848,5316190,1360944640,1360.94464,232,198,172,2,20251029_115314
1761735131.0596688,5316229,1360954624,1360.954624,236,198,171,2,20251029_115314
1761735131.0696528,5316268,1360964608,1360.964608,239,198,172,2,20251029_115314
1761735131.0796368,5316307,1360974592,1360.974592,242,198,171,2,20251029_115314
1761735131.0896208,5316346,1360984576,1360.984576,245,198,172,2,20251029_115314
1761735131.099861,5316386,1360994816,1360.994816,248,199,172,2,20251029_115314
1761735131.109845,5316425,1361004800,1361.0048,251,198,172,2,20251029_115314
1761735131.119829,5316464,1361014784,1361.014784,254,198,172,2,20251029_115314
1761735131.129813,5316503,1361024768,1361.024768,2,198,172,2,20251029_115314
1761735131.1397967,5316542,1361034752,1361.034752,5,198,173,2,20251029_115314
1761735131.1497808,5316581,1361044736,1361.044736,8,198,172,2,20251029_115314
1761735131.1597648,5316620,1361054720,1361.05472,10,198,171,2,20251029_115314
1761735131.1700048,5316660,1361064960,1361.06496,13,198,171,2,20251029_115314
1761735131.1799889,5316699,1361074944,1361.074944,15,198,171,2,20251029_115314
1761735131.1899729,5316738,1361084928,1361.084928,18,198,171,2,20251029_115314
1761735131.199957,5316777,1361094912,1361.094912,20,198,172,2,20251029_115314
1761735131.209941,5316816,1361104896,1361.104896,23,198,171,2,20251029_115314
1761735131.219925,5316855,1361114880,1361.11488,25,198,173,2,20251029_115314
1761735131.229909,5316894,1361124864,1361.124864,28,199,171,2,20251029_115314
1761735131.239893,5316933,1361134848,1361.134848,30,198,170,2,20251029_115314
1761735131.2498767,5316972,1361144832,1361.144832,32,198,170,2,20251029_115314
1761735131.2598608,5317011,1361154816,1361.154816,35,198,168,2,20251029_115314
1761735131.2698448,5317050,1361164800,1361.1648,37,198,167,2,20251029_115314
1761735131.2798288,5317089,1361174784,1361.174784,40,198,163,2,20251029_115314
1761735131.2898128,5317128,1361184768,1361.184768,43,198,159,2,20251029_115314
1761735131.300053,5317168,1361195008,1361.195008,46,198,156,2,20251029_115314
1761735131.310037,5317207,1361204992,1361.204992,49,198,153,2,20251029_115314
1761735131.320021,5317246,1361214976,1361.214976,52,198,149,2,20251029_115314
1761735131.330005,5317285,1361224960,1361.22496,56,198,146,2,20251029_115314
1761735131.339989,5317324,1361234944,1361.234944,59,198,144,2,20251029_115314
1761735131.3499727,5317363,1361244928,1361.244928,63,198,140,2,20251029_115314
1761735131.3599567,5317402,1361254912,1361.254912,67,198,137,2,20251029_115314
1761735131.3699408,5317441,1361264896,1361.264896,71,198,135,2,20251029_115314
1761735131.3799248,5317480,1361274880,1361.27488,76,198,135,2,20251029_115314
1761735131.3899088,5317519,1361284864,1361.284864,80,198,135,2,20251029_115314
1761735131.3998928,5317558,1361294848,1361.294848,83,198,134,2,20251029_115314
1761735131.4098768,5317597,1361304832,1361.304832,87,198,135,2,20251029_115314
1761735131.4198608,5317636,1361314816,1361.314816,91,198,134,2,20251029_115314
1761735131.4298449,5317675,1361324800,1361.3248,95,197,134,2,20251029_115314
1761735131.4398289,5317714,1361334784,1361.334784,98,198,135,2,20251029_115314
1761735131.450069,5317754,1361345024,1361.345024,102,197,135,2,20251029_115314
1761735131.4600527,5317793,1361355008,1361.355008,105,197,134,2,20251029_115314
1761735131.4700367,5317832,1361364992,1361.364992,109,197,134,2,20251029_115314
1761735131.4800208,5317871,1361374976,1361.374976,112,197,134,2,20251029_115314
1761735131.4900048,5317910,1361384960,1361.38496,115,197,134,2,20251029_115314
1761735131.4999888,5317949,1361394944,1361.394944,118,197,135,2,20251029_115314
1761735131.5099728,5317988,1361404928,1361.404928,121,197,136,2,20251029_115314
1761735131.5199568,5318027,1361414912,1361.414912,124,197,136,2,20251029_115314
1761735131.5299408,5318066,1361424896,1361.424896,127,197,137,2,20251029_115314
1761735131.5399249,5318105,1361434880,1361.43488,130,197,138,2,20251029_115314
1761735131.5499089,5318144,1361444864,1361.444864,133,196,138,2,20251029_115314
1761735131.559893,5318183,1361454848,1361.454848,136,196,139,2,20251029_115314
1761735131.569877,5318222,1361464832,1361.464832,139,197,141,2,20251029_115314
1761735131.579861,5318261,1361474816,1361.474816,141,197,142,2,20251029_115314
1761735131.5901008,5318301,1361485056,1361.485056,144,197,144,2,20251029_115314
1761735131.6000848,5318340,1361495040,1361.49504,147,197,147,2,20251029_115314
1761735131.6100688,5318379,1361505024,1361.505024,150,197,150,2,20251029_115314
1761735131.6200528,5318418,1361515008,1361.515008,153,197,154,2,20251029_115314
1761735131.6300368,5318457,1361524992,1361.524992,157,197,159,2,20251029_115314
1761735131.6400208,5318496,1361534976,1361.534976,160,197,163,2,20251029_115314
1761735131.6500049,5318535,1361544960,1361.54496,164,197,165,2,20251029_115314
1761735131.6599889,5318574,1361554944,1361.554944,168,197,167,2,20251029_115314
1761735131.669973,5318613,1361564928,1361.564928,172,197,168,2,20251029_115314
1761735131.679957,5318652,1361574912,1361.574912,176,197,169,2,20251029_115314
1761735131.689941,5318691,1361584896,1361.584896,180,197,170,2,20251029_115314
1761735131.699925,5318730,1361594880,1361.59488,184,197,170,2,20251029_115314
1761735131.7099087,5318769,1361604864,1361.604864,188,197,169,2,20251029_115314
1761735131.7198927,5318808,1361614848,1361.614848,192,197,170,2,20251029_115314
1761735131.7301328,5318848,1361625088,1361.625088,196,197,170,2,20251029_115314
1761735131.7401168,5318887,1361635072,1361.635072,200,197,170,2,20251029_115314
1761735131.7501009,5318926,1361645056,1361.645056,204,197,170,2,20251029_115314
1761735131.7600849,5318965,1361655040,1361.65504,208,198,170,2,20251029_115314
1761735131.770069,5319004,1361665024,1361.665024,212,197,171,2,20251029_115314
1761735131.780053,5319043,1361675008,1361.675008,216,197,171,2,20251029_115314
1761735131.790037,5319082,1361684992,1361.684992,220,198,171,2,20251029_115314
1761735131.800021,5319121,1361694976,1361.694976,223,198,171,2,20251029_115314
1761735131.810005,5319160,1361704960,1361.70496,227,198,170,2,20251029_115314
1761735131.8199887,5319199,1361714944,1361.714944,230,198,171,2,20251029_115314
1761735131.8302288,5319239,1361725184,1361.725184,234,198,171,2,20251029_115314
1761735131.8402128,5319278,1361735168,1361.735168,237,198,171,2,20251029_115314
1761735131.8501968,5319317,1361745152,1361.745152,241,198,171,2,20251029_115314
1761735131.8601809,5319356,1361755136,1361.755136,244,198,172,2,20251029_115314
1761735131.8701649,5319395,1361765120,1361.76512,247,198,171,2,20251029_115314
1761735131.880149,5319434,1361775104,1361.775104,250,198,172,2,20251029_115314
1761735131.8903887,5319474,1361785344,1361.785344,253,198,172,2,20251029_115314
1761735131.9003727,5319513,1361795328,1361.795328,1,198,171,2,20251029_115314
1761735131.9103568,5319552,1361805312,1361.805312,3,198,172,2,20251029_115314
1761735131.9203408,5319591,1361815296,1361.815296,6,199,171,2,20251029_115314
1761735131.9303248,5319630,1361825280,1361.82528,9,199,171,2,20251029_115314
1761735131.9403088,5319669,1361835264,1361.835264,12,198,172,2,20251029_115314
1761735131.9502928,5319708,1361845248,1361.845248,14,198,171,2,20251029_115314
1761735131.960533,5319748,1361855488,1361.855488,17,198,171,2,20251029_115314
1761735131.970517,5319787,1361865472,1361.865472,19,199,172,2,20251029_115314
1761735131.980501,5319826,1361875456,1361.875456,22,198,171,2,20251029_115314
1761735131.990485,5319865,1361885440,1361.88544,24,198,172,2,20251029_115314
1761735132.0004687,5319904,1361895424,1361.895424,26,198,171,2,20251029_115314
1761735132.0104527,5319943,1361905408,1361.905408,29,198,171,2,20251029_115314
1761735132.0204368,5319982,1361915392,1361.915392,31,198,171,2,20251029_115314
1761735132.0306768,5320022,1361925632,1361.925632,33,198,170,2,20251029_115314
1761735132.0406609,5320061,1361935616,1361.935616,36,198,170,2,20251029_115314
1761735132.0506449,5320100,1361945600,1361.9456,38,198,169,2,20251029_115314
1761735132.060629,5320139,1361955584,1361.955584,40,198,168,2,20251029_115314
1761735132.070613,5320178,1361965568,1361.965568,43,198,165,2,20251029_115314
1761735132.080597,5320217,1361975552,1361.975552,46,198,162,2,20251029_115314
1761735132.0908368,5320257,1361985792,1361.985792,49,198,157,2,20251029_115314
1761735132.1008208,5320296,1361995776,1361.995776,52,198,154,2,20251029_115314
1761735132.1108048,5320335,1362005760,1362.00576,55,198,151,2,20251029_115314
1761735132.1207888,5320374,1362015744,1362.015744,58,198,149,2,20251029_115314
1761735132.1307728,5320413,1362025728,1362.025728,62,198,145,2,20251029_115314
1761735132.1407568,5320452,1362035712,1362.035712,66,198,142,2,20251029_115314
1761735132.1507409,5320491,1362045696,1362.045696,70,198,138,2,20251029_115314
1761735132.1607249,5320530,1362055680,1362.05568,74,199,136,2,20251029_115314
1761735132.170709,5320569,1362065664,1362.065664,78,198,135,2,20251029_115314
1761735132.180693,5320608,1362075648,1362.075648,82,198,135,2,20251029_115314
1761735132.190677,5320647,1362085632,1362.085632,85,198,135,2,20251029_115314
1761735132.200661,5320686,1362095616,1362.095616,89,198,135,2,20251029_115314
1761735132.210645,5320725,1362105600,1362.1056,93,197,135,2,20251029_115314
1761735132.2208848,5320765,1362115840,1362.11584,97,198,135,2,20251029_115314
1761735132.2308688,5320804,1362125824,1362.125824,100,197,135,2,20251029_115314
1761735132.2408528,5320843,1362135808,1362.135808,104,197,135,2,20251029_115314
1761735132.2508368,5320882,1362145792,1362.145792,107,197,135,2,20251029_115314
1761735132.2608209,5320921,1362155776,1362.155776,110,197,134,2,20251029_115314
1761735132.270805,5320960,1362165760,1362.16576,114,197,135,2,20251029_115314
1761735132.280789,5320999,1362175744,1362.175744,117,197,135,2,20251029_115314
1761735132.290773,5321038,1362185728,1362.185728,120,197,136,2,20251029_115314
1761735132.300757,5321077,1362195712,1362.195712,123,196,135,2,20251029_115314
1761735132.310741,5321116,1362205696,1362.205696,126,197,134,2,20251029_115314
1761735132.3207247,5321155,1362215680,1362.21568,129,196,136,2,20251029_115314
1761735132.3307087,5321194,1362225664,1362.225664,131,197,136,2,20251029_115314
1761735132.3406928,5321233,1362235648,1362.235648,134,196,136,2,20251029_115314
1761735132.3506768,5321272,1362245632,1362.245632,137,197,136,2,20251029_115314
1761735132.3609169,5321312,1362255872,1362.255872,140,197,137,2,20251029_115314
1761735132.3709009,5321351,1362265856,1362.265856,142,197,138,2,20251029_115314
1761735132.380885,5321390,1362275840,1362.27584,145,196,138,2,20251029_115314
1761735132.390869,5321429,1362285824,1362.285824,147,197,139,2,20251029_115314
1761735132.400853,5321468,1362295808,1362.295808,150,197,139,2,20251029_115314
1761735132.410837,5321507,1362305792,1362.305792,153,197,140,2,20251029_115314
1761735132.420821,5321546,1362315776,1362.315776,155,197,141,2,20251029_115314
1761735132.4308047,5321585,1362325760,1362.32576,158,197,142,2,20251029_115314
1761735132.4407887,5321624,1362335744,1362.335744,161,197,144,2,20251029_115314
1761735132.4507728,5321663,1362345728,1362.345728,163,197,145,2,20251029_115314
1761735132.4607568,5321702,1362355712,1362.355712,166,197,146,2,20251029_115314
1761735132.4707408,5321741,1362365696,1362.365696,169,197,150,2,20251029_115314
1761735132.4807248,5321780,1362375680,1362.37568,172,197,152,2,20251029_115314
1761735132.4907088,5321819,1362385664,1362.385664,175,197,154,2,20251029_115314
1761735132.5006928,5321858,1362395648,1362.395648,179,198,157,2,20251029_115314
1761735132.510933,5321898,1362405888,1362.405888,182,198,160,2,20251029_115314
1761735132.520917,5321937,1362415872,1362.415872,186,197,164,2,20251029_115314
1761735132.530901,5321976,1362425856,1362.425856,190,198,165,2,20251029_115314
1761735132.5408847,5322015,1362435840,1362.43584,194,198,167,2,20251029_115314
1761735132.5508687,5322054,1362445824,1362.445824,198,197,167,2,20251029_115314
1761735132.5608528,5322093,1362455808,1362.455808,201,197,168,2,20251029_115314
1761735132.5708368,5322132,1362465792,1362.465792,205,198,170,2,20251029_115314
1761735132.5808208,5322171,1362475776,1362.475776,209,198,171,2,20251029_115314
1761735132.5908048,5322210,1362485760,1362.48576,213,198,170,2,20251029_115314
1761735132.6007888,5322249,1362495744,1362.495744,217,198,170,2,20251029_115314
1761735132.6107728,5322288,1362505728,1362.505728,220,198,171,2,20251029_115314
1761735132.6207569,5322327,1362515712,1362.515712,224,198,169,2,20251029_115314
1761735132.630741,5322366,1362525696,1362.525696,228,198,170,2,20251029_115314
1761735132.640725,5322405,1362535680,1362.53568,231,198,170,2,20251029_115314
1761735132.6509647,5322445,1362545920,1362.54592,235,198,171,2,20251029_115314
1761735132.6609488,5322484,1362555904,1362.555904,238,198,172,2,20251029_115314
1761735132.6709328,5322523,1362565888,1362.565888,241,198,171,2,20251029_115314
1761735132.6809168,5322562,1362575872,1362.575872,244,198,171,2,20251029_115314
1761735132.6909008,5322601,1362585856,1362.585856,247,199,171,2,20251029_115314
1761735132.7008848,5322640,1362595840,1362.59584,250,198,171,2,20251029_115314
1761735132.7108688,5322679,1362605824,1362.605824,253,198,171,2,20251029_115314
1761735132.7208529,5322718,1362615808,1362.615808,1,198,171,2,20251029_115314
1761735132.7308369,5322757,1362625792,1362.625792,4,199,171,2,20251029_115314
1761735132.740821,5322796,1362635776,1362.635776,7,198,171,2,20251029_115314
1761735132.7510607,5322836,1362646016,1362.646016,9,199,171,2,20251029_115314
1761735132.7610447,5322875,1362656000,1362.656,12,199,170,2,20251029_115314
1761735132.7710288,5322914,1362665984,1362.665984,15,199,171,2,20251029_115314
1761735132.7810128,5322953,1362675968,1362.675968,17,199,171,2,20251029_115314
1761735132.7909968,5322992,1362685952,1362.685952,20,199,171,2,20251029_115314
1761735132.8009808,5323031,1362695936,1362.695936,22,199,171,2,20251029_115314
1761735132.8109648,5323070,1362705920,1362.70592,25,199,171,2,20251029_115314
1761735132.8209488,5323109,1362715904,1362.715904,27,198,171,2,20251029_115314
1761735132.8309329,5323148,1362725888,1362.725888,29,199,170,2,20251029_115314
1761735132.8409169,5323187,1362735872,1362.735872,32,198,170,2,20251029_115314
1761735132.850901,5323226,1362745856,1362.745856,34,199,169,2,20251029_115314
1761735132.8611407,5323266,1362756096,1362.756096,36,199,169,2,20251029_115314
1761735132.8711247,5323305,1362766080,1362.76608,39,199,167,2,20251029_115314
1761735132.8811088,5323344,1362776064,1362.776064,41,199,166,2,20251029_115314
1761735132.8910928,5323383,1362786048,1362.786048,44,198,163,2,20251029_115314
1761735132.9010768,5323422,1362796032,1362.796032,47,198,162,2,20251029_115314
1761735132.9110608,5323461,1362806016,1362.806016,49,198,159,2,20251029_115314
1761735132.9210448,5323500,1362816000,1362.816,52,199,156,2,20251029_115314
1761735132.9310288,5323539,1362825984,1362.825984,55,198,154,2,20251029_115314
1761735132.9410129,5323578,1362835968,1362.835968,59,198,152,2,20251029_115314
1761735132.9509969,5323617,1362845952,1362.845952,62,198,150,2,20251029_115314
1761735132.960981,5323656,1362855936,1362.855936,65,198,148,2,20251029_115314
1761735132.970965,5323695,1362865920,1362.86592,69,198,146,2,20251029_115314
1761735132.980949,5323734,1362875904,1362.875904,72,198,144,2,20251029_115314
1761735132.990933,5323773,1362885888,1362.885888,76,198,142,2,20251029_115314
1761735133.0011728,5323813,1362896128,1362.896128,80,198,142,2,20251029_115314
1761735133.0111568,5323852,1362906112,1362.906112,83,198,139,2,20251029_115314
1761735133.0211408,5323891,1362916096,1362.916096,87,198,137,2,20251029_115314
1761735133.0311248,5323930,1362926080,1362.92608,91,198,135,2,20251029_115314
1761735133.0411088,5323969,1362936064,1362.936064,95,198,135,2,20251029_115314
1761735133.0510929,5324008,1362946048,1362.946048,98,198,135,2,20251029_115314
1761735133.0610769,5324047,1362956032,1362.956032,102,197,136,2,20251029_115314
1761735133.071061,5324086,1362966016,1362.966016,105,197,136,2,20251029_115314
1761735133.081045,5324125,1362976000,1362.976,109,197,136,2,20251029_115314
1761735133.091029,5324164,1362985984,1362.985984,112,198,136,2,20251029_115314
1761735133.101013,5324203,1362995968,1362.995968,115,197,137,2,20251029_115314
1761735133.1109967,5324242,1363005952,1363.005952,118,197,137,2,20251029_115314
1761735133.1209807,5324281,1363015936,1363.015936,121,197,138,2,20251029_115314
1761735133.1309648,5324320,1363025920,1363.02592,124,197,139,2,20251029_115314
1761735133.1409488,5324359,1363035904,1363.035904,127,197,140,2,20251029_115314
1761735133.1511889,5324399,1363046144,1363.046144,130,197,141,2,20251029_115314
1761735133.1611729,5324438,1363056128,1363.056128,133,197,142,2,20251029_115314
1761735133.171157,5324477,1363066112,1363.066112,136,197,143,2,20251029_115314
1761735133.181141,5324516,1363076096,1363.076096,139,197,145,2,20251029_115314
1761735133.191125,5324555,1363086080,1363.08608,142,197,148,2,20251029_115314
1761735133.201109,5324594,1363096064,1363.096064,145,197,150,2,20251029_115314
1761735133.211093,5324633,1363106048,1363.106048,148,197,153,2,20251029_115314
1761735133.2210767,5324672,1363116032,1363.116032,151,197,156,2,20251029_115314
1761735133.2310607,5324711,1363126016,1363.126016,155,197,160,2,20251029_115314
1761735133.2410448,5324750,1363136000,1363.136,158,197,163,2,20251029_115314
1761735133.2510288,5324789,1363145984,1363.145984,162,197,165,2,20251029_115314
1761735133.2610128,5324828,1363155968,1363.155968,166,197,165,2,20251029_115314
1761735133.2709968,5324867,1363165952,1363.165952,170,197,167,2,20251029_115314
1761735133.2809808,5324906,1363175936,1363.175936,174,197,168,2,20251029_115314
1761735133.291221,5324946,1363186176,1363.186176,178,197,169,2,20251029_115314
1761735133.301205,5324985,1363196160,1363.19616,182,197,171,2,20251029_115314
1761735133.311189,5325024,1363206144,1363.206144,186,198,170,2,20251029_115314
1761735133.321173,5325063,1363216128,1363.216128,190,197,170,2,20251029_115314
1761735133.3311567,5325102,1363226112,1363.226112,195,197,170,2,20251029_115314
1761735133.3411407,5325141,1363236096,1363.236096,199,197,171,2,20251029_115314
1761735133.3511248,5325180,1363246080,1363.24608,203,197,170,2,20251029_115314
1761735133.3611088,5325219,1363256064,1363.256064,207,197,171,2,20251029_115314
1761735133.3710928,5325258,1363266048,1363.266048,210,197,171,2,20251029_115314
1761735133.3810768,5325297,1363276032,1363.276032,214,198,172,2,20251029_115314
1761735133.3910608,5325336,1363286016,1363.286016,218,197,171,2,20251029_115314
1761735133.4010448,5325375,1363296000,1363.296,222,198,173,2,20251029_115314
1761735133.4110289,5325414,1363305984,1363.305984,225,198,172,2,20251029_115314
1761735133.4210129,5325453,1363315968,1363.315968,229,198,171,2,20251029_115314
1761735133.431253,5325493,1363326208,1363.326208,232,198,171,2,20251029_115314
1761735133.4412367,5325532,1363336192,1363.336192,236,198,171,2,20251029_115314
1761735133.4512208,5325571,1363346176,1363.346176,239,198,171,2,20251029_115314
1761735133.4612048,5325610,1363356160,1363.35616,242,198,171,2,20251029_115314
1761735133.4711888,5325649,1363366144,1363.366144,245,198,171,2,20251029_115314
1761735133.4811728,5325688,1363376128,1363.376128,248,198,171,2,20251029_115314
1761735133.4911568,5325727,1363386112,1363.386112,251,198,172,2,20251029_115314
1761735133.5011408,5325766,1363396096,1363.396096,254,198,171,2,20251029_115314
1761735133.5111248,5325805,1363406080,1363.40608,2,199,171,2,20251029_115314
1761735133.5211089,5325844,1363416064,1363.416064,5,198,171,2,20251029_115314
1761735133.531093,5325883,1363426048,1363.426048,8,198,171,2,20251029_115314
1761735133.541077,5325922,1363436032,1363.436032,10,198,171,2,20251029_115314
1761735133.551061,5325961,1363446016,1363.446016,13,198,171,2,20251029_115314
1761735133.561045,5326000,1363456000,1363.456,15,199,171,2,20251029_115314
1761735133.5712848,5326040,1363466240,1363.46624,18,198,171,2,20251029_115314
1761735133.5812688,5326079,1363476224,1363.476224,20,199,171,2,20251029_115314
1761735133.5912528,5326118,1363486208,1363.486208,23,199,170,2,20251029_115314
1761735133.6012368,5326157,1363496192,1363.496192,25,198,170,2,20251029_115314
1761735133.6112208,5326196,1363506176,1363.506176,28,198,170,2,20251029_115314
1761735133.6212049,5326235,1363516160,1363.51616,30,198,169,2,20251029_115314
1761735133.6311889,5326274,1363526144,1363.526144,33,198,168,2,20251029_115314
1761735133.641173,5326313,1363536128,1363.536128,35,199,164,2,20251029_115314
1761735133.651157,5326352,1363546112,1363.546112,38,198,160,2,20251029_115314
1761735133.661141,5326391,1363556096,1363.556096,41,198,157,2,20251029_115314
1761735133.671125,5326430,1363566080,1363.56608,44,198,154,2,20251029_115314
1761735133.681109,5326469,1363576064,1363.576064,47,199,151,2,20251029_115314
1761735133.6910927,5326508,1363586048,1363.586048,51,199,147,2,20251029_115314
1761735133.7010767,5326547,1363596032,1363.596032,54,198,144,2,20251029_115314
1761735133.7110608,5326586,1363606016,1363.606016,58,198,141,2,20251029_115314
1761735133.7213008,5326626,1363616256,1363.616256,62,198,138,2,20251029_115314
1761735133.7312849,5326665,1363626240,1363.62624,66,198,135,2,20251029_115314
1761735133.7412689,5326704,1363636224,1363.636224,70,198,135,2,20251029_115314
1761735133.751253,5326743,1363646208,1363.646208,74,198,135,2,20251029_115314
1761735133.761237,5326782,1363656192,1363.656192,78,198,136,2,20251029_115314
1761735133.771221,5326821,1363666176,1363.666176,82,198,136,2,20251029_115314
1761735133.781205,5326860,1363676160,1363.67616,86,198,135,2,20251029_115314
1761735133.791189,5326899,1363686144,1363.686144,90,198,135,2,20251029_115314
1761735133.8011727,5326938,1363696128,1363.696128,94,198,135,2,20251029_115314
1761735133.8111567,5326977,1363706112,1363.706112,97,198,136,2,20251029_115314
1761735133.8211408,5327016,1363716096,1363.716096,101,198,134,2,20251029_115314
1761735133.8311248,5327055,1363726080,1363.72608,104,197,135,2,20251029_115314
1761735133.8411088,5327094,1363736064,1363.736064,108,198,134,2,20251029_115314
1761735133.8510928,5327133,1363746048,1363.746048,111,197,135,2,20251029_115314
1761735133.8610768,5327172,1363756032,1363.756032,114,197,135,2,20251029_115314
1761735133.871317,5327212,1363766272,1363.766272,117,197,135,2,20251029_115314
1761735133.881301,5327251,1363776256,1363.776256,120,197,136,2,20251029_115314
1761735133.891285,5327290,1363786240,1363.78624,123,197,137,2,20251029_115314
1761735133.901269,5327329,1363796224,1363.796224,126,197,138,2,20251029_115314
1761735133.9112527,5327368,1363806208,1363.806208,129,197,139,2,20251029_115314
1761735133.9212368,5327407,1363816192,1363.816192,132,197,141,2,20251029_115314
1761735133.9312208,5327446,1363826176,1363.826176,135,197,143,2,20251029_115314
1761735133.9412048,5327485,1363836160,1363.83616,138,197,145,2,20251029_115314
1761735133.9511888,5327524,1363846144,1363.846144,141,197,148,2,20251029_115314
1761735133.9611728,5327563,1363856128,1363.856128,144,197,154,2,20251029_115314
1761735133.9711568,5327602,1363866112,1363.866112,147,197,158,2,20251029_115314
1761735133.9811409,5327641,1363876096,1363.876096,151,197,162,2,20251029_115314
1761735133.9911249,5327680,1363886080,1363.88608,155,197,165,2,20251029_115314
1761735134.001109,5327719,1363896064,1363.896064,158,197,166,2,20251029_115314
1761735134.0113487,5327759,1363906304,1363.906304,162,197,169,2,20251029_115314
1761735134.0213327,5327798,1363916288,1363.916288,166,197,169,2,20251029_115314
1761735134.0313168,5327837,1363926272,1363.926272,170,197,170,2,20251029_115314
1761735134.0413008,5327876,1363936256,1363.936256,175,198,170,2,20251029_115314
1761735134.0512848,5327915,1363946240,1363.94624,179,198,170,2,20251029_115314
1761735134.0612688,5327954,1363956224,1363.956224,183,197,170,2,20251029_115314
1761735134.0712528,5327993,1363966208,1363.966208,187,198,171,2,20251029_115314
1761735134.0812368,5328032,1363976192,1363.976192,191,197,170,2,20251029_115314
1761735134.0912209,5328071,1363986176,1363.986176,195,197,171,2,20251029_115314
1761735134.1012049,5328110,1363996160,1363.99616,199,198,170,2,20251029_115314
1761735134.111189,5328149,1364006144,1364.006144,203,197,171,2,20251029_115314
1761735134.121173,5328188,1364016128,1364.016128,207,197,171,2,20251029_115314
1761735134.131157,5328227,1364026112,1364.026112,211,197,171,2,20251029_115314
1761735134.141141,5328266,1364036096,1364.036096,215,197,171,2,20251029_115314
1761735134.1513808,5328306,1364046336,1364.046336,219,198,171,2,20251029_115314
1761735134.1613648,5328345,1364056320,1364.05632,223,198,171,2,20251029_115314
1761735134.1713488,5328384,1364066304,1364.066304,226,198,172,2,20251029_115314
1761735134.1813328,5328423,1364076288,1364.076288,230,199,171,2,20251029_115314
1761735134.1913168,5328462,1364086272,1364.086272,233,198,171,2,20251029_115314
1761735134.2013009,5328501,1364096256,1364.096256,236,198,171,2,20251029_115314
1761735134.2112849,5328540,1364106240,1364.10624,240,198,171,2,20251029_115314
1761735134.221269,5328579,1364116224,1364.116224,243,198,172,2,20251029_115314
1761735134.231253,5328618,1364126208,1364.126208,246,198,171,2,20251029_115314
1761735134.241237,5328657,1364136192,1364.136192,249,198,172,2,20251029_115314
1761735134.251221,5328696,1364146176,1364.146176,252,199,172,2,20251029_115314
1761735134.261205,5328735,1364156160,1364.15616,0,198,171,2,20251029_115314
1761735134.2711887,5328774,1364166144,1364.166144,3,198,172,2,20251029_115314
1761735134.2811728,5328813,1364176128,1364.176128,6,198,172,2,20251029_115314
1761735134.2914128,5328853,1364186368,1364.186368,8,198,171,2,20251029_115314
1761735134.3013968,5328892,1364196352,1364.196352,11,198,171,2,20251029_115314
1761735134.3113809,5328931,1364206336,1364.206336,13,199,171,2,20251029_115314
1761735134.3213649,5328970,1364216320,1364.21632,16,198,171,2,20251029_115314
1761735134.331349,5329009,1364226304,1364.226304,18,199,172,2,20251029_115314
1761735134.341333,5329048,1364236288,1364.236288,21,198,171,2,20251029_115314
1761735134.351317,5329087,1364246272,1364.246272,23,198,171,2,20251029_115314
1761735134.361301,5329126,1364256256,1364.256256,26,198,171,2,20251029_115314
1761735134.3712847,5329165,1364266240,1364.26624,28,198,171,2,20251029_115314
1761735134.3812687,5329204,1364276224,1364.276224,30,198,170,2,20251029_115314
1761735134.3912528,5329243,1364286208,1364.286208,33,198,171,2,20251029_115314
1761735134.4012368,5329282,1364296192,1364.296192,35,198,170,2,20251029_115314
1761735134.4112208,5329321,1364306176,1364.306176,37,198,168,2,20251029_115314
1761735134.4212048,5329360,1364316160,1364.31616,40,199,166,2,20251029_115314
1761735134.4311888,5329399,1364326144,1364.326144,42,198,163,2,20251029_115314
1761735134.441429,5329439,1364336384,1364.336384,45,199,160,2,20251029_115314
1761735134.451413,5329478,1364346368,1364.346368,48,198,157,2,20251029_115314
1761735134.461397,5329517,1364356352,1364.356352,51,198,153,2,20251029_115314
1761735134.471381,5329556,1364366336,1364.366336,55,198,150,2,20251029_115314
1761735134.4813647,5329595,1364376320,1364.37632,58,198,147,2,20251029_115314
1761735134.4913487,5329634,1364386304,1364.386304,62,198,144,2,20251029_115314
1761735134.5013328,5329673,1364396288,1364.396288,65,198,140,2,20251029_115314
1761735134.5113168,5329712,1364406272,1364.406272,69,198,138,2,20251029_115314
1761735134.5213008,5329751,1364416256,1364.416256,74,198,136,2,20251029_115314
1761735134.5312848,5329790,1364426240,1364.42624,78,198,136,2,20251029_115314
1761735134.5412688,5329829,1364436224,1364.436224,81,198,135,2,20251029_115314
1761735134.5512528,5329868,1364446208,1364.446208,85,198,136,2,20251029_115314
1761735134.5612369,5329907,1364456192,1364.456192,89,198,135,2,20251029_115314
1761735134.5712209,5329946,1364466176,1364.466176,93,197,135,2,20251029_115314
1761735134.581461,5329986,1364476416,1364.476416,97,198,135,2,20251029_115314
1761735134.5914447,5330025,1364486400,1364.4864,100,198,135,2,20251029_115314
1761735134.6014287,5330064,1364496384,1364.496384,104,197,134,2,20251029_115314
1761735134.6114128,5330103,1364506368,1364.506368,107,198,134,2,20251029_115314
1761735134.6213968,5330142,1364516352,1364.516352,110,197,135,2,20251029_115314
1761735134.6313808,5330181,1364526336,1364.526336,114,197,135,2,20251029_115314
1761735134.6413648,5330220,1364536320,1364.53632,117,197,136,2,20251029_115314
1761735134.6513488,5330259,1364546304,1364.546304,120,197,135,2,20251029_115314
1761735134.6613328,5330298,1364556288,1364.556288,123,197,135,2,20251029_115314
1761735134.6713169,5330337,1364566272,1364.566272,126,197,135,2,20251029_115314
1761735134.6813009,5330376,1364576256,1364.576256,129,197,135,2,20251029_115314
1761735134.691285,5330415,1364586240,1364.58624,131,197,135,2,20251029_115314
1761735134.701269,5330454,1364596224,1364.596224,134,197,135,2,20251029_115314
1761735134.711253,5330493,1364606208,1364.606208,137,197,135,2,20251029_115314
1761735134.7214928,5330533,1364616448,1364.616448,140,197,136,2,20251029_115314
1761735134.7314768,5330572,1364626432,1364.626432,142,197,136,2,20251029_115314
1761735134.7414608,5330611,1364636416,1364.636416,145,197,137,2,20251029_115314
1761735134.7514448,5330650,1364646400,1364.6464,147,197,138,2,20251029_115314
1761735134.7614288,5330689,1364656384,1364.656384,150,197,138,2,20251029_115314
1761735134.7714128,5330728,1364666368,1364.666368,152,197,138,2,20251029_115314
1761735134.7813969,5330767,1364676352,1364.676352,155,197,138,2,20251029_115314
1761735134.791381,5330806,1364686336,1364.686336,157,197,140,2,20251029_115314
1761735134.801365,5330845,1364696320,1364.69632,160,197,141,2,20251029_115314
1761735134.811349,5330884,1364706304,1364.706304,163,197,142,2,20251029_115314
1761735134.821333,5330923,1364716288,1364.716288,165,197,143,2,20251029_115314
1761735134.831317,5330962,1364726272,1364.726272,168,197,145,2,20251029_115314
1761735134.8413007,5331001,1364736256,1364.736256,171,197,147,2,20251029_115314
1761735134.8512847,5331040,1364746240,1364.74624,174,197,149,2,20251029_115314
1761735134.8612688,5331079,1364756224,1364.756224,177,198,151,2,20251029_115314
1761735134.8715088,5331119,1364766464,1364.766464,180,198,154,2,20251029_115314
1761735134.8814929,5331158,1364776448,1364.776448,183,198,158,2,20251029_115314
1761735134.8914769,5331197,1364786432,1364.786432,187,198,161,2,20251029_115314
1761735134.901461,5331236,1364796416,1364.796416,190,198,164,2,20251029_115314
1761735134.911445,5331275,1364806400,1364.8064,194,198,166,2,20251029_115314
1761735134.921429,5331314,1364816384,1364.816384,198,198,166,2,20251029_115314
1761735134.931413,5331353,1364826368,1364.826368,202,198,168,2,20251029_115314
1761735134.941397,5331392,1364836352,1364.836352,206,198,168,2,20251029_115314
1761735134.9513807,5331431,1364846336,1364.846336,210,198,169,2,20251029_115314
1761735134.9613647,5331470,1364856320,1364.85632,214,198,170,2,20251029_115314
1761735134.9713488,5331509,1364866304,1364.866304,217,198,170,2,20251029_115314
1761735134.9813328,5331548,1364876288,1364.876288,221,198,170,2,20251029_115314
1761735134.9913168,5331587,1364886272,1364.886272,225,198,170,2,20251029_115314
1761735135.0013008,5331626,1364896256,1364.896256,228,198,170,2,20251029_115314
1761735135.011541,5331666,1364906496,1364.906496,232,198,170,2,20251029_115314
1761735135.021525,5331705,1364916480,1364.91648,235,198,170,2,20251029_115314
1761735135.031509,5331744,1364926464,1364.926464,238,198,171,2,20251029_115314
1761735135.041493,5331783,1364936448,1364.936448,241,198,170,2,20251029_115314
1761735135.051477,5331822,1364946432,1364.946432,245,198,172,2,20251029_115314
1761735135.0614607,5331861,1364956416,1364.956416,248,198,171,2,20251029_115314
1761735135.0714447,5331900,1364966400,1364.9664,251,199,171,2,20251029_115314
1761735135.0814288,5331939,1364976384,1364.976384,254,199,171,2,20251029_115314
1761735135.0914128,5331978,1364986368,1364.986368,2,199,171,2,20251029_115314
1761735135.1013968,5332017,1364996352,1364.996352,4,199,171,2,20251029_115314
1761735135.1113808,5332056,1365006336,1365.006336,7,199,171,2,20251029_115314
1761735135.1213648,5332095,1365016320,1365.01632,10,199,171,2,20251029_115314
1761735135.1313488,5332134,1365026304,1365.026304,12,199,171,2,20251029_115314
1761735135.1413329,5332173,1365036288,1365.036288,15,199,172,2,20251029_115314
1761735135.151317,5332212,1365046272,1365.046272,17,199,171,2,20251029_115314
1761735135.161557,5332252,1365056512,1365.056512,20,199,172,2,20251029_115314
1761735135.1715407,5332291,1365066496,1365.066496,22,199,171,2,20251029_115314
1761735135.1815248,5332330,1365076480,1365.07648,25,199,171,2,20251029_115314
1761735135.1915088,5332369,1365086464,1365.086464,27,199,171,2,20251029_115314
1761735135.2014928,5332408,1365096448,1365.096448,29,199,171,2,20251029_115314
1761735135.2114768,5332447,1365106432,1365.106432,32,198,170,2,20251029_115314
1761735135.2214608,5332486,1365116416,1365.116416,34,198,171,2,20251029_115314
1761735135.2314448,5332525,1365126400,1365.1264,36,199,170,2,20251029_115314
1761735135.2414289,5332564,1365136384,1365.136384,39,199,169,2,20251029_115314
1761735135.2514129,5332603,1365146368,1365.146368,41,199,170,2,20251029_115314
1761735135.261397,5332642,1365156352,1365.156352,43,199,169,2,20251029_115314
1761735135.271381,5332681,1365166336,1365.166336,46,199,169,2,20251029_115314
1761735135.281365,5332720,1365176320,1365.17632,48,198,168,2,20251029_115314
1761735135.291349,5332759,1365186304,1365.186304,50,198,167,2,20251029_115314
1761735135.3015888,5332799,1365196544,1365.196544,53,200,167,2,20251029_115314
1761735135.3115728,5332838,1365206528,1365.206528,55,198,166,2,20251029_115314
1761735135.3215568,5332877,1365216512,1365.216512,58,199,164,2,20251029_115314
1761735135.3315408,5332916,1365226496,1365.226496,60,198,163,2,20251029_115314
1761735135.3415248,5332955,1365236480,1365.23648,63,198,162,2,20251029_115314
1761735135.3515089,5332994,1365246464,1365.246464,66,198,161,2,20251029_115314
1761735135.3614929,5333033,1365256448,1365.256448,69,198,159,2,20251029_115314
1761735135.371477,5333072,1365266432,1365.266432,71,198,158,2,20251029_115314
1761735135.381461,5333111,1365276416,1365.276416,74,198,156,2,20251029_115314
1761735135.391445,5333150,1365286400,1365.2864,78,198,155,2,20251029_115314
1761735135.401429,5333189,1365296384,1365.296384,81,198,154,2,20251029_115314
1761735135.411413,5333228,1365306368,1365.306368,84,198,152,2,20251029_115314
1761735135.4213967,5333267,1365316352,1365.316352,87,198,151,2,20251029_115314
1761735135.4313807,5333306,1365326336,1365.326336,90,198,149,2,20251029_115314
1761735135.4416208,5333346,1365336576,1365.336576,94,198,147,2,20251029_115314
1761735135.4516048,5333385,1365346560,1365.34656,97,197,147,2,20251029_115314
1761735135.4615889,5333424,1365356544,1365.356544,100,197,146,2,20251029_115314
1761735135.4715729,5333463,1365366528,1365.366528,104,197,144,2,20251029_115314
1761735135.481557,5333502,1365376512,1365.376512,107,197,143,2,20251029_115314
1761735135.491541,5333541,1365386496,1365.386496,110,198,142,2,20251029_115314
1761735135.501525,5333580,1365396480,1365.39648,114,197,141,2,20251029_115314
1761735135.511509,5333619,1365406464,1365.406464,117,197,141,2,20251029_115314
1761735135.521493,5333658,1365416448,1365.416448,120,197,141,2,20251029_115314
1761735135.5314767,5333697,1365426432,1365.426432,123,197,141,2,20251029_115314
1761735135.5414608,5333736,1365436416,1365.436416,126,197,140,2,20251029_115314
1761735135.5514448,5333775,1365446400,1365.4464,129,197,141,2,20251029_115314
1761735135.5614288,5333814,1365456384,1365.456384,132,197,141,2,20251029_115314
1761735135.5714128,5333853,1365466368,1365.466368,135,197,141,2,20251029_115314
1761735135.5813968,5333892,1365476352,1365.476352,137,197,142,2,20251029_115314
1761735135.591637,5333932,1365486592,1365.486592,140,197,144,2,20251029_115314
1761735135.601621,5333971,1365496576,1365.496576,143,197,143,2,20251029_115314
1761735135.611605,5334010,1365506560,1365.50656,146,197,144,2,20251029_115314
1761735135.621589,5334049,1365516544,1365.516544,149,197,146,2,20251029_115314
1761735135.6315727,5334088,1365526528,1365.526528,152,197,146,2,20251029_115314
1761735135.6415567,5334127,1365536512,1365.536512,155,197,147,2,20251029_115314
1761735135.6515408,5334166,1365546496,1365.546496,157,197,148,2,20251029_115314
1761735135.6615248,5334205,1365556480,1365.55648,160,197,150,2,20251029_115314
1761735135.6715088,5334244,1365566464,1365.566464,164,197,153,2,20251029_115314
1761735135.6814928,5334283,1365576448,1365.576448,167,197,155,2,20251029_115314
1761735135.6914768,5334322,1365586432,1365.586432,170,197,159,2,20251029_115314
1761735135.7014608,5334361,1365596416,1365.596416,174,197,163,2,20251029_115314
1761735135.7114449,5334400,1365606400,1365.6064,178,197,165,2,20251029_115314
1761735135.7214289,5334439,1365616384,1365.616384,182,198,167,2,20251029_115314
1761735135.731669,5334479,1365626624,1365.626624,186,197,167,2,20251029_115314
1761735135.7416527,5334518,1365636608,1365.636608,190,198,168,2,20251029_115314
1761735135.7516367,5334557,1365646592,1365.646592,194,198,169,2,20251029_115314
1761735135.7616208,5334596,1365656576,1365.656576,198,197,171,2,20251029_115314
1761735135.7716048,5334635,1365666560,1365.66656,202,197,170,2,20251029_115314
1761735135.7815888,5334674,1365676544,1365.676544,206,198,170,2,20251029_115314
1761735135.7915728,5334713,1365686528,1365.686528,210,198,170,2,20251029_115314
1761735135.8015568,5334752,1365696512,1365.696512,213,198,170,2,20251029_115314
1761735135.8115408,5334791,1365706496,1365.706496,217,198,170,2,20251029_115314
1761735135.8215249,5334830,1365716480,1365.71648,221,198,172,2,20251029_115314
1761735135.8315089,5334869,1365726464,1365.726464,224,198,171,2,20251029_115314
1761735135.841493,5334908,1365736448,1365.736448,228,198,171,2,20251029_115314
1761735135.851477,5334947,1365746432,1365.746432,232,198,172,2,20251029_115314
1761735135.861461,5334986,1365756416,1365.756416,235,198,171,2,20251029_115314
1761735135.871445,5335025,1365766400,1365.7664,238,198,171,2,20251029_115314
1761735135.8816848,5335065,1365776640,1365.77664,241,198,171,2,20251029_115314
1761735135.8916688,5335104,1365786624,1365.786624,245,198,171,2,20251029_115314
1761735135.9016528,5335143,1365796608,1365.796608,248,198,171,2,20251029_115314
1761735135.9116368,5335182,1365806592,1365.806592,251,198,171,2,20251029_115314
1761735135.9216208,5335221,1365816576,1365.816576,254,199,172,2,20251029_115314
1761735135.9316049,5335260,1365826560,1365.82656,1,198,171,2,20251029_115314
1761735135.9415889,5335299,1365836544,1365.836544,4,199,171,2,20251029_115314
1761735135.951573,5335338,1365846528,1365.846528,7,199,172,2,20251029_115314
1761735135.961557,5335377,1365856512,1365.856512,10,199,170,2,20251029_115314
1761735135.971541,5335416,1365866496,1365.866496,12,199,171,2,20251029_115314
1761735135.981525,5335455,1365876480,1365.87648,15,199,171,2,20251029_115314
1761735135.991509,5335494,1365886464,1365.886464,17,199,171,2,20251029_115314
1761735136.0014927,5335533,1365896448,1365.896448,20,199,171,2,20251029_115314
1761735136.0114768,5335572,1365906432,1365.906432,22,198,171,2,20251029_115314
1761735136.0217168,5335612,1365916672,1365.916672,25,198,171,2,20251029_115314
1761735136.0317008,5335651,1365926656,1365.926656,27,199,170,2,20251029_115314
1761735136.0416849,5335690,1365936640,1365.93664,29,199,169,2,20251029_115314
1761735136.051669,5335729,1365946624,1365.946624,32,199,167,2,20251029_115314
1761735136.061653,5335768,1365956608,1365.956608,34,199,166,2,20251029_115314
1761735136.071637,5335807,1365966592,1365.966592,37,198,163,2,20251029_115314
1761735136.081621,5335846,1365976576,1365.976576,40,199,160,2,20251029_115314
1761735136.091605,5335885,1365986560,1365.98656,43,198,156,2,20251029_115314
1761735136.1015887,5335924,1365996544,1365.996544,46,198,153,2,20251029_115314
1761735136.1115727,5335963,1366006528,1366.006528,49,198,150,2,20251029_115314
1761735136.1215568,5336002,1366016512,1366.016512,53,198,147,2,20251029_115314
1761735136.1315408,5336041,1366026496,1366.026496,56,198,144,2,20251029_115314
1761735136.1415248,5336080,1366036480,1366.03648,60,199,142,2,20251029_115314
1761735136.1515088,5336119,1366046464,1366.046464,64,198,139,2,20251029_115314
1761735136.161749,5336159,1366056704,1366.056704,68,198,136,2,20251029_115314
1761735136.171733,5336198,1366066688,1366.066688,72,199,136,2,20251029_115314
1761735136.181717,5336237,1366076672,1366.076672,76,198,135,2,20251029_115314
1761735136.191701,5336276,1366086656,1366.086656,80,198,136,2,20251029_115314
1761735136.201685,5336315,1366096640,1366.09664,84,198,135,2,20251029_115314
1761735136.2116687,5336354,1366106624,1366.106624,88,198,135,2,20251029_115314
1761735136.2216527,5336393,1366116608,1366.116608,92,198,135,2,20251029_115314
1761735136.2316368,5336432,1366126592,1366.126592,95,198,136,2,20251029_115314
1761735136.2416208,5336471,1366136576,1366.136576,99,198,134,2,20251029_115314
1761735136.2516048,5336510,1366146560,1366.14656,102,198,135,2,20251029_115314
1761735136.2615888,5336549,1366156544,1366.156544,106,198,134,2,20251029_115314
1761735136.2715728,5336588,1366166528,1366.166528,109,197,135,2,20251029_115314
1761735136.2815568,5336627,1366176512,1366.176512,113,197,135,2,20251029_115314
1761735136.2915409,5336666,1366186496,1366.186496,116,197,136,2,20251029_115314
1761735136.301781,5336706,1366196736,1366.196736,119,197,136,2,20251029_115314
1761735136.311765,5336745,1366206720,1366.20672,122,197,138,2,20251029_115314
1761735136.3217487,5336784,1366216704,1366.216704,125,197,138,2,20251029_115314
1761735136.3317327,5336823,1366226688,1366.226688,128,197,140,2,20251029_115314
1761735136.3417168,5336862,1366236672,1366.236672,131,197,142,2,20251029_115314
1761735136.3517008,5336901,1366246656,1366.246656,134,197,145,2,20251029_115314
1761735136.3616848,5336940,1366256640,1366.25664,137,197,146,2,20251029_115314
1761735136.3716688,5336979,1366266624,1366.266624,140,197,150,2,20251029_115314
1761735136.3816528,5337018,1366276608,1366.276608,143,197,155,2,20251029_115314
1761735136.3916368,5337057,1366286592,1366.286592,146,198,160,2,20251029_115314
1761735136.4016209,5337096,1366296576,1366.296576,150,197,164,2,20251029_115314
1761735136.411605,5337135,1366306560,1366.30656,154,197,166,2,20251029_115314
1761735136.421589,5337174,1366316544,1366.316544,157,197,167,2,20251029_115314
1761735136.431573,5337213,1366326528,1366.326528,161,197,168,2,20251029_115314
1761735136.4418128,5337253,1366336768,1366.336768,165,197,169,2,20251029_115314
1761735136.4517968,5337292,1366346752,1366.346752,169,197,169,2,20251029_115314
1761735136.4617808,5337331,1366356736,1366.356736,174,198,170,2,20251029_115314
1761735136.4717648,5337370,1366366720,1366.36672,178,198,169,2,20251029_115314
1761735136.4817488,5337409,1366376704,1366.376704,182,197,170,2,20251029_115314
1761735136.4917328,5337448,1366386688,1366.386688,186,198,170,2,20251029_115314
1761735136.5017169,5337487,1366396672,1366.396672,190,197,170,2,20251029_115314
1761735136.5117009,5337526,1366406656,1366.406656,194,198,170,2,20251029_115314
1761735136.521685,5337565,1366416640,1366.41664,198,197,171,2,20251029_115314
1761735136.531669,5337604,1366426624,1366.426624,202,198,171,2,20251029_115314
1761735136.541653,5337643,1366436608,1366.436608,206,198,171,2,20251029_115314
1761735136.551637,5337682,1366446592,1366.446592,210,198,171,2,20251029_115314
1761735136.561621,5337721,1366456576,1366.456576,214,198,171,2,20251029_115314
1761735136.5716047,5337760,1366466560,1366.46656,218,198,171,2,20251029_115314
1761735136.5818448,5337800,1366476800,1366.4768,222,198,170,2,20251029_115314
1761735136.5918288,5337839,1366486784,1366.486784,225,198,171,2,20251029_115314
1761735136.6018128,5337878,1366496768,1366.496768,229,198,171,2,20251029_115314
1761735136.6117969,5337917,1366506752,1366.506752,232,198,171,2,20251029_115314
1761735136.6217809,5337956,1366516736,1366.516736,236,198,171,2,20251029_115314
1761735136.631765,5337995,1366526720,1366.52672,239,198,171,2,20251029_115314
1761735136.641749,5338034,1366536704,1366.536704,242,199,171,2,20251029_115314
1761735136.651733,5338073,1366546688,1366.546688,245,198,171,2,20251029_115314
1761735136.661717,5338112,1366556672,1366.556672,248,199,171,2,20251029_115314
1761735136.671701,5338151,1366566656,1366.566656,251,198,172,2,20251029_115314
1761735136.6816847,5338190,1366576640,1366.57664,254,198,171,2,20251029_115314
1761735136.6916687,5338229,1366586624,1366.586624,2,199,171,2,20251029_115314
1761735136.7016528,5338268,1366596608,1366.596608,5,199,171,2,20251029_115314
1761735136.7116368,5338307,1366606592,1366.606592,8,198,171,2,20251029_115314
1761735136.7218769,5338347,1366616832,1366.616832,10,198,171,2,20251029_115314
1761735136.7318609,5338386,1366626816,1366.626816,13,199,171,2,20251029_115314
1761735136.741845,5338425,1366636800,1366.6368,15,199,171,2,20251029_115314
1761735136.751829,5338464,1366646784,1366.646784,18,198,171,2,20251029_115314
1761735136.761813,5338503,1366656768,1366.656768,20,198,171,2,20251029_115314
1761735136.771797,5338542,1366666752,1366.666752,23,199,171,2,20251029_115314
1761735136.781781,5338581,1366676736,1366.676736,25,198,171,2,20251029_115314
1761735136.7917647,5338620,1366686720,1366.68672,28,199,170,2,20251029_115314
1761735136.8017488,5338659,1366696704,1366.696704,30,199,169,2,20251029_115314
1761735136.8117328,5338698,1366706688,1366.706688,32,199,168,2,20251029_115314
1761735136.8217168,5338737,1366716672,1366.716672,35,199,167,2,20251029_115314
1761735136.8317008,5338776,1366726656,1366.726656,37,199,165,2,20251029_115314
1761735136.8416848,5338815,1366736640,1366.73664,40,199,163,2,20251029_115314
1761735136.8516688,5338854,1366746624,1366.746624,43,198,159,2,20251029_115314
1761735136.861909,5338894,1366756864,1366.756864,46,198,156,2,20251029_115314
1761735136.871893,5338933,1366766848,1366.766848,49,198,153,2,20251029_115314
1761735136.881877,5338972,1366776832,1366.776832,53,198,149,2,20251029_115314
1761735136.8918607,5339011,1366786816,1366.786816,57,198,146,2,20251029_115314
1761735136.9018447,5339050,1366796800,1366.7968,60,199,143,2,20251029_115314
1761735136.9118288,5339089,1366806784,1366.806784,65,198,140,2,20251029_115314
1761735136.9218128,5339128,1366816768,1366.816768,69,198,136,2,20251029_115314
1761735136.9317968,5339167,1366826752,1366.826752,73,198,135,2,20251029_115314
1761735136.9417808,5339206,1366836736,1366.836736,77,198,136,2,20251029_115314
1761735136.9517648,5339245,1366846720,1366.84672,81,198,134,2,20251029_115314
1761735136.9617488,5339284,1366856704,1366.856704,85,198,134,2,20251029_115314
1761735136.9717329,5339323,1366866688,1366.866688,88,198,134,2,20251029_115314
1761735136.9817169,5339362,1366876672,1366.876672,92,198,134,2,20251029_115314
1761735136.991701,5339401,1366886656,1366.886656,96,198,134,2,20251029_115314
1761735137.0019407,5339441,1366896896,1366.896896,100,198,134,2,20251029_115314
1761735137.0119247,5339480,1366906880,1366.90688,103,198,134,2,20251029_115314
1761735137.0219088,5339519,1366916864,1366.916864,106,198,134,2,20251029_115314
1761735137.0318928,5339558,1366926848,1366.926848,110,197,134,2,20251029_115314
1761735137.0418768,5339597,1366936832,1366.936832,113,197,134,2,20251029_115314
1761735137.0518608,5339636,1366946816,1366.946816,116,197,134,2,20251029_115314
1761735137.0618448,5339675,1366956800,1366.9568,119,197,134,2,20251029_115314
1761735137.0718288,5339714,1366966784,1366.966784,122,197,135,2,20251029_115314
1761735137.0818129,5339753,1366976768,1366.976768,125,197,135,2,20251029_115314
1761735137.0917969,5339792,1366986752,1366.986752,128,197,134,2,20251029_115314
1761735137.101781,5339831,1366996736,1366.996736,131,197,135,2,20251029_115314
1761735137.111765,5339870,1367006720,1367.00672,134,197,135,2,20251029_115314
1761735137.121749,5339909,1367016704,1367.016704,136,197,136,2,20251029_115314
1761735137.131733,5339948,1367026688,1367.026688,139,197,136,2,20251029_115314
1761735137.141717,5339987,1367036672,1367.036672,142,197,136,2,20251029_115314
1761735137.1519568,5340027,1367046912,1367.046912,144,197,136,2,20251029_115314
1761735137.1619408,5340066,1367056896,1367.056896,147,197,137,2,20251029_115314
1761735137.1719248,5340105,1367066880,1367.06688,149,197,138,2,20251029_115314
1761735137.1819088,5340144,1367076864,1367.076864,152,197,138,2,20251029_115314
1761735137.1918929,5340183,1367086848,1367.086848,154,197,139,2,20251029_115314
1761735137.2018769,5340222,1367096832,1367.096832,157,197,140,2,20251029_115314
1761735137.211861,5340261,1367106816,1367.106816,160,197,142,2,20251029_115314
1761735137.221845,5340300,1367116800,1367.1168,162,197,143,2,20251029_115314
1761735137.231829,5340339,1367126784,1367.126784,165,198,144,2,20251029_115314
1761735137.241813,5340378,1367136768,1367.136768,168,198,146,2,20251029_115314
1761735137.251797,5340417,1367146752,1367.146752,171,198,149,2,20251029_115314
1761735137.2617807,5340456,1367156736,1367.156736,174,198,151,2,20251029_115314
1761735137.2717648,5340495,1367166720,1367.16672,177,198,154,2,20251029_115314
1761735137.2817488,5340534,1367176704,1367.176704,180,198,157,2,20251029_115314
1761735137.2919888,5340574,1367186944,1367.186944,184,198,162,2,20251029_115314
1761735137.3019729,5340613,1367196928,1367.196928,187,198,164,2,20251029_115314
1761735137.311957,5340652,1367206912,1367.206912,191,198,166,2,20251029_115314
1761735137.321941,5340691,1367216896,1367.216896,195,198,166,2,20251029_115314
1761735137.331925,5340730,1367226880,1367.22688,199,198,168,2,20251029_115314
1761735137.341909,5340769,1367236864,1367.236864,203,198,169,2,20251029_115314
1761735137.351893,5340808,1367246848,1367.246848,207,198,170,2,20251029_115314
1761735137.3618767,5340847,1367256832,1367.256832,211,198,169,2,20251029_115314
1761735137.3718607,5340886,1367266816,1367.266816,214,198,170,2,20251029_115314
1761735137.3818448,5340925,1367276800,1367.2768,218,198,170,2,20251029_115314
1761735137.3918288,5340964,1367286784,1367.286784,222,198,170,2,20251029_115314
1761735137.4018128,5341003,1367296768,1367.296768,225,198,170,2,20251029_115314
1761735137.4117968,5341042,1367306752,1367.306752,229,199,170,2,20251029_115314
1761735137.4217808,5341081,1367316736,1367.316736,232,198,171,2,20251029_115314
1761735137.4317648,5341120,1367326720,1367.32672,236,198,171,2,20251029_115314
1761735137.442005,5341160,1367336960,1367.33696,239,199,171,2,20251029_115314
1761735137.451989,5341199,1367346944,1367.346944,242,200,172,2,20251029_115314
1761735137.461973,5341238,1367356928,1367.356928,245,199,171,2,20251029_115314
1761735137.4719567,5341277,1367366912,1367.366912,249,199,171,2,20251029_115314
1761735137.4819407,5341316,1367376896,1367.376896,251,199,171,2,20251029_115314
1761735137.4919248,5341355,1367386880,1367.38688,254,199,172,2,20251029_115314
1761735137.5019088,5341394,1367396864,1367.396864,2,199,171,2,20251029_115314
1761735137.5118928,5341433,1367406848,1367.406848,5,199,171,2,20251029_115314
1761735137.5218768,5341472,1367416832,1367.416832,8,199,171,2,20251029_115314
1761735137.5318608,5341511,1367426816,1367.426816,10,199,171,2,20251029_115314
1761735137.5418448,5341550,1367436800,1367.4368,13,199,171,2,20251029_115314
1761735137.5518289,5341589,1367446784,1367.446784,16,199,171,2,20251029_115314
1761735137.5618129,5341628,1367456768,1367.456768,18,199,171,2,20251029_115314
1761735137.571797,5341667,1367466752,1367.466752,20,199,171,2,20251029_115314
1761735137.5820367,5341707,1367476992,1367.476992,23,199,173,2,20251029_115314
1761735137.5920208,5341746,1367486976,1367.486976,25,199,171,2,20251029_115314
1761735137.6020048,5341785,1367496960,1367.49696,28,199,171,2,20251029_115314
1761735137.6119888,5341824,1367506944,1367.506944,30,199,171,2,20251029_115314
1761735137.6219728,5341863,1367516928,1367.516928,32,199,172,2,20251029_115314
1761735137.6319568,5341902,1367526912,1367.526912,35,198,171,2,20251029_115314
1761735137.6419408,5341941,1367536896,1367.536896,37,199,171,2,20251029_115314
1761735137.6519248,5341980,1367546880,1367.54688,39,199,171,2,20251029_115314
1761735137.6619089,5342019,1367556864,1367.556864,41,199,171,2,20251029_115314
1761735137.671893,5342058,1367566848,1367.566848,43,199,171,2,20251029_115314
1761735137.681877,5342097,1367576832,1367.576832,46,198,171,2,20251029_115314
1761735137.691861,5342136,1367586816,1367.586816,48,199,170,2,20251029_115314
1761735137.701845,5342175,1367596800,1367.5968,50,199,169,2,20251029_115314
1761735137.711829,5342214,1367606784,1367.606784,52,198,168,2,20251029_115314
1761735137.7220688,5342254,1367617024,1367.617024,55,199,167,2,20251029_115314
1761735137.7320528,5342293,1367627008,1367.627008,57,198,165,2,20251029_115314
1761735137.7420368,5342332,1367636992,1367.636992,60,199,162,2,20251029_115314
1761735137.7520208,5342371,1367646976,1367.646976,63,198,160,2,20251029_115314
1761735137.7620049,5342410,1367656960,1367.65696,66,198,156,2,20251029_115314
1761735137.7719889,5342449,1367666944,1367.666944,69,198,153,2,20251029_115314
1761735137.781973,5342488,1367676928,1367.676928,72,199,150,2,20251029_115314
1761735137.791957,5342527,1367686912,1367.686912,76,198,147,2,20251029_115314
1761735137.801941,5342566,1367696896,1367.696896,79,198,144,2,20251029_115314
1761735137.811925,5342605,1367706880,1367.70688,83,198,139,2,20251029_115314
1761735137.821909,5342644,1367716864,1367.716864,87,198,136,2,20251029_115314
1761735137.8318927,5342683,1367726848,1367.726848,90,198,136,2,20251029_115314
1761735137.8418767,5342722,1367736832,1367.736832,94,198,135,2,20251029_115314
1761735137.8518608,5342761,1367746816,1367.746816,98,198,136,2,20251029_115314
1761735137.8618448,5342800,1367756800,1367.7568,101,198,135,2,20251029_115314
1761735137.8720849,5342840,1367767040,1367.76704,105,198,135,2,20251029_115314
1761735137.8820689,5342879,1367777024,1367.777024,108,197,134,2,20251029_115314
1761735137.892053,5342918,1367787008,1367.787008,111,198,135,2,20251029_115314
1761735137.902037,5342957,1367796992,1367.796992,115,197,135,2,20251029_115314
1761735137.912021,5342996,1367806976,1367.806976,118,197,135,2,20251029_115314
1761735137.922005,5343035,1367816960,1367.81696,121,197,136,2,20251029_115314
1761735137.931989,5343074,1367826944,1367.826944,124,197,135,2,20251029_115314
1761735137.9419727,5343113,1367836928,1367.836928,127,197,136,2,20251029_115314
1761735137.9519567,5343152,1367846912,1367.846912,130,197,137,2,20251029_115314
1761735137.9619408,5343191,1367856896,1367.856896,132,197,136,2,20251029_115314
1761735137.9719248,5343230,1367866880,1367.86688,135,197,137,2,20251029_115314
1761735137.9819088,5343269,1367876864,1367.876864,138,197,137,2,20251029_115314
1761735137.9918928,5343308,1367886848,1367.886848,140,197,138,2,20251029_115314
1761735138.0018768,5343347,1367896832,1367.896832,143,197,138,2,20251029_115314
1761735138.0118608,5343386,1367906816,1367.906816,146,197,139,2,20251029_115314
1761735138.022101,5343426,1367917056,1367.917056,148,197,140,2,20251029_115314
1761735138.032085,5343465,1367927040,1367.92704,151,197,140,2,20251029_115314
1761735138.042069,5343504,1367937024,1367.937024,154,197,141,2,20251029_115314
1761735138.0520527,5343543,1367947008,1367.947008,156,197,142,2,20251029_115314
1761735138.0620368,5343582,1367956992,1367.956992,159,198,144,2,20251029_115314
1761735138.0720208,5343621,1367966976,1367.966976,162,197,145,2,20251029_115314
1761735138.0820048,5343660,1367976960,1367.97696,165,197,148,2,20251029_115314
1761735138.0919888,5343699,1367986944,1367.986944,168,197,150,2,20251029_115314
1761735138.1019728,5343738,1367996928,1367.996928,171,198,153,2,20251029_115314
1761735138.1119568,5343777,1368006912,1368.006912,174,198,157,2,20251029_115314
1761735138.1219409,5343816,1368016896,1368.016896,178,198,159,2,20251029_115314
1761735138.1319249,5343855,1368026880,1368.02688,181,198,162,2,20251029_115314
1761735138.141909,5343894,1368036864,1368.036864,185,198,165,2,20251029_115314
1761735138.151893,5343933,1368046848,1368.046848,189,198,166,2,20251029_115314
1761735138.1621327,5343973,1368057088,1368.057088,193,198,167,2,20251029_115314
1761735138.1721168,5344012,1368067072,1368.067072,197,198,167,2,20251029_115314
1761735138.1821008,5344051,1368077056,1368.077056,201,198,169,2,20251029_115314
1761735138.1920848,5344090,1368087040,1368.08704,205,198,169,2,20251029_115314
1761735138.2020688,5344129,1368097024,1368.097024,209,199,170,2,20251029_115314
1761735138.2120528,5344168,1368107008,1368.107008,212,198,170,2,20251029_115314
1761735138.2220368,5344207,1368116992,1368.116992,216,198,170,2,20251029_115314
1761735138.2320209,5344246,1368126976,1368.126976,220,198,170,2,20251029_115314
1761735138.2420049,5344285,1368136960,1368.13696,224,198,170,2,20251029_115314
1761735138.251989,5344324,1368146944,1368.146944,227,198,171,2,20251029_115314
1761735138.261973,5344363,1368156928,1368.156928,231,199,171,2,20251029_115314
1761735138.271957,5344402,1368166912,1368.166912,234,198,170,2,20251029_115314
1761735138.281941,5344441,1368176896,1368.176896,237,198,170,2,20251029_115314
1761735138.291925,5344480,1368186880,1368.18688,241,198,171,2,20251029_115314
1761735138.3021648,5344520,1368197120,1368.19712,244,199,171,2,20251029_115314
1761735138.3121488,5344559,1368207104,1368.207104,247,199,171,2,20251029_115314
1761735138.3221328,5344598,1368217088,1368.217088,250,199,170,2,20251029_115314
1761735138.3321168,5344637,1368227072,1368.227072,253,199,171,2,20251029_115314
1761735138.3421009,5344676,1368237056,1368.237056,1,199,172,2,20251029_115314
1761735138.3520849,5344715,1368247040,1368.24704,4,199,171,2,20251029_115314
1761735138.362069,5344754,1368257024,1368.257024,6,199,172,2,20251029_115314
1761735138.372053,5344793,1368267008,1368.267008,9,199,172,2,20251029_115314
1761735138.382037,5344832,1368276992,1368.276992,12,199,171,2,20251029_115314
1761735138.392021,5344871,1368286976,1368.286976,14,199,171,2,20251029_115314
1761735138.402005,5344910,1368296960,1368.29696,17,199,171,2,20251029_115314
1761735138.4119887,5344949,1368306944,1368.306944,19,199,171,2,20251029_115314
1761735138.4219728,5344988,1368316928,1368.316928,22,199,171,2,20251029_115314
1761735138.4319568,5345027,1368326912,1368.326912,24,199,170,2,20251029_115314
1761735138.4419408,5345066,1368336896,1368.336896,27,199,170,2,20251029_115314
1761735138.4521809,5345106,1368347136,1368.347136,29,199,170,2,20251029_115314
1761735138.4621649,5345145,1368357120,1368.35712,31,199,170,2,20251029_115314
1761735138.472149,5345184,1368367104,1368.367104,34,199,169,2,20251029_115314
1761735138.482133,5345223,1368377088,1368.377088,36,199,169,2,20251029_115314
1761735138.492117,5345262,1368387072,1368.387072,38,199,168,2,20251029_115314
1761735138.502101,5345301,1368397056,1368.397056,41,199,166,2,20251029_115314
1761735138.512085,5345340,1368407040,1368.40704,43,199,164,2,20251029_115314
1761735138.5220687,5345379,1368417024,1368.417024,46,199,163,2,20251029_115314
1761735138.5320528,5345418,1368427008,1368.427008,49,199,160,2,20251029_115314
1761735138.5420368,5345457,1368436992,1368.436992,52,199,157,2,20251029_115314
1761735138.5520208,5345496,1368446976,1368.446976,55,199,155,2,20251029_115314
1761735138.5620048,5345535,1368456960,1368.45696,58,199,153,2,20251029_115314
1761735138.5719888,5345574,1368466944,1368.466944,61,199,152,2,20251029_115314
1761735138.582229,5345614,1368477184,1368.477184,64,199,149,2,20251029_115314
1761735138.592213,5345653,1368487168,1368.487168,68,199,147,2,20251029_115314
1761735138.602197,5345692,1368497152,1368.497152,71,199,145,2,20251029_115314
1761735138.612181,5345731,1368507136,1368.507136,75,198,143,2,20251029_115314
1761735138.6221647,5345770,1368517120,1368.51712,79,199,142,2,20251029_115314
1761735138.6321487,5345809,1368527104,1368.527104,82,199,139,2,20251029_115314
1761735138.6421328,5345848,1368537088,1368.537088,86,198,137,2,20251029_115314
1761735138.6521168,5345887,1368547072,1368.547072,90,198,136,2,20251029_115314
1761735138.6623569,5345927,1368557312,1368.557312,94,198,134,2,20251029_115314
1761735138.6723409,5345966,1368567296,1368.567296,97,198,135,2,20251029_115314
1761735138.682325,5346005,1368577280,1368.57728,101,199,137,2,20251029_115314
1761735138.692309,5346044,1368587264,1368.587264,104,198,136,2,20251029_115314
1761735138.702293,5346083,1368597248,1368.597248,108,198,136,2,20251029_115314
1761735138.712277,5346122,1368607232,1368.607232,111,198,136,2,20251029_115314
1761735138.722261,5346161,1368617216,1368.617216,114,199,138,2,20251029_115314
1761735138.7325008,5346201,1368627456,1368.627456,117,197,138,2,20251029_115314
1761735138.7424848,5346240,1368637440,1368.63744,121,198,140,2,20251029_115314
1761735138.7524688,5346279,1368647424,1368.647424,124,198,141,2,20251029_115314
1761735138.7624528,5346318,1368657408,1368.657408,127,198,142,2,20251029_115314
1761735138.7724369,5346357,1368667392,1368.667392,130,197,143,2,20251029_115314
1761735138.7824209,5346396,1368677376,1368.677376,133,197,145,2,20251029_115314
1761735138.792405,5346435,1368687360,1368.68736,136,197,147,2,20251029_115314
1761735138.8026447,5346475,1368697600,1368.6976,139,197,150,2,20251029_115314
1761735138.8126287,5346514,1368707584,1368.707584,142,198,153,2,20251029_115314
1761735138.8226128,5346553,1368717568,1368.717568,145,198,156,2,20251029_115314
1761735138.8325968,5346592,1368727552,1368.727552,149,198,160,2,20251029_115314
1761735138.8425808,5346631,1368737536,1368.737536,152,198,163,2,20251029_115314
1761735138.8525648,5346670,1368747520,1368.74752,156,197,166,2,20251029_115314
1761735138.8625488,5346709,1368757504,1368.757504,160,198,166,2,20251029_115314
1761735138.8725328,5346748,1368767488,1368.767488,164,197,167,2,20251029_115314
1761735138.882773,5346788,1368777728,1368.777728,168,198,168,2,20251029_115314
1761735138.892757,5346827,1368787712,1368.787712,172,198,169,2,20251029_115314
1761735138.902741,5346866,1368797696,1368.797696,176,198,170,2,20251029_115314
1761735138.9127247,5346905,1368807680,1368.80768,180,197,170,2,20251029_115314
1761735138.9227087,5346944,1368817664,1368.817664,184,198,170,2,20251029_115314
1761735138.9326928,5346983,1368827648,1368.827648,188,198,170,2,20251029_115314
1761735138.9426768,5347022,1368837632,1368.837632,192,198,170,2,20251029_115314
1761735138.9529169,5347062,1368847872,1368.847872,196,198,170,2,20251029_115314
1761735138.9629009,5347101,1368857856,1368.857856,201,198,170,2,20251029_115314
1761735138.972885,5347140,1368867840,1368.86784,205,198,171,2,20251029_115314
1761735138.982869,5347179,1368877824,1368.877824,209,198,171,2,20251029_115314
1761735138.992853,5347218,1368887808,1368.887808,212,198,171,2,20251029_115314
1761735139.0030928,5347258,1368898048,1368.898048,216,198,171,2,20251029_115314
1761735139.0130768,5347297,1368908032,1368.908032,220,198,171,2,20251029_115314
1761735139.0230608,5347336,1368918016,1368.918016,224,198,171,2,20251029_115314
1761735139.0330448,5347375,1368928000,1368.928,227,198,171,2,20251029_115314
1761735139.0430288,5347414,1368937984,1368.937984,231,198,171,2,20251029_115314
1761735139.0530128,5347453,1368947968,1368.947968,234,199,172,2,20251029_115314
1761735139.0629969,5347492,1368957952,1368.957952,237,198,171,2,20251029_115314
1761735139.0729809,5347531,1368967936,1368.967936,241,198,171,2,20251029_115314
1761735139.082965,5347570,1368977920,1368.97792,244,198,171,2,20251029_115314
1761735139.092949,5347609,1368987904,1368.987904,247,198,172,2,20251029_115314
1761735139.1031888,5347649,1368998144,1368.998144,250,198,171,2,20251029_115314
1761735139.1131728,5347688,1369008128,1369.008128,253,199,171,2,20251029_115314
1761735139.1231568,5347727,1369018112,1369.018112,1,198,171,2,20251029_115314
1761735139.1331408,5347766,1369028096,1369.028096,4,199,170,2,20251029_115314
1761735139.1431248,5347805,1369038080,1369.03808,6,199,171,2,20251029_115314
1761735139.1531088,5347844,1369048064,1369.048064,9,199,171,2,20251029_115314
1761735139.1630929,5347883,1369058048,1369.058048,12,199,171,2,20251029_115314
1761735139.1730769,5347922,1369068032,1369.068032,14,199,171,2,20251029_115314
1761735139.183061,5347961,1369078016,1369.078016,17,199,171,2,20251029_115314
1761735139.193045,5348000,1369088000,1369.088,19,199,171,2,20251029_115314
1761735139.203029,5348039,1369097984,1369.097984,22,199,171,2,20251029_115314
1761735139.213013,5348078,1369107968,1369.107968,24,199,171,2,20251029_115314
1761735139.222997,5348117,1369117952,1369.117952,27,200,171,2,20251029_115314
1761735139.2329807,5348156,1369127936,1369.127936,29,199,170,2,20251029_115314
1761735139.2432208,5348196,1369138176,1369.138176,31,199,170,2,20251029_115314
1761735139.2532048,5348235,1369148160,1369.14816,34,199,167,2,20251029_115314
1761735139.2631888,5348274,1369158144,1369.158144,36,199,167,2,20251029_115314
1761735139.2731729,5348313,1369168128,1369.168128,39,199,162,2,20251029_115314
1761735139.2831569,5348352,1369178112,1369.178112,41,199,159,2,20251029_115314
1761735139.293141,5348391,1369188096,1369.188096,44,199,155,2,20251029_115314
1761735139.303125,5348430,1369198080,1369.19808,48,199,153,2,20251029_115314
1761735139.313109,5348469,1369208064,1369.208064,51,199,149,2,20251029_115314
1761735139.323093,5348508,1369218048,1369.218048,55,199,145,2,20251029_115314
1761735139.333077,5348547,1369228032,1369.228032,58,199,143,2,20251029_115314
1761735139.3430607,5348586,1369238016,1369.238016,62,199,140,2,20251029_115314
1761735139.3530447,5348625,1369248000,1369.248,66,198,137,2,20251029_115314
1761735139.3630288,5348664,1369257984,1369.257984,70,198,135,2,20251029_115314
1761735139.3730128,5348703,1369267968,1369.267968,75,199,136,2,20251029_115314
1761735139.3832529,5348743,1369278208,1369.278208,78,199,139,2,20251029_115314
1761735139.3932369,5348782,1369288192,1369.288192,82,199,134,2,20251029_115314
1761735139.403221,5348821,1369298176,1369.298176,86,199,135,2,20251029_115314
1761735139.413205,5348860,1369308160,1369.30816,90,199,135,2,20251029_115314
1761735139.423189,5348899,1369318144,1369.318144,94,198,135,2,20251029_115314
1761735139.433173,5348938,1369328128,1369.328128,97,198,135,2,20251029_115314
1761735139.443157,5348977,1369338112,1369.338112,101,199,134,2,20251029_115314
1761735139.4531407,5349016,1369348096,1369.348096,104,198,135,2,20251029_115314
1761735139.4631248,5349055,1369358080,1369.35808,108,198,134,2,20251029_115314
1761735139.4731088,5349094,1369368064,1369.368064,111,198,135,2,20251029_115314
1761735139.4830928,5349133,1369378048,1369.378048,114,198,135,2,20251029_115314
1761735139.4930768,5349172,1369388032,1369.388032,118,198,135,2,20251029_115314
1761735139.5030608,5349211,1369398016,1369.398016,121,197,136,2,20251029_115314
1761735139.5130448,5349250,1369408000,1369.408,124,197,136,2,20251029_115314
1761735139.523285,5349290,1369418240,1369.41824,127,197,137,2,20251029_115314
1761735139.533269,5349329,1369428224,1369.428224,129,197,138,2,20251029_115314
1761735139.543253,5349368,1369438208,1369.438208,132,197,139,2,20251029_115314
1761735139.5532367,5349407,1369448192,1369.448192,135,197,140,2,20251029_115314
1761735139.5632207,5349446,1369458176,1369.458176,138,197,142,2,20251029_115314
1761735139.5732048,5349485,1369468160,1369.46816,141,197,144,2,20251029_115314
1761735139.5831888,5349524,1369478144,1369.478144,144,198,147,2,20251029_115314
1761735139.5931728,5349563,1369488128,1369.488128,147,197,150,2,20251029_115314
1761735139.6031568,5349602,1369498112,1369.498112,150,197,155,2,20251029_115314
1761735139.6131408,5349641,1369508096,1369.508096,153,197,160,2,20251029_115314
1761735139.6231248,5349680,1369518080,1369.51808,157,198,164,2,20251029_115314
1761735139.6331089,5349719,1369528064,1369.528064,161,199,166,2,20251029_115314
1761735139.6430929,5349758,1369538048,1369.538048,165,198,166,2,20251029_115314
1761735139.653077,5349797,1369548032,1369.548032,169,198,168,2,20251029_115314
1761735139.6633167,5349837,1369558272,1369.558272,173,198,169,2,20251029_115314
1761735139.6733007,5349876,1369568256,1369.568256,177,198,169,2,20251029_115314
1761735139.6832848,5349915,1369578240,1369.57824,181,198,169,2,20251029_115314
1761735139.6932688,5349954,1369588224,1369.588224,185,198,170,2,20251029_115314
1761735139.7032528,5349993,1369598208,1369.598208,189,198,170,2,20251029_115314
1761735139.7132368,5350032,1369608192,1369.608192,193,198,170,2,20251029_115314
1761735139.7232208,5350071,1369618176,1369.618176,197,198,170,2,20251029_115314
1761735139.7332048,5350110,1369628160,1369.62816,201,198,170,2,20251029_115314
1761735139.7431889,5350149,1369638144,1369.638144,205,198,170,2,20251029_115314
1761735139.7531729,5350188,1369648128,1369.648128,209,198,170,2,20251029_115314
1761735139.763157,5350227,1369658112,1369.658112,213,198,170,2,20251029_115314
1761735139.773141,5350266,1369668096,1369.668096,217,198,171,2,20251029_115314
1761735139.783125,5350305,1369678080,1369.67808,221,198,171,2,20251029_115314
1761735139.793109,5350344,1369688064,1369.688064,224,198,171,2,20251029_115314
1761735139.8033488,5350384,1369698304,1369.698304,228,198,171,2,20251029_115314
1761735139.8133328,5350423,1369708288,1369.708288,231,198,171,2,20251029_115314
1761735139.8233168,5350462,1369718272,1369.718272,235,198,171,2,20251029_115314
1761735139.8333008,5350501,1369728256,1369.728256,238,198,171,2,20251029_115314
1761735139.8432848,5350540,1369738240,1369.73824,241,198,172,2,20251029_115314
1761735139.8532689,5350579,1369748224,1369.748224,244,198,171,2,20251029_115314
1761735139.8632529,5350618,1369758208,1369.758208,247,199,172,2,20251029_115314
1761735139.873237,5350657,1369768192,1369.768192,250,199,172,2,20251029_115314
1761735139.883221,5350696,1369778176,1369.778176,253,199,171,2,20251029_115314
1761735139.893205,5350735,1369788160,1369.78816,1,199,172,2,20251029_115314
1761735139.903189,5350774,1369798144,1369.798144,4,199,171,2,20251029_115314
1761735139.913173,5350813,1369808128,1369.808128,7,199,171,2,20251029_115314
1761735139.9231567,5350852,1369818112,1369.818112,9,199,171,2,20251029_115314
1761735139.9333968,5350892,1369828352,1369.828352,12,199,171,2,20251029_115314
1761735139.9433808,5350931,1369838336,1369.838336,15,199,171,2,20251029_115314
1761735139.9533648,5350970,1369848320,1369.84832,17,199,171,2,20251029_115314
1761735139.9633489,5351009,1369858304,1369.858304,20,199,171,2,20251029_115314
1761735139.973333,5351048,1369868288,1369.868288,22,199,171,2,20251029_115314
1761735139.983317,5351087,1369878272,1369.878272,24,199,171,2,20251029_115314
1761735139.993301,5351126,1369888256,1369.888256,27,199,171,2,20251029_115314
1761735140.003285,5351165,1369898240,1369.89824,29,199,170,2,20251029_115314
1761735140.013269,5351204,1369908224,1369.908224,31,199,171,2,20251029_115314
1761735140.0232527,5351243,1369918208,1369.918208,34,199,170,2,20251029_115314
1761735140.0332367,5351282,1369928192,1369.928192,36,199,170,2,20251029_115314
1761735140.0432208,5351321,1369938176,1369.938176,38,199,169,2,20251029_115314
1761735140.0532048,5351360,1369948160,1369.94816,41,199,167,2,20251029_115314
1761735140.0631888,5351399,1369958144,1369.958144,43,199,164,2,20251029_115314
1761735140.0731728,5351438,1369968128,1369.968128,46,198,160,2,20251029_115314
1761735140.083413,5351478,1369978368,1369.978368,49,198,156,2,20251029_115314
1761735140.093397,5351517,1369988352,1369.988352,52,199,152,2,20251029_115314
1761735140.103381,5351556,1369998336,1369.998336,56,198,150,2,20251029_115314
1761735140.113365,5351595,1370008320,1370.00832,59,199,147,2,20251029_115314
1761735140.123349,5351634,1370018304,1370.018304,63,199,143,2,20251029_115314
1761735140.1333327,5351673,1370028288,1370.028288,67,198,140,2,20251029_115314
1761735140.1433167,5351712,1370038272,1370.038272,71,199,137,2,20251029_115314
1761735140.1533008,5351751,1370048256,1370.048256,75,199,135,2,20251029_115314
1761735140.1632848,5351790,1370058240,1370.05824,79,198,135,2,20251029_115314
1761735140.1732688,5351829,1370068224,1370.068224,83,198,135,2,20251029_115314
1761735140.1832528,5351868,1370078208,1370.078208,86,198,135,2,20251029_115314
1761735140.1932368,5351907,1370088192,1370.088192,90,198,134,2,20251029_115314
1761735140.2032208,5351946,1370098176,1370.098176,94,198,134,2,20251029_115314
1761735140.2132049,5351985,1370108160,1370.10816,98,198,135,2,20251029_115314
1761735140.223445,5352025,1370118400,1370.1184,101,198,134,2,20251029_115314
1761735140.233429,5352064,1370128384,1370.128384,105,198,136,2,20251029_115314
1761735140.2434127,5352103,1370138368,1370.138368,108,198,134,2,20251029_115314
1761735140.2533967,5352142,1370148352,1370.148352,111,198,135,2,20251029_115314
1761735140.2633808,5352181,1370158336,1370.158336,115,198,134,2,20251029_115314
1761735140.2733648,5352220,1370168320,1370.16832,118,197,134,2,20251029_115314
1761735140.2833488,5352259,1370178304,1370.178304,121,197,134,2,20251029_115314
1761735140.2933328,5352298,1370188288,1370.188288,124,198,135,2,20251029_115314
1761735140.3033168,5352337,1370198272,1370.198272,127,197,135,2,20251029_115314
1761735140.3133008,5352376,1370208256,1370.208256,129,197,135,2,20251029_115314
1761735140.3232849,5352415,1370218240,1370.21824,132,197,135,2,20251029_115314
1761735140.333269,5352454,1370228224,1370.228224,135,197,135,2,20251029_115314
1761735140.343253,5352493,1370238208,1370.238208,138,197,136,2,20251029_115314
1761735140.353237,5352532,1370248192,1370.248192,140,197,135,2,20251029_115314
1761735140.3634768,5352572,1370258432,1370.258432,143,197,136,2,20251029_115314
1761735140.3734608,5352611,1370268416,1370.268416,145,197,137,2,20251029_115314
1761735140.3834448,5352650,1370278400,1370.2784,148,197,138,2,20251029_115314
1761735140.3934288,5352689,1370288384,1370.288384,151,198,138,2,20251029_115314
1761735140.4034128,5352728,1370298368,1370.298368,153,197,139,2,20251029_115314
1761735140.4133968,5352767,1370308352,1370.308352,156,197,140,2,20251029_115314
1761735140.4233809,5352806,1370318336,1370.318336,158,197,141,2,20251029_115314
1761735140.4333649,5352845,1370328320,1370.32832,161,197,142,2,20251029_115314
1761735140.443349,5352884,1370338304,1370.338304,163,198,143,2,20251029_115314
1761735140.453333,5352923,1370348288,1370.348288,166,198,145,2,20251029_115314
1761735140.463317,5352962,1370358272,1370.358272,169,198,149,2,20251029_115314
1761735140.473301,5353001,1370368256,1370.368256,172,198,150,2,20251029_115314
1761735140.483285,5353040,1370378240,1370.37824,175,198,152,2,20251029_115314
1761735140.4932687,5353079,1370388224,1370.388224,178,197,155,2,20251029_115314
1761735140.5032527,5353118,1370398208,1370.398208,182,198,157,2,20251029_115314
1761735140.5134928,5353158,1370408448,1370.408448,185,198,162,2,20251029_115314
1761735140.5234768,5353197,1370418432,1370.418432,189,199,164,2,20251029_115314
1761735140.5334609,5353236,1370428416,1370.428416,193,198,166,2,20251029_115314
1761735140.5434449,5353275,1370438400,1370.4384,197,198,166,2,20251029_115314
1761735140.553429,5353314,1370448384,1370.448384,201,198,168,2,20251029_115314
1761735140.563413,5353353,1370458368,1370.458368,205,198,168,2,20251029_115314
1761735140.573397,5353392,1370468352,1370.468352,208,198,169,2,20251029_115314
1761735140.583381,5353431,1370478336,1370.478336,212,198,169,2,20251029_115314
1761735140.593365,5353470,1370488320,1370.48832,216,198,170,2,20251029_115314
1761735140.6033487,5353509,1370498304,1370.498304,220,199,169,2,20251029_115314
1761735140.6133327,5353548,1370508288,1370.508288,223,199,170,2,20251029_115314
1761735140.6233168,5353587,1370518272,1370.518272,227,198,171,2,20251029_115314
1761735140.6333008,5353626,1370528256,1370.528256,230,199,170,2,20251029_115314
1761735140.6432848,5353665,1370538240,1370.53824,234,199,170,2,20251029_115314
1761735140.6532688,5353704,1370548224,1370.548224,237,199,170,2,20251029_115314
1761735140.663509,5353744,1370558464,1370.558464,240,199,171,2,20251029_115314
1761735140.673493,5353783,1370568448,1370.568448,244,199,170,2,20251029_115314
1761735140.683477,5353822,1370578432,1370.578432,247,199,171,2,20251029_115314
1761735140.693461,5353861,1370588416,1370.588416,250,199,171,2,20251029_115314
1761735140.703445,5353900,1370598400,1370.5984,253,199,171,2,20251029_115314
1761735140.7134287,5353939,1370608384,1370.608384,1,199,171,2,20251029_115314
1761735140.7234128,5353978,1370618368,1370.618368,3,199,171,2,20251029_115314
1761735140.7333968,5354017,1370628352,1370.628352,6,199,171,2,20251029_115314
1761735140.7433808,5354056,1370638336,1370.638336,9,199,172,2,20251029_115314
1761735140.7533648,5354095,1370648320,1370.64832,11,199,171,2,20251029_115314
1761735140.7633488,5354134,1370658304,1370.658304,14,199,170,2,20251029_115314
1761735140.7733328,5354173,1370668288,1370.668288,17,199,171,2,20251029_115314
1761735140.7833169,5354212,1370678272,1370.678272,19,199,171,2,20251029_115314
1761735140.7933009,5354251,1370688256,1370.688256,22,199,171,2,20251029_115314
1761735140.803541,5354291,1370698496,1370.698496,24,199,171,2,20251029_115314
1761735140.8135247,5354330,1370708480,1370.70848,26,200,170,2,20251029_115314
1761735140.8235087,5354369,1370718464,1370.718464,29,199,172,2,20251029_115314
1761735140.8334928,5354408,1370728448,1370.728448,31,199,170,2,20251029_115314
1761735140.8434768,5354447,1370738432,1370.738432,33,199,170,2,20251029_115314
1761735140.8534608,5354486,1370748416,1370.748416,36,199,170,2,20251029_115314
1761735140.8634448,5354525,1370758400,1370.7584,38,199,170,2,20251029_115314
1761735140.8734288,5354564,1370768384,1370.768384,40,199,169,2,20251029_115314
1761735140.8834128,5354603,1370778368,1370.778368,43,199,168,2,20251029_115314
1761735140.8933969,5354642,1370788352,1370.788352,45,199,168,2,20251029_115314
1761735140.9033809,5354681,1370798336,1370.798336,47,199,166,2,20251029_115314
1761735140.913365,5354720,1370808320,1370.80832,50,199,165,2,20251029_115314
1761735140.923349,5354759,1370818304,1370.818304,52,199,163,2,20251029_115314
1761735140.933333,5354798,1370828288,1370.828288,55,199,162,2,20251029_115314
1761735140.9435728,5354838,1370838528,1370.838528,58,199,160,2,20251029_115314
1761735140.9535568,5354877,1370848512,1370.848512,61,199,158,2,20251029_115314
1761735140.9635408,5354916,1370858496,1370.858496,64,199,156,2,20251029_115314
1761735140.9735248,5354955,1370868480,1370.86848,67,199,155,2,20251029_115314
1761735140.9835088,5354994,1370878464,1370.878464,70,199,153,2,20251029_115314
1761735140.9934928,5355033,1370888448,1370.888448,73,198,152,2,20251029_115314
1761735141.0034769,5355072,1370898432,1370.898432,76,198,150,2,20251029_115314
1761735141.0134609,5355111,1370908416,1370.908416,80,198,149,2,20251029_115314
1761735141.023445,5355150,1370918400,1370.9184,83,198,147,2,20251029_115314
1761735141.033429,5355189,1370928384,1370.928384,86,198,146,2,20251029_115314
1761735141.043413,5355228,1370938368,1370.938368,90,199,145,2,20251029_115314
1761735141.053397,5355267,1370948352,1370.948352,93,198,143,2,20251029_115314
1761735141.063381,5355306,1370958336,1370.958336,97,199,141,2,20251029_115314
1761735141.0733647,5355345,1370968320,1370.96832,100,198,140,2,20251029_115314
1761735141.0833488,5355384,1370978304,1370.978304,104,198,139,2,20251029_115314
1761735141.0935888,5355424,1370988544,1370.988544,107,198,138,2,20251029_115314
1761735141.1035728,5355463,1370998528,1370.998528,110,198,137,2,20251029_115314
1761735141.1135569,5355502,1371008512,1371.008512,114,198,137,2,20251029_115314
1761735141.1235409,5355541,1371018496,1371.018496,117,198,136,2,20251029_115314
1761735141.133525,5355580,1371028480,1371.02848,120,198,137,2,20251029_115314
1761735141.143509,5355619,1371038464,1371.038464,123,197,138,2,20251029_115314
1761735141.153493,5355658,1371048448,1371.048448,126,197,138,2,20251029_115314
1761735141.163477,5355697,1371058432,1371.058432,129,198,138,2,20251029_115314
1761735141.173461,5355736,1371068416,1371.068416,132,197,138,2,20251029_115314
1761735141.1834447,5355775,1371078400,1371.0784,134,197,138,2,20251029_115314
1761735141.1934288,5355814,1371088384,1371.088384,137,197,138,2,20251029_115314
1761735141.2034128,5355853,1371098368,1371.098368,140,197,140,2,20251029_115314
1761735141.2133968,5355892,1371108352,1371.108352,143,197,141,2,20251029_115314
1761735141.2233808,5355931,1371118336,1371.118336,146,198,142,2,20251029_115314
1761735141.233621,5355971,1371128576,1371.128576,148,197,144,2,20251029_115314
1761735141.243605,5356010,1371138560,1371.13856,151,198,145,2,20251029_115314
1761735141.253589,5356049,1371148544,1371.148544,154,197,147,2,20251029_115314
1761735141.263573,5356088,1371158528,1371.158528,157,197,149,2,20251029_115314
1761735141.273557,5356127,1371168512,1371.168512,160,198,151,2,20251029_115314
1761735141.2835407,5356166,1371178496,1371.178496,163,198,154,2,20251029_115314
1761735141.2935247,5356205,1371188480,1371.18848,167,198,158,2,20251029_115314
1761735141.3035088,5356244,1371198464,1371.198464,170,197,162,2,20251029_115314
1761735141.3134928,5356283,1371208448,1371.208448,174,198,166,2,20251029_115314
1761735141.3234768,5356322,1371218432,1371.218432,178,198,166,2,20251029_115314
1761735141.3334608,5356361,1371228416,1371.228416,182,198,167,2,20251029_115314
1761735141.3434448,5356400,1371238400,1371.2384,186,198,168,2,20251029_115314
1761735141.3534288,5356439,1371248384,1371.248384,190,198,169,2,20251029_115314
1761735141.3634129,5356478,1371258368,1371.258368,194,198,169,2,20251029_115314
1761735141.373653,5356518,1371268608,1371.268608,198,198,170,2,20251029_115314
1761735141.383637,5356557,1371278592,1371.278592,202,198,170,2,20251029_115314
1761735141.3936207,5356596,1371288576,1371.288576,206,198,170,2,20251029_115314
1761735141.4036047,5356635,1371298560,1371.29856,210,198,170,2,20251029_115314
1761735141.4135888,5356674,1371308544,1371.308544,214,198,171,2,20251029_115314
1761735141.4235728,5356713,1371318528,1371.318528,217,198,170,2,20251029_115314
1761735141.4335568,5356752,1371328512,1371.328512,221,198,170,2,20251029_115314
1761735141.4435408,5356791,1371338496,1371.338496,225,198,171,2,20251029_115314
1761735141.4535248,5356830,1371348480,1371.34848,228,198,171,2,20251029_115314
1761735141.4635088,5356869,1371358464,1371.358464,232,198,171,2,20251029_115314
1761735141.4734929,5356908,1371368448,1371.368448,235,199,171,2,20251029_115314
1761735141.4834769,5356947,1371378432,1371.378432,238,198,171,2,20251029_115314
1761735141.493461,5356986,1371388416,1371.388416,242,198,171,2,20251029_115314
1761735141.503445,5357025,1371398400,1371.3984,245,199,171,2,20251029_115314
1761735141.5136847,5357065,1371408640,1371.40864,248,199,171,2,20251029_115314
1761735141.5236688,5357104,1371418624,1371.418624,251,199,171,2,20251029_115314
1761735141.5336528,5357143,1371428608,1371.428608,254,199,171,2,20251029_115314
1761735141.5436368,5357182,1371438592,1371.438592,2,199,171,2,20251029_115314
1761735141.5536208,5357221,1371448576,1371.448576,4,199,171,2,20251029_115314
1761735141.5636048,5357260,1371458560,1371.45856,7,199,171,2,20251029_115314
1761735141.5735888,5357299,1371468544,1371.468544,10,199,171,2,20251029_115314
1761735141.5835729,5357338,1371478528,1371.478528,12,199,171,2,20251029_115314
1761735141.593557,5357377,1371488512,1371.488512,15,199,170,2,20251029_115314
1761735141.603541,5357416,1371498496,1371.498496,18,199,171,2,20251029_115314
1761735141.613525,5357455,1371508480,1371.50848,20,199,171,2,20251029_115314
1761735141.623509,5357494,1371518464,1371.518464,23,199,171,2,20251029_115314
1761735141.633493,5357533,1371528448,1371.528448,25,199,170,2,20251029_115314
1761735141.6437328,5357573,1371538688,1371.538688,27,199,170,2,20251029_115314
1761735141.6537168,5357612,1371548672,1371.548672,30,199,170,2,20251029_115314
1761735141.6637008,5357651,1371558656,1371.558656,32,199,168,2,20251029_115314
1761735141.6736848,5357690,1371568640,1371.56864,35,199,166,2,20251029_115314
1761735141.6836689,5357729,1371578624,1371.578624,37,199,161,2,20251029_115314
1761735141.6936529,5357768,1371588608,1371.588608,40,199,158,2,20251029_115314
1761735141.703637,5357807,1371598592,1371.598592,43,199,154,2,20251029_115314
1761735141.713621,5357846,1371608576,1371.608576,47,199,151,2,20251029_115314
1761735141.723605,5357885,1371618560,1371.61856,50,199,149,2,20251029_115314
1761735141.733589,5357924,1371628544,1371.628544,53,199,145,2,20251029_115314
1761735141.743573,5357963,1371638528,1371.638528,57,199,141,2,20251029_115314
1761735141.7535567,5358002,1371648512,1371.648512,61,198,139,2,20251029_115314
1761735141.7635407,5358041,1371658496,1371.658496,65,199,136,2,20251029_115314
1761735141.7735248,5358080,1371668480,1371.66848,69,199,135,2,20251029_115314
1761735141.7837648,5358120,1371678720,1371.67872,73,199,135,2,20251029_115314
1761735141.7937489,5358159,1371688704,1371.688704,77,199,135,2,20251029_115314
1761735141.8037329,5358198,1371698688,1371.698688,81,199,134,2,20251029_115314
1761735141.813717,5358237,1371708672,1371.708672,85,199,135,2,20251029_115314
1761735141.823701,5358276,1371718656,1371.718656,89,198,133,2,20251029_115314
1761735141.833685,5358315,1371728640,1371.72864,93,199,134,2,20251029_115314
1761735141.843669,5358354,1371738624,1371.738624,96,198,134,2,20251029_115314
1761735141.853653,5358393,1371748608,1371.748608,100,198,134,2,20251029_115314
1761735141.8636367,5358432,1371758592,1371.758592,104,198,134,2,20251029_115314
1761735141.8736207,5358471,1371768576,1371.768576,107,198,134,2,20251029_115314
1761735141.8836048,5358510,1371778560,1371.77856,110,198,134,2,20251029_115314
1761735141.8935888,5358549,1371788544,1371.788544,114,198,135,2,20251029_115314
1761735141.9035728,5358588,1371798528,1371.798528,117,198,135,2,20251029_115314
1761735141.9135568,5358627,1371808512,1371.808512,120,198,136,2,20251029_115314
1761735141.923797,5358667,1371818752,1371.818752,123,197,137,2,20251029_115314
1761735141.933781,5358706,1371828736,1371.828736,126,198,137,2,20251029_115314
1761735141.943765,5358745,1371838720,1371.83872,129,198,139,2,20251029_115314
1761735141.953749,5358784,1371848704,1371.848704,132,198,141,2,20251029_115314
1761735141.963733,5358823,1371858688,1371.858688,135,197,143,2,20251029_115314
1761735141.9737167,5358862,1371868672,1371.868672,137,197,145,2,20251029_115314
1761735141.9837008,5358901,1371878656,1371.878656,140,197,148,2,20251029_115314
1761735141.9936848,5358940,1371888640,1371.88864,144,198,153,2,20251029_115314
1761735142.0036688,5358979,1371898624,1371.898624,147,198,157,2,20251029_115314
1761735142.0136528,5359018,1371908608,1371.908608,150,198,162,2,20251029_115314
1761735142.0236368,5359057,1371918592,1371.918592,154,198,164,2,20251029_115314
1761735142.0336208,5359096,1371928576,1371.928576,158,198,166,2,20251029_115314
1761735142.0436049,5359135,1371938560,1371.93856,162,198,167,2,20251029_115314
1761735142.0535889,5359174,1371948544,1371.948544,166,198,169,2,20251029_115314
1761735142.063829,5359214,1371958784,1371.958784,170,198,169,2,20251029_115314
1761735142.0738127,5359253,1371968768,1371.968768,174,198,169,2,20251029_115314
1761735142.0837967,5359292,1371978752,1371.978752,178,198,170,2,20251029_115314
1761735142.0937808,5359331,1371988736,1371.988736,182,198,170,2,20251029_115314
1761735142.1037648,5359370,1371998720,1371.99872,186,198,170,2,20251029_115314
1761735142.1137488,5359409,1372008704,1372.008704,190,198,170,2,20251029_115314
1761735142.1237328,5359448,1372018688,1372.018688,195,198,172,2,20251029_115314
1761735142.1337168,5359487,1372028672,1372.028672,199,198,170,2,20251029_115314
1761735142.1437008,5359526,1372038656,1372.038656,203,198,172,2,20251029_115314
1761735142.1536849,5359565,1372048640,1372.04864,207,198,170,2,20251029_115314
1761735142.1636689,5359604,1372058624,1372.058624,211,198,171,2,20251029_115314
1761735142.173653,5359643,1372068608,1372.068608,214,198,171,2,20251029_115314
1761735142.183637,5359682,1372078592,1372.078592,218,198,171,2,20251029_115314
1761735142.193621,5359721,1372088576,1372.088576,222,198,171,2,20251029_115314
1761735142.203605,5359760,1372098560,1372.09856,226,198,171,2,20251029_115314
1761735142.2138448,5359800,1372108800,1372.1088,229,198,171,2,20251029_115314
1761735142.2238288,5359839,1372118784,1372.118784,233,198,172,2,20251029_115314
1761735142.2338128,5359878,1372128768,1372.128768,236,199,171,2,20251029_115314
1761735142.2437968,5359917,1372138752,1372.138752,239,198,171,2,20251029_115314
1761735142.2537808,5359956,1372148736,1372.148736,242,199,171,2,20251029_115314
1761735142.2637649,5359995,1372158720,1372.15872,246,199,172,2,20251029_115314
1761735142.2737489,5360034,1372168704,1372.168704,249,199,171,2,20251029_115314
1761735142.283733,5360073,1372178688,1372.178688,252,199,171,2,20251029_115314
1761735142.293717,5360112,1372188672,1372.188672,254,199,171,2,20251029_115314
1761735142.303701,5360151,1372198656,1372.198656,2,199,171,2,20251029_115314
1761735142.313685,5360190,1372208640,1372.20864,5,199,171,2,20251029_115314
1761735142.323669,5360229,1372218624,1372.218624,8,199,171,2,20251029_115314
1761735142.3336527,5360268,1372228608,1372.228608,10,199,171,2,20251029_115314
1761735142.3436368,5360307,1372238592,1372.238592,13,199,170,2,20251029_115314
1761735142.3536208,5360346,1372248576,1372.248576,16,199,171,2,20251029_115314
1761735142.3638608,5360386,1372258816,1372.258816,18,199,171,2,20251029_115314
1761735142.3738449,5360425,1372268800,1372.2688,21,199,171,2,20251029_115314
1761735142.3838289,5360464,1372278784,1372.278784,23,199,171,2,20251029_115314
1761735142.393813,5360503,1372288768,1372.288768,25,199,171,2,20251029_115314
1761735142.403797,5360542,1372298752,1372.298752,28,199,171,2,20251029_115314
1761735142.413781,5360581,1372308736,1372.308736,30,199,170,2,20251029_115314
1761735142.423765,5360620,1372318720,1372.31872,32,199,170,2,20251029_115314
1761735142.433749,5360659,1372328704,1372.328704,35,199,170,2,20251029_115314
1761735142.4437327,5360698,1372338688,1372.338688,37,199,168,2,20251029_115314
1761735142.4537168,5360737,1372348672,1372.348672,39,198,167,2,20251029_115314
1761735142.4637008,5360776,1372358656,1372.358656,42,199,164,2,20251029_115314
1761735142.4736848,5360815,1372368640,1372.36864,45,199,161,2,20251029_115314
1761735142.4836688,5360854,1372378624,1372.378624,48,199,157,2,20251029_115314
1761735142.4936528,5360893,1372388608,1372.388608,51,199,153,2,20251029_115314
1761735142.503893,5360933,1372398848,1372.398848,54,199,149,2,20251029_115314
1761735142.513877,5360972,1372408832,1372.408832,58,199,147,2,20251029_115314
1761735142.523861,5361011,1372418816,1372.418816,61,199,143,2,20251029_115314
1761735142.533845,5361050,1372428800,1372.4288,65,199,140,2,20251029_115314
1761735142.5438287,5361089,1372438784,1372.438784,69,199,136,2,20251029_115314
1761735142.5538127,5361128,1372448768,1372.448768,73,198,135,2,20251029_115314
1761735142.5637968,5361167,1372458752,1372.458752,77,198,135,2,20251029_115314
1761735142.5737808,5361206,1372468736,1372.468736,81,199,136,2,20251029_115314
1761735142.5837648,5361245,1372478720,1372.47872,85,199,134,2,20251029_115314
1761735142.5937488,5361284,1372488704,1372.488704,89,198,135,2,20251029_115314
1761735142.6037328,5361323,1372498688,1372.498688,93,198,134,2,20251029_115314
1761735142.6137168,5361362,1372508672,1372.508672,96,198,135,2,20251029_115314
1761735142.6237009,5361401,1372518656,1372.518656,100,198,134,2,20251029_115314
1761735142.6336849,5361440,1372528640,1372.52864,104,198,134,2,20251029_115314
1761735142.643925,5361480,1372538880,1372.53888,107,198,134,2,20251029_115314
1761735142.6539087,5361519,1372548864,1372.548864,110,198,135,2,20251029_115314
1761735142.6638927,5361558,1372558848,1372.558848,113,198,134,2,20251029_115314
1761735142.6738768,5361597,1372568832,1372.568832,117,198,135,2,20251029_115314
1761735142.6838608,5361636,1372578816,1372.578816,120,198,135,2,20251029_115314
1761735142.6938448,5361675,1372588800,1372.5888,123,197,134,2,20251029_115314
1761735142.7038288,5361714,1372598784,1372.598784,126,198,134,2,20251029_115314
1761735142.7138128,5361753,1372608768,1372.608768,129,198,134,2,20251029_115314
1761735142.7237968,5361792,1372618752,1372.618752,131,198,134,2,20251029_115314
1761735142.7337809,5361831,1372628736,1372.628736,134,197,135,2,20251029_115314
1761735142.7437649,5361870,1372638720,1372.63872,137,197,134,2,20251029_115314
1761735142.753749,5361909,1372648704,1372.648704,139,198,134,2,20251029_115314
1761735142.763733,5361948,1372658688,1372.658688,142,197,136,2,20251029_115314
1761735142.773717,5361987,1372668672,1372.668672,145,197,136,2,20251029_115314
1761735142.7839568,5362027,1372678912,1372.678912,147,198,136,2,20251029_115314
1761735142.7939408,5362066,1372688896,1372.688896,150,197,137,2,20251029_115314
1761735142.8039248,5362105,1372698880,1372.69888,152,197,139,2,20251029_115314
1761735142.8139088,5362144,1372708864,1372.708864,155,198,139,2,20251029_115314
1761735142.8238928,5362183,1372718848,1372.718848,157,198,139,2,20251029_115314
1761735142.8338768,5362222,1372728832,1372.728832,160,199,141,2,20251029_115314
1761735142.8438609,5362261,1372738816,1372.738816,162,198,141,2,20251029_115314
1761735142.853845,5362300,1372748800,1372.7488,165,198,143,2,20251029_115314
1761735142.863829,5362339,1372758784,1372.758784,168,198,146,2,20251029_115314
1761735142.873813,5362378,1372768768,1372.768768,170,198,147,2,20251029_115314
1761735142.883797,5362417,1372778752,1372.778752,173,198,148,2,20251029_115314
1761735142.893781,5362456,1372788736,1372.788736,176,198,151,2,20251029_115314
1761735142.9037647,5362495,1372798720,1372.79872,180,198,153,2,20251029_115314
1761735142.9137487,5362534,1372808704,1372.808704,183,198,157,2,20251029_115314
1761735142.9237328,5362573,1372818688,1372.818688,186,198,160,2,20251029_115314
1761735142.9339728,5362613,1372828928,1372.828928,190,198,163,2,20251029_115314
1761735142.9439569,5362652,1372838912,1372.838912,194,199,164,2,20251029_115314
1761735142.9539409,5362691,1372848896,1372.848896,198,198,166,2,20251029_115314
1761735142.963925,5362730,1372858880,1372.85888,202,198,167,2,20251029_115314
1761735142.973909,5362769,1372868864,1372.868864,205,198,168,2,20251029_115314
1761735142.983893,5362808,1372878848,1372.878848,209,200,171,2,20251029_115314
1761735142.993877,5362847,1372888832,1372.888832,213,198,169,2,20251029_115314
1761735143.003861,5362886,1372898816,1372.898816,217,198,170,2,20251029_115314
1761735143.0138447,5362925,1372908800,1372.9088,221,199,170,2,20251029_115314
1761735143.0238287,5362964,1372918784,1372.918784,224,199,170,2,20251029_115314
1761735143.0338128,5363003,1372928768,1372.928768,228,199,170,2,20251029_115314
1761735143.0437968,5363042,1372938752,1372.938752,231,199,171,2,20251029_115314
1761735143.0537808,5363081,1372948736,1372.948736,235,199,170,2,20251029_115314
1761735143.0637648,5363120,1372958720,1372.95872,238,199,170,2,20251029_115314
1761735143.074005,5363160,1372968960,1372.96896,241,199,170,2,20251029_115314
1761735143.083989,5363199,1372978944,1372.978944,244,199,170,2,20251029_115314
1761735143.093973,5363238,1372988928,1372.988928,247,199,170,2,20251029_115314
1761735143.103957,5363277,1372998912,1372.998912,250,199,170,2,20251029_115314
1761735143.113941,5363316,1373008896,1373.008896,253,199,171,2,20251029_115314
1761735143.1239247,5363355,1373018880,1373.01888,1,199,171,2,20251029_115314
1761735143.1339087,5363394,1373028864,1373.028864,4,199,170,2,20251029_115314
1761735143.1438928,5363433,1373038848,1373.038848,7,199,171,2,20251029_115314
1761735143.1538768,5363472,1373048832,1373.048832,9,199,171,2,20251029_115314
1761735143.1638608,5363511,1373058816,1373.058816,12,199,171,2,20251029_115314
1761735143.1741009,5363551,1373069056,1373.069056,15,199,171,2,20251029_115314
1761735143.184085,5363590,1373079040,1373.07904,17,199,171,2,20251029_115314
1761735143.194069,5363629,1373089024,1373.089024,20,199,170,2,20251029_115314
1761735143.204053,5363668,1373099008,1373.099008,22,199,171,2,20251029_115314
1761735143.214037,5363707,1373108992,1373.108992,24,199,171,2,20251029_115314
1761735143.224021,5363746,1373118976,1373.118976,27,199,170,2,20251029_115314
1761735143.2340047,5363785,1373128960,1373.12896,29,199,171,2,20251029_115314
1761735143.2442448,5363825,1373139200,1373.1392,31,199,171,2,20251029_115314
1761735143.2542288,5363864,1373149184,1373.149184,34,199,171,2,20251029_115314
1761735143.2642128,5363903,1373159168,1373.159168,36,199,171,2,20251029_115314
1761735143.2741969,5363942,1373169152,1373.169152,38,199,171,2,20251029_115314
1761735143.2841809,5363981,1373179136,1373.179136,40,199,172,2,20251029_115314
1761735143.294165,5364020,1373189120,1373.18912,43,199,171,2,20251029_115314
1761735143.304149,5364059,1373199104,1373.199104,45,199,171,2,20251029_115314
1761735143.314133,5364098,1373209088,1373.209088,47,198,171,2,20251029_115314
1761735143.3243728,5364138,1373219328,1373.219328,49,199,170,2,20251029_115314
1761735143.3343568,5364177,1373229312,1373.229312,51,199,170,2,20251029_115314
1761735143.3443408,5364216,1373239296,1373.239296,54,199,170,2,20251029_115314
1761735143.3543248,5364255,1373249280,1373.24928,56,199,170,2,20251029_115314
1761735143.3643088,5364294,1373259264,1373.259264,58,199,170,2,20251029_115314
1761735143.3742929,5364333,1373269248,1373.269248,60,199,170,2,20251029_115314
1761735143.384533,5364373,1373279488,1373.279488,63,199,169,2,20251029_115314
1761735143.394517,5364412,1373289472,1373.289472,65,199,168,2,20251029_115314
1761735143.4045007,5364451,1373299456,1373.299456,67,199,167,2,20251029_115314
1761735143.4144847,5364490,1373309440,1373.30944,70,199,166,2,20251029_115314
1761735143.4244688,5364529,1373319424,1373.319424,72,199,164,2,20251029_115314
1761735143.4344528,5364568,1373329408,1373.329408,75,199,163,2,20251029_115314
1761735143.4444368,5364607,1373339392,1373.339392,78,198,158,2,20251029_115314
1761735143.4544208,5364646,1373349376,1373.349376,81,198,156,2,20251029_115314
1761735143.464661,5364686,1373359616,1373.359616,84,198,153,2,20251029_115314
1761735143.474645,5364725,1373369600,1373.3696,87,199,150,2,20251029_115314
1761735143.484629,5364764,1373379584,1373.379584,91,198,147,2,20251029_115314
1761735143.494613,5364803,1373389568,1373.389568,94,198,145,2,20251029_115314
1761735143.504597,5364842,1373399552,1373.399552,98,198,142,2,20251029_115314
1761735143.5145807,5364881,1373409536,1373.409536,101,198,140,2,20251029_115314
1761735143.5248208,5364921,1373419776,1373.419776,104,198,137,2,20251029_115314
1761735143.5348048,5364960,1373429760,1373.42976,108,198,135,2,20251029_115314
1761735143.5447888,5364999,1373439744,1373.439744,111,198,135,2,20251029_115314
1761735143.5547729,5365038,1373449728,1373.449728,114,198,135,2,20251029_115314
1761735143.5647569,5365077,1373459712,1373.459712,117,198,136,2,20251029_115314
1761735143.574741,5365116,1373469696,1373.469696,121,197,136,2,20251029_115314
1761735143.584725,5365155,1373479680,1373.47968,124,198,137,2,20251029_115314
1761735143.5949647,5365195,1373489920,1373.48992,126,197,137,2,20251029_115314
1761735143.6049488,5365234,1373499904,1373.499904,129,197,138,2,20251029_115314
1761735143.6149328,5365273,1373509888,1373.509888,132,198,138,2,20251029_115314
1761735143.6249168,5365312,1373519872,1373.519872,135,198,138,2,20251029_115314
1761735143.6349008,5365351,1373529856,1373.529856,138,198,139,2,20251029_115314
1761735143.6448848,5365390,1373539840,1373.53984,141,197,139,2,20251029_115314
1761735143.6548688,5365429,1373549824,1373.549824,143,198,140,2,20251029_115314
1761735143.6648529,5365468,1373559808,1373.559808,146,198,141,2,20251029_115314
1761735143.675093,5365508,1373570048,1373.570048,149,198,142,2,20251029_115314
1761735143.685077,5365547,1373580032,1373.580032,152,198,143,2,20251029_115314
1761735143.6950607,5365586,1373590016,1373.590016,154,198,144,2,20251029_115314
1761735143.7050447,5365625,1373600000,1373.6,157,198,145,2,20251029_115314
1761735143.7150288,5365664,1373609984,1373.609984,160,198,147,2,20251029_115314
1761735143.7250128,5365703,1373619968,1373.619968,163,198,149,2,20251029_115314
1761735143.7349968,5365742,1373629952,1373.629952,166,198,151,2,20251029_115314
1761735143.7449808,5365781,1373639936,1373.639936,169,198,154,2,20251029_115314
1761735143.7549648,5365820,1373649920,1373.64992,172,198,158,2,20251029_115314
1761735143.7649488,5365859,1373659904,1373.659904,176,198,161,2,20251029_115314
1761735143.7749329,5365898,1373669888,1373.669888,180,198,164,2,20251029_115314
1761735143.7849169,5365937,1373679872,1373.679872,184,198,165,2,20251029_115314
1761735143.794901,5365976,1373689856,1373.689856,188,198,166,2,20251029_115314
1761735143.804885,5366015,1373699840,1373.69984,192,198,167,2,20251029_115314
1761735143.8151248,5366055,1373710080,1373.71008,195,198,168,2,20251029_115314
1761735143.8251088,5366094,1373720064,1373.720064,199,198,169,2,20251029_115314
1761735143.8350928,5366133,1373730048,1373.730048,203,198,170,2,20251029_115314
1761735143.8450768,5366172,1373740032,1373.740032,207,198,170,2,20251029_115314
1761735143.8550608,5366211,1373750016,1373.750016,211,198,170,2,20251029_115314
1761735143.8650448,5366250,1373760000,1373.76,215,198,170,2,20251029_115314
1761735143.8750288,5366289,1373769984,1373.769984,219,198,170,2,20251029_115314
1761735143.8850129,5366328,1373779968,1373.779968,222,199,170,2,20251029_115314
1761735143.894997,5366367,1373789952,1373.789952,226,199,170,2,20251029_115314
1761735143.904981,5366406,1373799936,1373.799936,230,199,171,2,20251029_115314
1761735143.914965,5366445,1373809920,1373.80992,233,199,171,2,20251029_115314
1761735143.924949,5366484,1373819904,1373.819904,236,199,171,2,20251029_115314
1761735143.934933,5366523,1373829888,1373.829888,240,199,171,2,20251029_115314
1761735143.9449167,5366562,1373839872,1373.839872,243,199,171,2,20251029_115314
1761735143.9549007,5366601,1373849856,1373.849856,246,199,171,2,20251029_115314
1761735143.9651408,5366641,1373860096,1373.860096,249,200,171,2,20251029_115314
1761735143.9751248,5366680,1373870080,1373.87008,252,199,171,2,20251029_115314
1761735143.9851089,5366719,1373880064,1373.880064,0,199,171,2,20251029_115314
1761735143.9950929,5366758,1373890048,1373.890048,3,199,172,2,20251029_115314
1761735144.005077,5366797,1373900032,1373.900032,5,199,171,2,20251029_115314
1761735144.015061,5366836,1373910016,1373.910016,8,199,172,2,20251029_115314
1761735144.025045,5366875,1373920000,1373.92,11,199,171,2,20251029_115314
1761735144.035029,5366914,1373929984,1373.929984,13,199,171,2,20251029_115314
1761735144.045013,5366953,1373939968,1373.939968,16,199,171,2,20251029_115314
1761735144.0549967,5366992,1373949952,1373.949952,18,199,171,2,20251029_115314
1761735144.0649807,5367031,1373959936,1373.959936,21,199,171,2,20251029_115314
1761735144.0749648,5367070,1373969920,1373.96992,23,199,171,2,20251029_115314
1761735144.0849488,5367109,1373979904,1373.979904,26,199,170,2,20251029_115314
1761735144.0949328,5367148,1373989888,1373.989888,28,199,170,2,20251029_115314
1761735144.1051729,5367188,1374000128,1374.000128,31,199,169,2,20251029_115314
1761735144.115157,5367227,1374010112,1374.010112,33,199,169,2,20251029_115314
1761735144.125141,5367266,1374020096,1374.020096,35,199,167,2,20251029_115314
1761735144.135125,5367305,1374030080,1374.03008,38,199,166,2,20251029_115314
1761735144.145109,5367344,1374040064,1374.040064,40,199,165,2,20251029_115314
1761735144.155093,5367383,1374050048,1374.050048,43,200,161,2,20251029_115314
1761735144.1650767,5367422,1374060032,1374.060032,46,199,158,2,20251029_115314
1761735144.1750607,5367461,1374070016,1374.070016,49,199,156,2,20251029_115314
1761735144.1850448,5367500,1374080000,1374.08,52,199,154,2,20251029_115314
1761735144.1950288,5367539,1374089984,1374.089984,55,199,150,2,20251029_115314
1761735144.2050128,5367578,1374099968,1374.099968,59,199,148,2,20251029_115314
1761735144.2149968,5367617,1374109952,1374.109952,62,199,147,2,20251029_115314
1761735144.2249808,5367656,1374119936,1374.119936,66,199,144,2,20251029_115314
1761735144.2349648,5367695,1374129920,1374.12992,69,199,141,2,20251029_115314
1761735144.245205,5367735,1374140160,1374.14016,73,199,139,2,20251029_115314
1761735144.255189,5367774,1374150144,1374.150144,77,199,137,2,20251029_115314
1761735144.265173,5367813,1374160128,1374.160128,81,199,135,2,20251029_115314
1761735144.2751567,5367852,1374170112,1374.170112,85,199,135,2,20251029_115314
1761735144.2851408,5367891,1374180096,1374.180096,89,199,134,2,20251029_115314
1761735144.2951248,5367930,1374190080,1374.19008,93,198,135,2,20251029_115314
1761735144.3051088,5367969,1374200064,1374.200064,96,198,134,2,20251029_115314
1761735144.3150928,5368008,1374210048,1374.210048,100,198,134,2,20251029_115314
1761735144.3250768,5368047,1374220032,1374.220032,103,198,134,2,20251029_115314
1761735144.3350608,5368086,1374230016,1374.230016,107,198,134,2,20251029_115314
1761735144.3450449,5368125,1374240000,1374.24,110,198,134,2,20251029_115314
1761735144.3550289,5368164,1374249984,1374.249984,113,198,134,2,20251029_115314
1761735144.365013,5368203,1374259968,1374.259968,116,198,136,2,20251029_115314
1761735144.374997,5368242,1374269952,1374.269952,120,198,136,2,20251029_115314
1761735144.384981,5368281,1374279936,1374.279936,123,197,137,2,20251029_115314
1761735144.3952208,5368321,1374290176,1374.290176,126,198,138,2,20251029_115314
1761735144.4052048,5368360,1374300160,1374.30016,129,197,139,2,20251029_115314
1761735144.4151888,5368399,1374310144,1374.310144,131,198,141,2,20251029_115314
1761735144.4251728,5368438,1374320128,1374.320128,134,198,143,2,20251029_115314
1761735144.4351568,5368477,1374330112,1374.330112,137,198,145,2,20251029_115314
1761735144.4451408,5368516,1374340096,1374.340096,140,198,149,2,20251029_115314
1761735144.4551249,5368555,1374350080,1374.35008,143,198,152,2,20251029_115314
1761735144.4651089,5368594,1374360064,1374.360064,147,198,156,2,20251029_115314
1761735144.475093,5368633,1374370048,1374.370048,150,198,161,2,20251029_115314
1761735144.485077,5368672,1374380032,1374.380032,154,198,164,2,20251029_115314
1761735144.495061,5368711,1374390016,1374.390016,158,198,165,2,20251029_115314
1761735144.505045,5368750,1374400000,1374.4,161,198,166,2,20251029_115314
1761735144.515029,5368789,1374409984,1374.409984,165,198,168,2,20251029_115314
1761735144.5250127,5368828,1374419968,1374.419968,169,198,168,2,20251029_115314
1761735144.5349967,5368867,1374429952,1374.429952,173,198,169,2,20251029_115314
1761735144.5452368,5368907,1374440192,1374.440192,178,198,170,2,20251029_115314
1761735144.5552208,5368946,1374450176,1374.450176,182,198,170,2,20251029_115314
1761735144.5652049,5368985,1374460160,1374.46016,186,198,170,2,20251029_115314
1761735144.5751889,5369024,1374470144,1374.470144,190,198,170,2,20251029_115314
1761735144.585173,5369063,1374480128,1374.480128,194,198,170,2,20251029_115314
1761735144.595157,5369102,1374490112,1374.490112,198,198,170,2,20251029_115314
1761735144.605141,5369141,1374500096,1374.500096,202,198,170,2,20251029_115314
1761735144.615125,5369180,1374510080,1374.51008,206,198,171,2,20251029_115314
1761735144.625109,5369219,1374520064,1374.520064,210,198,170,2,20251029_115314
1761735144.6350927,5369258,1374530048,1374.530048,214,198,170,2,20251029_115314
1761735144.6450768,5369297,1374540032,1374.540032,218,198,171,2,20251029_115314
1761735144.6550608,5369336,1374550016,1374.550016,221,199,171,2,20251029_115314
1761735144.6650448,5369375,1374560000,1374.56,225,198,171,2,20251029_115314
1761735144.6750288,5369414,1374569984,1374.569984,229,199,171,2,20251029_115314
1761735144.6852689,5369454,1374580224,1374.580224,232,199,172,2,20251029_115314
1761735144.695253,5369493,1374590208,1374.590208,235,198,171,2,20251029_115314
1761735144.705237,5369532,1374600192,1374.600192,239,199,171,2,20251029_115314
1761735144.715221,5369571,1374610176,1374.610176,242,199,171,2,20251029_115314
1761735144.725205,5369610,1374620160,1374.62016,245,199,171,2,20251029_115314
1761735144.7351887,5369649,1374630144,1374.630144,248,199,171,2,20251029_115314
1761735144.7451727,5369688,1374640128,1374.640128,251,199,171,2,20251029_115314
1761735144.7551568,5369727,1374650112,1374.650112,254,199,171,2,20251029_115314
1761735144.7651408,5369766,1374660096,1374.660096,2,199,171,2,20251029_115314
1761735144.7751248,5369805,1374670080,1374.67008,5,199,171,2,20251029_115314
1761735144.7851088,5369844,1374680064,1374.680064,7,199,172,2,20251029_115314
1761735144.7950928,5369883,1374690048,1374.690048,10,199,171,2,20251029_115314
1761735144.8050768,5369922,1374700032,1374.700032,13,199,171,2,20251029_115314
1761735144.8150609,5369961,1374710016,1374.710016,15,199,171,2,20251029_115314
1761735144.825301,5370001,1374720256,1374.720256,18,199,171,2,20251029_115314
1761735144.835285,5370040,1374730240,1374.73024,20,199,170,2,20251029_115314
1761735144.8452687,5370079,1374740224,1374.740224,23,199,171,2,20251029_115314
1761735144.8552527,5370118,1374750208,1374.750208,25,199,171,2,20251029_115314
1761735144.8652368,5370157,1374760192,1374.760192,27,199,170,2,20251029_115314
1761735144.8752208,5370196,1374770176,1374.770176,30,199,170,2,20251029_115314
1761735144.8852048,5370235,1374780160,1374.78016,32,199,170,2,20251029_115314
1761735144.8951888,5370274,1374790144,1374.790144,34,199,169,2,20251029_115314
1761735144.9051728,5370313,1374800128,1374.800128,37,199,166,2,20251029_115314
1761735144.9151568,5370352,1374810112,1374.810112,39,199,163,2,20251029_115314
1761735144.9251409,5370391,1374820096,1374.820096,42,199,160,2,20251029_115314
1761735144.9351249,5370430,1374830080,1374.83008,45,199,157,2,20251029_115314
1761735144.945109,5370469,1374840064,1374.840064,48,199,153,2,20251029_115314
1761735144.955093,5370508,1374850048,1374.850048,52,199,150,2,20251029_115314
1761735144.965077,5370547,1374860032,1374.860032,55,199,146,2,20251029_115314
1761735144.9753168,5370587,1374870272,1374.870272,59,199,143,2,20251029_115314
1761735144.9853008,5370626,1374880256,1374.880256,63,199,140,2,20251029_115314
1761735144.9952848,5370665,1374890240,1374.89024,67,199,138,2,20251029_115314
1761735145.0052688,5370704,1374900224,1374.900224,71,199,135,2,20251029_115314
1761735145.0152528,5370743,1374910208,1374.910208,75,199,135,2,20251029_115314
1761735145.0252368,5370782,1374920192,1374.920192,79,199,135,2,20251029_115314
1761735145.0352209,5370821,1374930176,1374.930176,83,199,135,2,20251029_115314
1761735145.0452049,5370860,1374940160,1374.94016,87,199,134,2,20251029_115314
1761735145.055189,5370899,1374950144,1374.950144,91,199,134,2,20251029_115314
1761735145.065173,5370938,1374960128,1374.960128,94,199,134,2,20251029_115314
1761735145.075157,5370977,1374970112,1374.970112,98,198,136,2,20251029_115314
1761735145.085141,5371016,1374980096,1374.980096,102,198,134,2,20251029_115314
1761735145.095125,5371055,1374990080,1374.99008,105,198,135,2,20251029_115314
1761735145.1051087,5371094,1375000064,1375.000064,108,198,134,2,20251029_115314
1761735145.1153488,5371134,1375010304,1375.010304,112,198,134,2,20251029_115314
1761735145.1253328,5371173,1375020288,1375.020288,115,198,135,2,20251029_115314
1761735145.1353168,5371212,1375030272,1375.030272,118,198,135,2,20251029_115314
1761735145.1453009,5371251,1375040256,1375.040256,121,198,136,2,20251029_115314
1761735145.155285,5371290,1375050240,1375.05024,124,198,136,2,20251029_115314
1761735145.165269,5371329,1375060224,1375.060224,127,198,137,2,20251029_115314
1761735145.175253,5371368,1375070208,1375.070208,130,198,138,2,20251029_115314
1761735145.185237,5371407,1375080192,1375.080192,133,198,139,2,20251029_115314
1761735145.195221,5371446,1375090176,1375.090176,136,198,141,2,20251029_115314
1761735145.2052047,5371485,1375100160,1375.10016,138,198,142,2,20251029_115314
1761735145.2151887,5371524,1375110144,1375.110144,141,198,144,2,20251029_115314
1761735145.2251728,5371563,1375120128,1375.120128,144,198,148,2,20251029_115314
1761735145.2351568,5371602,1375130112,1375.130112,147,198,151,2,20251029_115314
1761735145.2451408,5371641,1375140096,1375.140096,151,198,155,2,20251029_115314
1761735145.2553809,5371681,1375150336,1375.150336,154,198,159,2,20251029_115314
1761735145.265365,5371720,1375160320,1375.16032,158,198,163,2,20251029_115314
1761735145.275349,5371759,1375170304,1375.170304,161,198,165,2,20251029_115314
1761735145.285333,5371798,1375180288,1375.180288,165,198,167,2,20251029_115314
1761735145.295317,5371837,1375190272,1375.190272,169,198,168,2,20251029_115314
1761735145.305301,5371876,1375200256,1375.200256,173,198,169,2,20251029_115314
1761735145.3152847,5371915,1375210240,1375.21024,177,198,169,2,20251029_115314
1761735145.3252687,5371954,1375220224,1375.220224,181,198,169,2,20251029_115314
1761735145.3352528,5371993,1375230208,1375.230208,186,198,170,2,20251029_115314
1761735145.3452368,5372032,1375240192,1375.240192,190,198,170,2,20251029_115314
1761735145.3552208,5372071,1375250176,1375.250176,194,198,169,2,20251029_115314
1761735145.3652048,5372110,1375260160,1375.26016,198,198,170,2,20251029_115314
1761735145.3751888,5372149,1375270144,1375.270144,202,198,170,2,20251029_115314
1761735145.3851728,5372188,1375280128,1375.280128,206,198,170,2,20251029_115314
1761735145.3951569,5372227,1375290112,1375.290112,210,198,170,2,20251029_115314
1761735145.405397,5372267,1375300352,1375.300352,214,198,171,2,20251029_115314
1761735145.415381,5372306,1375310336,1375.310336,217,198,171,2,20251029_115314
1761735145.4253647,5372345,1375320320,1375.32032,221,199,171,2,20251029_115314
1761735145.4353487,5372384,1375330304,1375.330304,225,199,171,2,20251029_115314
1761735145.4453328,5372423,1375340288,1375.340288,228,199,170,2,20251029_115314
1761735145.4553168,5372462,1375350272,1375.350272,232,199,171,2,20251029_115314
1761735145.4653008,5372501,1375360256,1375.360256,235,199,172,2,20251029_115314
1761735145.4752848,5372540,1375370240,1375.37024,238,199,171,2,20251029_115314
1761735145.4852688,5372579,1375380224,1375.380224,242,199,171,2,20251029_115314
1761735145.4952528,5372618,1375390208,1375.390208,245,199,171,2,20251029_115314
1761735145.5052369,5372657,1375400192,1375.400192,248,199,171,2,20251029_115314
1761735145.5152209,5372696,1375410176,1375.410176,251,199,171,2,20251029_115314
1761735145.525205,5372735,1375420160,1375.42016,254,199,170,2,20251029_115314
1761735145.535189,5372774,1375430144,1375.430144,2,199,171,2,20251029_115314
1761735145.5454288,5372814,1375440384,1375.440384,4,199,171,2,20251029_115314
1761735145.5554128,5372853,1375450368,1375.450368,7,199,171,2,20251029_115314
1761735145.5653968,5372892,1375460352,1375.460352,10,199,171,2,20251029_115314
1761735145.5753808,5372931,1375470336,1375.470336,12,199,171,2,20251029_115314
1761735145.5853648,5372970,1375480320,1375.48032,15,199,171,2,20251029_115314
1761735145.5953488,5373009,1375490304,1375.490304,18,199,172,2,20251029_115314
1761735145.6053329,5373048,1375500288,1375.500288,20,199,171,2,20251029_115314
1761735145.6153169,5373087,1375510272,1375.510272,22,199,171,2,20251029_115314
1761735145.625301,5373126,1375520256,1375.520256,25,199,171,2,20251029_115314
1761735145.635285,5373165,1375530240,1375.53024,27,199,171,2,20251029_115314
1761735145.645269,5373204,1375540224,1375.540224,30,199,170,2,20251029_115314
1761735145.655253,5373243,1375550208,1375.550208,32,199,170,2,20251029_115314
1761735145.665237,5373282,1375560192,1375.560192,34,199,170,2,20251029_115314
1761735145.6752207,5373321,1375570176,1375.570176,37,199,169,2,20251029_115314
1761735145.6854608,5373361,1375580416,1375.580416,39,199,168,2,20251029_115314
1761735145.6954448,5373400,1375590400,1375.5904,41,199,165,2,20251029_115314
1761735145.7054288,5373439,1375600384,1375.600384,44,199,162,2,20251029_115314
1761735145.7154129,5373478,1375610368,1375.610368,47,199,159,2,20251029_115314
1761735145.7253969,5373517,1375620352,1375.620352,50,198,154,2,20251029_115314
1761735145.735381,5373556,1375630336,1375.630336,53,199,150,2,20251029_115314
1761735145.745365,5373595,1375640320,1375.64032,56,199,148,2,20251029_115314
1761735145.755349,5373634,1375650304,1375.650304,60,199,145,2,20251029_115314
1761735145.765333,5373673,1375660288,1375.660288,64,199,142,2,20251029_115314
1761735145.775317,5373712,1375670272,1375.670272,68,199,138,2,20251029_115314
1761735145.7853007,5373751,1375680256,1375.680256,72,199,136,2,20251029_115314
1761735145.7952847,5373790,1375690240,1375.69024,76,199,135,2,20251029_115314
1761735145.8052688,5373829,1375700224,1375.700224,80,198,135,2,20251029_115314
1761735145.8152528,5373868,1375710208,1375.710208,84,199,135,2,20251029_115314
1761735145.8254929,5373908,1375720448,1375.720448,87,199,134,2,20251029_115314
1761735145.8354769,5373947,1375730432,1375.730432,91,199,133,2,20251029_115314
1761735145.845461,5373986,1375740416,1375.740416,95,199,135,2,20251029_115314
1761735145.855445,5374025,1375750400,1375.7504,98,198,134,2,20251029_115314
1761735145.865429,5374064,1375760384,1375.760384,102,198,134,2,20251029_115314
1761735145.875413,5374103,1375770368,1375.770368,105,198,134,2,20251029_115314
1761735145.885397,5374142,1375780352,1375.780352,109,198,135,2,20251029_115314
1761735145.8953807,5374181,1375790336,1375.790336,112,198,134,2,20251029_115314
1761735145.9053648,5374220,1375800320,1375.80032,115,198,135,2,20251029_115314
1761735145.9153488,5374259,1375810304,1375.810304,118,198,135,2,20251029_115314
1761735145.9253328,5374298,1375820288,1375.820288,121,198,135,2,20251029_115314
1761735145.9353168,5374337,1375830272,1375.830272,124,198,135,2,20251029_115314
1761735145.9453008,5374376,1375840256,1375.840256,127,198,135,2,20251029_115314
1761735145.9552848,5374415,1375850240,1375.85024,130,198,136,2,20251029_115314
1761735145.9652689,5374454,1375860224,1375.860224,133,198,136,2,20251029_115314
1761735145.975509,5374494,1375870464,1375.870464,136,197,136,2,20251029_115314
1761735145.985493,5374533,1375880448,1375.880448,138,198,136,2,20251029_115314
1761735145.9954767,5374572,1375890432,1375.890432,141,198,136,2,20251029_115314
1761735146.0054607,5374611,1375900416,1375.900416,144,198,137,2,20251029_115314
1761735146.0154448,5374650,1375910400,1375.9104,146,198,137,2,20251029_115314
1761735146.0254288,5374689,1375920384,1375.920384,149,198,138,2,20251029_115314
1761735146.0354128,5374728,1375930368,1375.930368,151,198,137,2,20251029_115314
1761735146.0453968,5374767,1375940352,1375.940352,154,198,139,2,20251029_115314
1761735146.0553808,5374806,1375950336,1375.950336,156,198,140,2,20251029_115314
1761735146.0653648,5374845,1375960320,1375.96032,159,198,143,2,20251029_115314
1761735146.0753489,5374884,1375970304,1375.970304,162,198,142,2,20251029_115314
1761735146.0853329,5374923,1375980288,1375.980288,164,198,144,2,20251029_115314
1761735146.095317,5374962,1375990272,1375.990272,167,198,146,2,20251029_115314
1761735146.105301,5375001,1376000256,1376.000256,170,198,148,2,20251029_115314
1761735146.1155407,5375041,1376010496,1376.010496,173,198,150,2,20251029_115314
1761735146.1255248,5375080,1376020480,1376.02048,176,198,153,2,20251029_115314
1761735146.1355088,5375119,1376030464,1376.030464,179,198,155,2,20251029_115314
1761735146.1454928,5375158,1376040448,1376.040448,183,198,159,2,20251029_115314
1761735146.1554768,5375197,1376050432,1376.050432,186,198,162,2,20251029_115314
1761735146.1654608,5375236,1376060416,1376.060416,190,198,164,2,20251029_115314
1761735146.1754448,5375275,1376070400,1376.0704,194,198,165,2,20251029_115314
1761735146.1854289,5375314,1376080384,1376.080384,198,198,166,2,20251029_115314
1761735146.1954129,5375353,1376090368,1376.090368,202,198,167,2,20251029_115314
1761735146.205397,5375392,1376100352,1376.100352,206,198,168,2,20251029_115314
1761735146.215381,5375431,1376110336,1376.110336,209,198,169,2,20251029_115314
1761735146.225365,5375470,1376120320,1376.12032,213,199,170,2,20251029_115314
1761735146.235349,5375509,1376130304,1376.130304,217,199,170,2,20251029_115314
1761735146.245333,5375548,1376140288,1376.140288,221,198,170,2,20251029_115314
1761735146.2553167,5375587,1376150272,1376.150272,224,199,169,2,20251029_115314
1761735146.2655568,5375627,1376160512,1376.160512,228,199,170,2,20251029_115314
1761735146.2755408,5375666,1376170496,1376.170496,231,199,170,2,20251029_115314
1761735146.2855248,5375705,1376180480,1376.18048,235,199,171,2,20251029_115314
1761735146.2955089,5375744,1376190464,1376.190464,238,199,170,2,20251029_115314
1761735146.3054929,5375783,1376200448,1376.200448,241,199,171,2,20251029_115314
1761735146.315477,5375822,1376210432,1376.210432,244,199,170,2,20251029_115314
1761735146.325461,5375861,1376220416,1376.220416,247,199,170,2,20251029_115314
1761735146.335445,5375900,1376230400,1376.2304,250,199,170,2,20251029_115314
1761735146.345429,5375939,1376240384,1376.240384,253,199,171,2,20251029_115314
1761735146.355413,5375978,1376250368,1376.250368,1,199,171,2,20251029_115314
1761735146.3653967,5376017,1376260352,1376.260352,4,199,170,2,20251029_115314
1761735146.3756368,5376057,1376270592,1376.270592,7,199,171,2,20251029_115314
1761735146.3856208,5376096,1376280576,1376.280576,10,199,171,2,20251029_115314
1761735146.3956048,5376135,1376290560,1376.29056,12,199,170,2,20251029_115314
1761735146.4055889,5376174,1376300544,1376.300544,15,199,170,2,20251029_115314
1761735146.415573,5376213,1376310528,1376.310528,17,199,170,2,20251029_115314
1761735146.425557,5376252,1376320512,1376.320512,20,199,170,2,20251029_115314
1761735146.435541,5376291,1376330496,1376.330496,22,199,170,2,20251029_115314
1761735146.445525,5376330,1376340480,1376.34048,25,199,170,2,20251029_115314
1761735146.455509,5376369,1376350464,1376.350464,27,199,170,2,20251029_115314
1761735146.4654927,5376408,1376360448,1376.360448,29,200,170,2,20251029_115314
1761735146.4754767,5376447,1376370432,1376.370432,32,199,170,2,20251029_115314
1761735146.4854608,5376486,1376380416,1376.380416,34,199,169,2,20251029_115314
1761735146.4954448,5376525,1376390400,1376.3904,37,199,168,2,20251029_115314
1761735146.5054288,5376564,1376400384,1376.400384,39,199,167,2,20251029_115314
1761735146.5156689,5376604,1376410624,1376.410624,41,199,166,2,20251029_115314
1761735146.525653,5376643,1376420608,1376.420608,44,199,163,2,20251029_115314
1761735146.535637,5376682,1376430592,1376.430592,47,199,161,2,20251029_115314
1761735146.545621,5376721,1376440576,1376.440576,49,199,159,2,20251029_115314
1761735146.555605,5376760,1376450560,1376.45056,52,199,157,2,20251029_115314
1761735146.565589,5376799,1376460544,1376.460544,55,200,156,2,20251029_115314
1761735146.5755727,5376838,1376470528,1376.470528,59,199,154,2,20251029_115314
1761735146.5855567,5376877,1376480512,1376.480512,62,199,151,2,20251029_115314
1761735146.5955408,5376916,1376490496,1376.490496,65,199,148,2,20251029_115314
1761735146.6055248,5376955,1376500480,1376.50048,69,199,147,2,20251029_115314
1761735146.6155088,5376994,1376510464,1376.510464,72,199,146,2,20251029_115314
1761735146.6254928,5377033,1376520448,1376.520448,76,199,143,2,20251029_115314
1761735146.6354768,5377072,1376530432,1376.530432,79,199,141,2,20251029_115314
1761735146.6454608,5377111,1376540416,1376.540416,83,199,139,2,20251029_115314
1761735146.6554449,5377150,1376550400,1376.5504,87,199,137,2,20251029_115314
1761735146.665685,5377190,1376560640,1376.56064,91,198,135,2,20251029_115314
1761735146.675669,5377229,1376570624,1376.570624,94,198,135,2,20251029_115314
1761735146.6856527,5377268,1376580608,1376.580608,98,198,134,2,20251029_115314
1761735146.6956367,5377307,1376590592,1376.590592,101,198,135,2,20251029_115314
1761735146.7056208,5377346,1376600576,1376.600576,105,198,136,2,20251029_115314
1761735146.7156048,5377385,1376610560,1376.61056,108,198,136,2,20251029_115314
1761735146.7255888,5377424,1376620544,1376.620544,112,198,137,2,20251029_115314
1761735146.7355728,5377463,1376630528,1376.630528,115,198,137,2,20251029_115314
1761735146.7455568,5377502,1376640512,1376.640512,118,198,138,2,20251029_115314
1761735146.7555408,5377541,1376650496,1376.650496,121,198,139,2,20251029_115314
1761735146.7655249,5377580,1376660480,1376.66048,124,198,140,2,20251029_115314
1761735146.7755089,5377619,1376670464,1376.670464,127,198,140,2,20251029_115314
1761735146.785493,5377658,1376680448,1376.680448,130,198,142,2,20251029_115314
1761735146.795477,5377697,1376690432,1376.690432,133,198,143,2,20251029_115314
1761735146.8057168,5377737,1376700672,1376.700672,136,198,144,2,20251029_115314
1761735146.8157008,5377776,1376710656,1376.710656,139,198,146,2,20251029_115314
1761735146.8256848,5377815,1376720640,1376.72064,142,198,149,2,20251029_115314
1761735146.8356688,5377854,1376730624,1376.730624,145,198,150,2,20251029_115314
1761735146.8456528,5377893,1376740608,1376.740608,148,198,154,2,20251029_115314
1761735146.8556368,5377932,1376750592,1376.750592,151,198,157,2,20251029_115314
1761735146.8656209,5377971,1376760576,1376.760576,155,198,161,2,20251029_115314
1761735146.8756049,5378010,1376770560,1376.77056,159,198,163,2,20251029_115314
1761735146.885589,5378049,1376780544,1376.780544,162,198,165,2,20251029_115314
1761735146.895573,5378088,1376790528,1376.790528,166,198,166,2,20251029_115314
1761735146.905557,5378127,1376800512,1376.800512,170,198,167,2,20251029_115314
1761735146.915541,5378166,1376810496,1376.810496,174,198,169,2,20251029_115314
1761735146.925525,5378205,1376820480,1376.82048,178,198,170,2,20251029_115314
1761735146.9355087,5378244,1376830464,1376.830464,182,198,170,2,20251029_115314
1761735146.9454927,5378283,1376840448,1376.840448,187,198,170,2,20251029_115314
1761735146.9557328,5378323,1376850688,1376.850688,191,198,170,2,20251029_115314
1761735146.9657168,5378362,1376860672,1376.860672,195,198,170,2,20251029_115314
1761735146.9757009,5378401,1376870656,1376.870656,199,198,170,2,20251029_115314
1761735146.9856849,5378440,1376880640,1376.88064,203,198,170,2,20251029_115314
1761735146.995669,5378479,1376890624,1376.890624,207,198,170,2,20251029_115314
1761735147.005653,5378518,1376900608,1376.900608,211,198,171,2,20251029_115314
1761735147.015637,5378557,1376910592,1376.910592,214,198,171,2,20251029_115314
1761735147.025621,5378596,1376920576,1376.920576,218,198,171,2,20251029_115314
1761735147.035605,5378635,1376930560,1376.93056,222,199,171,2,20251029_115314
1761735147.0455887,5378674,1376940544,1376.940544,226,199,171,2,20251029_115314
1761735147.0555727,5378713,1376950528,1376.950528,229,199,171,2,20251029_115314
1761735147.0655568,5378752,1376960512,1376.960512,233,199,171,2,20251029_115314
1761735147.0755408,5378791,1376970496,1376.970496,236,199,171,2,20251029_115314
1761735147.0855248,5378830,1376980480,1376.98048,239,199,171,2,20251029_115314
1761735147.0957649,5378870,1376990720,1376.99072,242,199,172,2,20251029_115314
1761735147.105749,5378909,1377000704,1377.000704,246,199,172,2,20251029_115314
1761735147.115733,5378948,1377010688,1377.010688,249,199,171,2,20251029_115314
1761735147.125717,5378987,1377020672,1377.020672,252,199,171,2,20251029_115314
1761735147.135701,5379026,1377030656,1377.030656,254,199,171,2,20251029_115314
1761735147.145685,5379065,1377040640,1377.04064,2,199,171,2,20251029_115314
1761735147.1556687,5379104,1377050624,1377.050624,5,199,171,2,20251029_115314
1761735147.1656528,5379143,1377060608,1377.060608,8,199,171,2,20251029_115314
1761735147.1756368,5379182,1377070592,1377.070592,10,199,171,2,20251029_115314
1761735147.1856208,5379221,1377080576,1377.080576,13,199,171,2,20251029_115314
1761735147.1956048,5379260,1377090560,1377.09056,16,199,171,2,20251029_115314
1761735147.2058449,5379300,1377100800,1377.1008,18,199,171,2,20251029_115314
1761735147.215829,5379339,1377110784,1377.110784,21,199,171,2,20251029_115314
1761735147.225813,5379378,1377120768,1377.120768,23,200,170,2,20251029_115314
1761735147.235797,5379417,1377130752,1377.130752,25,199,170,2,20251029_115314
1761735147.245781,5379456,1377140736,1377.140736,28,199,170,2,20251029_115314
1761735147.2557647,5379495,1377150720,1377.15072,30,199,169,2,20251029_115314
1761735147.2657487,5379534,1377160704,1377.160704,33,199,166,2,20251029_115314
1761735147.2757328,5379573,1377170688,1377.170688,35,199,166,2,20251029_115314
1761735147.2857168,5379612,1377180672,1377.180672,38,199,162,2,20251029_115314
1761735147.2957008,5379651,1377190656,1377.190656,41,199,158,2,20251029_115314
1761735147.3056848,5379690,1377200640,1377.20064,44,199,155,2,20251029_115314
1761735147.3156688,5379729,1377210624,1377.210624,47,199,152,2,20251029_115314
1761735147.3256528,5379768,1377220608,1377.220608,50,199,148,2,20251029_115314
1761735147.3356369,5379807,1377230592,1377.230592,54,199,145,2,20251029_115314
1761735147.345877,5379847,1377240832,1377.240832,58,199,142,2,20251029_115314
1761735147.355861,5379886,1377250816,1377.250816,62,199,138,2,20251029_115314
1761735147.3658447,5379925,1377260800,1377.2608,66,199,135,2,20251029_115314
1761735147.3758287,5379964,1377270784,1377.270784,70,199,135,2,20251029_115314
1761735147.3858128,5380003,1377280768,1377.280768,74,199,135,2,20251029_115314
1761735147.3957968,5380042,1377290752,1377.290752,78,199,137,2,20251029_115314
1761735147.4057808,5380081,1377300736,1377.300736,82,199,135,2,20251029_115314
1761735147.4157648,5380120,1377310720,1377.31072,86,199,135,2,20251029_115314
1761735147.4257488,5380159,1377320704,1377.320704,90,199,135,2,20251029_115314
1761735147.4357328,5380198,1377330688,1377.330688,93,199,135,2,20251029_115314
1761735147.4457169,5380237,1377340672,1377.340672,97,198,134,2,20251029_115314
1761735147.4557009,5380276,1377350656,1377.350656,100,199,134,2,20251029_115314
1761735147.465685,5380315,1377360640,1377.36064,104,198,134,2,20251029_115314
1761735147.475669,5380354,1377370624,1377.370624,107,198,134,2,20251029_115314
1761735147.485653,5380393,1377380608,1377.380608,111,198,134,2,20251029_115314
1761735147.4958928,5380433,1377390848,1377.390848,114,198,135,2,20251029_115314
1761735147.5058768,5380472,1377400832,1377.400832,117,198,135,2,20251029_115314
1761735147.5158608,5380511,1377410816,1377.410816,120,198,136,2,20251029_115314
1761735147.5258448,5380550,1377420800,1377.4208,123,198,136,2,20251029_115314
1761735147.5358288,5380589,1377430784,1377.430784,126,198,138,2,20251029_115314
1761735147.5458128,5380628,1377440768,1377.440768,129,198,140,2,20251029_115314
1761735147.5557969,5380667,1377450752,1377.450752,132,198,140,2,20251029_115314
1761735147.5657809,5380706,1377460736,1377.460736,135,198,142,2,20251029_115314
1761735147.575765,5380745,1377470720,1377.47072,138,198,144,2,20251029_115314
1761735147.585749,5380784,1377480704,1377.480704,141,198,147,2,20251029_115314
1761735147.595733,5380823,1377490688,1377.490688,144,198,151,2,20251029_115314
1761735147.605717,5380862,1377500672,1377.500672,147,198,156,2,20251029_115314
1761735147.615701,5380901,1377510656,1377.510656,150,198,161,2,20251029_115314
1761735147.6256847,5380940,1377520640,1377.52064,154,198,164,2,20251029_115314
1761735147.6359248,5380980,1377530880,1377.53088,158,198,165,2,20251029_115314
1761735147.6459088,5381019,1377540864,1377.540864,162,198,167,2,20251029_115314
1761735147.6558928,5381058,1377550848,1377.550848,166,198,168,2,20251029_115314
1761735147.6658769,5381097,1377560832,1377.560832,170,198,169,2,20251029_115314
1761735147.675861,5381136,1377570816,1377.570816,174,198,169,2,20251029_115314
1761735147.685845,5381175,1377580800,1377.5808,178,198,170,2,20251029_115314
1761735147.695829,5381214,1377590784,1377.590784,182,198,170,2,20251029_115314
1761735147.705813,5381253,1377600768,1377.600768,186,198,170,2,20251029_115314
1761735147.715797,5381292,1377610752,1377.610752,190,198,170,2,20251029_115314
1761735147.7257807,5381331,1377620736,1377.620736,194,198,170,2,20251029_115314
1761735147.7357647,5381370,1377630720,1377.63072,199,198,170,2,20251029_115314
1761735147.7457488,5381409,1377640704,1377.640704,203,198,170,2,20251029_115314
1761735147.7557328,5381448,1377650688,1377.650688,207,198,170,2,20251029_115314
1761735147.7657168,5381487,1377660672,1377.660672,210,199,170,2,20251029_115314
1761735147.7759569,5381527,1377670912,1377.670912,214,199,170,2,20251029_115314
1761735147.785941,5381566,1377680896,1377.680896,218,198,170,2,20251029_115314
1761735147.795925,5381605,1377690880,1377.69088,222,199,171,2,20251029_115314
1761735147.805909,5381644,1377700864,1377.700864,225,198,171,2,20251029_115314
1761735147.815893,5381683,1377710848,1377.710848,229,199,171,2,20251029_115314
1761735147.825877,5381722,1377720832,1377.720832,232,199,171,2,20251029_115314
1761735147.8358607,5381761,1377730816,1377.730816,236,199,171,2,20251029_115314
1761735147.8458447,5381800,1377740800,1377.7408,239,199,171,2,20251029_115314
1761735147.8558288,5381839,1377750784,1377.750784,242,199,171,2,20251029_115314
1761735147.8658128,5381878,1377760768,1377.760768,245,199,171,2,20251029_115314
1761735147.8757968,5381917,1377770752,1377.770752,248,199,171,2,20251029_115314
1761735147.8857808,5381956,1377780736,1377.780736,251,199,171,2,20251029_115314
1761735147.8957648,5381995,1377790720,1377.79072,254,199,171,2,20251029_115314
1761735147.9057488,5382034,1377800704,1377.800704,2,199,171,2,20251029_115314
1761735147.9157329,5382073,1377810688,1377.810688,5,199,171,2,20251029_115314
1761735147.925973,5382113,1377820928,1377.820928,8,199,171,2,20251029_115314
1761735147.935957,5382152,1377830912,1377.830912,10,199,171,2,20251029_115314
1761735147.9459407,5382191,1377840896,1377.840896,13,199,171,2,20251029_115314
1761735147.9559247,5382230,1377850880,1377.85088,16,199,171,2,20251029_115314
1761735147.9659088,5382269,1377860864,1377.860864,18,199,171,2,20251029_115314
1761735147.9758928,5382308,1377870848,1377.870848,20,199,171,2,20251029_115314
1761735147.9858768,5382347,1377880832,1377.880832,23,199,172,2,20251029_115314
1761735147.9958608,5382386,1377890816,1377.890816,25,199,171,2,20251029_115314
1761735148.0058448,5382425,1377900800,1377.9008,28,199,171,2,20251029_115314
1761735148.0158288,5382464,1377910784,1377.910784,30,199,170,2,20251029_115314
1761735148.0258129,5382503,1377920768,1377.920768,32,199,169,2,20251029_115314
1761735148.0357969,5382542,1377930752,1377.930752,35,199,169,2,20251029_115314
1761735148.045781,5382581,1377940736,1377.940736,37,199,168,2,20251029_115314
1761735148.055765,5382620,1377950720,1377.95072,39,199,166,2,20251029_115314
1761735148.0660048,5382660,1377960960,1377.96096,42,199,163,2,20251029_115314
1761735148.0759888,5382699,1377970944,1377.970944,45,199,161,2,20251029_115314
1761735148.0859728,5382738,1377980928,1377.980928,48,199,156,2,20251029_115314
1761735148.0959568,5382777,1377990912,1377.990912,51,199,153,2,20251029_115314
1761735148.1059408,5382816,1378000896,1378.000896,54,199,149,2,20251029_115314
1761735148.1159248,5382855,1378010880,1378.01088,58,199,146,2,20251029_115314
1761735148.1259089,5382894,1378020864,1378.020864,62,199,143,2,20251029_115314
1761735148.1358929,5382933,1378030848,1378.030848,65,199,140,2,20251029_115314
1761735148.145877,5382972,1378040832,1378.040832,69,199,137,2,20251029_115314
1761735148.155861,5383011,1378050816,1378.050816,73,199,135,2,20251029_115314
1761735148.165845,5383050,1378060800,1378.0608,77,199,135,2,20251029_115314
1761735148.175829,5383089,1378070784,1378.070784,81,199,135,2,20251029_115314
1761735148.185813,5383128,1378080768,1378.080768,85,199,133,2,20251029_115314
1761735148.1957967,5383167,1378090752,1378.090752,89,199,134,2,20251029_115314
1761735148.2057807,5383206,1378100736,1378.100736,93,199,134,2,20251029_115314
1761735148.2160208,5383246,1378110976,1378.110976,96,198,134,2,20251029_115314
1761735148.2260048,5383285,1378120960,1378.12096,100,198,134,2,20251029_115314
1761735148.2359889,5383324,1378130944,1378.130944,104,198,134,2,20251029_115314
1761735148.2459729,5383363,1378140928,1378.140928,107,198,134,2,20251029_115314
1761735148.255957,5383402,1378150912,1378.150912,110,198,134,2,20251029_115314
1761735148.265941,5383441,1378160896,1378.160896,114,198,134,2,20251029_115314
1761735148.275925,5383480,1378170880,1378.17088,117,198,134,2,20251029_115314
1761735148.285909,5383519,1378180864,1378.180864,120,198,134,2,20251029_115314
1761735148.295893,5383558,1378190848,1378.190848,123,198,134,2,20251029_115314
1761735148.3058767,5383597,1378200832,1378.200832,126,198,134,2,20251029_115314
1761735148.3158607,5383636,1378210816,1378.210816,129,198,134,2,20251029_115314
1761735148.3258448,5383675,1378220800,1378.2208,131,198,134,2,20251029_115314
1761735148.3358288,5383714,1378230784,1378.230784,134,198,134,2,20251029_115314
1761735148.3458128,5383753,1378240768,1378.240768,137,198,134,2,20251029_115314
1761735148.3560529,5383793,1378251008,1378.251008,139,198,135,2,20251029_115314
1761735148.366037,5383832,1378260992,1378.260992,142,198,136,2,20251029_115314
1761735148.376021,5383871,1378270976,1378.270976,145,198,135,2,20251029_115314
1761735148.386005,5383910,1378280960,1378.28096,147,198,136,2,20251029_115314
1761735148.395989,5383949,1378290944,1378.290944,150,198,137,2,20251029_115314
1761735148.405973,5383988,1378300928,1378.300928,152,198,138,2,20251029_115314
1761735148.4159567,5384027,1378310912,1378.310912,155,198,138,2,20251029_115314
1761735148.4259408,5384066,1378320896,1378.320896,157,198,139,2,20251029_115314
1761735148.4359248,5384105,1378330880,1378.33088,160,198,140,2,20251029_115314
1761735148.4459088,5384144,1378340864,1378.340864,162,198,143,2,20251029_115314
1761735148.4558928,5384183,1378350848,1378.350848,165,198,141,2,20251029_115314
1761735148.4658768,5384222,1378360832,1378.360832,168,198,144,2,20251029_115314
1761735148.4758608,5384261,1378370816,1378.370816,170,198,146,2,20251029_115314
1761735148.4858449,5384300,1378380800,1378.3808,173,198,148,2,20251029_115314
1761735148.4958289,5384339,1378390784,1378.390784,176,198,150,2,20251029_115314
1761735148.506069,5384379,1378401024,1378.401024,179,198,153,2,20251029_115314
1761735148.5160527,5384418,1378411008,1378.411008,183,199,156,2,20251029_115314
1761735148.5260367,5384457,1378420992,1378.420992,186,198,159,2,20251029_115314
1761735148.5360208,5384496,1378430976,1378.430976,190,198,161,2,20251029_115314
1761735148.5460048,5384535,1378440960,1378.44096,193,198,164,2,20251029_115314
1761735148.5559888,5384574,1378450944,1378.450944,197,199,165,2,20251029_115314
1761735148.5659728,5384613,1378460928,1378.460928,201,198,166,2,20251029_115314
1761735148.5759568,5384652,1378470912,1378.470912,205,198,167,2,20251029_115314
1761735148.5859408,5384691,1378480896,1378.480896,209,199,168,2,20251029_115314
1761735148.5959249,5384730,1378490880,1378.49088,213,199,169,2,20251029_115314
1761735148.6059089,5384769,1378500864,1378.500864,216,199,169,2,20251029_115314
1761735148.615893,5384808,1378510848,1378.510848,220,199,169,2,20251029_115314
1761735148.625877,5384847,1378520832,1378.520832,224,199,171,2,20251029_115314
1761735148.635861,5384886,1378530816,1378.530816,227,199,170,2,20251029_115314
1761735148.6461008,5384926,1378541056,1378.541056,231,199,170,2,20251029_115314
1761735148.6560848,5384965,1378551040,1378.55104,234,199,170,2,20251029_115314
1761735148.6660688,5385004,1378561024,1378.561024,237,199,170,2,20251029_115314
1761735148.6760528,5385043,1378571008,1378.571008,241,199,171,2,20251029_115314
1761735148.6860368,5385082,1378580992,1378.580992,244,199,170,2,20251029_115314
1761735148.6960208,5385121,1378590976,1378.590976,247,199,170,2,20251029_115314
1761735148.7060049,5385160,1378600960,1378.60096,250,199,171,2,20251029_115314
1761735148.7159889,5385199,1378610944,1378.610944,253,199,170,2,20251029_115314
1761735148.725973,5385238,1378620928,1378.620928,1,199,170,2,20251029_115314
1761735148.735957,5385277,1378630912,1378.630912,4,199,171,2,20251029_115314
1761735148.745941,5385316,1378640896,1378.640896,6,199,170,2,20251029_115314
1761735148.755925,5385355,1378650880,1378.65088,9,199,171,2,20251029_115314
1761735148.765909,5385394,1378660864,1378.660864,12,199,170,2,20251029_115314
1761735148.7758927,5385433,1378670848,1378.670848,14,199,170,2,20251029_115314
1761735148.7861328,5385473,1378681088,1378.681088,17,199,170,2,20251029_115314
1761735148.7961168,5385512,1378691072,1378.691072,19,199,170,2,20251029_115314
1761735148.8061008,5385551,1378701056,1378.701056,22,199,170,2,20251029_115314
1761735148.8160849,5385590,1378711040,1378.71104,24,199,170,2,20251029_115314
1761735148.8260689,5385629,1378721024,1378.721024,27,199,171,2,20251029_115314
1761735148.836053,5385668,1378731008,1378.731008,29,199,170,2,20251029_115314
1761735148.846037,5385707,1378740992,1378.740992,31,199,170,2,20251029_115314
1761735148.856021,5385746,1378750976,1378.750976,33,199,170,2,20251029_115314
1761735148.866005,5385785,1378760960,1378.76096,36,199,170,2,20251029_115314
1761735148.875989,5385824,1378770944,1378.770944,38,199,171,2,20251029_115314
1761735148.8859727,5385863,1378780928,1378.780928,40,199,170,2,20251029_115314
1761735148.8959568,5385902,1378790912,1378.790912,42,199,170,2,20251029_115314
1761735148.9059408,5385941,1378800896,1378.800896,45,199,170,2,20251029_115314
1761735148.9159248,5385980,1378810880,1378.81088,47,199,170,2,20251029_115314
1761735148.9261649,5386020,1378821120,1378.82112,49,199,169,2,20251029_115314
1761735148.936149,5386059,1378831104,1378.831104,52,199,168,2,20251029_115314
1761735148.946133,5386098,1378841088,1378.841088,54,199,170,2,20251029_115314
1761735148.956117,5386137,1378851072,1378.851072,56,199,168,2,20251029_115314
1761735148.966101,5386176,1378861056,1378.861056,59,199,166,2,20251029_115314
1761735148.976085,5386215,1378871040,1378.87104,61,199,165,2,20251029_115314
1761735148.9860687,5386254,1378881024,1378.881024,64,199,165,2,20251029_115314
1761735148.9960527,5386293,1378891008,1378.891008,66,199,165,2,20251029_115314
1761735149.0060368,5386332,1378900992,1378.900992,69,199,162,2,20251029_115314
1761735149.0162768,5386372,1378911232,1378.911232,72,199,161,2,20251029_115314
1761735149.0262609,5386411,1378921216,1378.921216,75,199,160,2,20251029_115314
1761735149.0362449,5386450,1378931200,1378.9312,77,199,158,2,20251029_115314
1761735149.046229,5386489,1378941184,1378.941184,80,199,156,2,20251029_115314
1761735149.056213,5386528,1378951168,1378.951168,84,198,155,2,20251029_115314
1761735149.066197,5386567,1378961152,1378.961152,87,199,153,2,20251029_115314
1761735149.076181,5386606,1378971136,1378.971136,90,198,151,2,20251029_115314
1761735149.0864208,5386646,1378981376,1378.981376,93,198,149,2,20251029_115314
1761735149.0964048,5386685,1378991360,1378.99136,97,199,148,2,20251029_115314
1761735149.1063888,5386724,1379001344,1379.001344,100,198,146,2,20251029_115314
1761735149.1163728,5386763,1379011328,1379.011328,103,198,145,2,20251029_115314
1761735149.1263568,5386802,1379021312,1379.021312,106,198,143,2,20251029_115314
1761735149.1363409,5386841,1379031296,1379.031296,110,198,142,2,20251029_115314
1761735149.1463249,5386880,1379041280,1379.04128,113,198,141,2,20251029_115314
1761735149.156309,5386919,1379051264,1379.051264,116,198,140,2,20251029_115314
1761735149.166293,5386958,1379061248,1379.061248,119,198,140,2,20251029_115314
1761735149.176277,5386997,1379071232,1379.071232,122,198,139,2,20251029_115314
1761735149.186261,5387036,1379081216,1379.081216,125,198,138,2,20251029_115314
1761735149.196245,5387075,1379091200,1379.0912,128,198,138,2,20251029_115314
1761735149.2064848,5387115,1379101440,1379.10144,131,198,139,2,20251029_115314
1761735149.2164688,5387154,1379111424,1379.111424,134,198,138,2,20251029_115314
1761735149.2264528,5387193,1379121408,1379.121408,137,198,140,2,20251029_115314
1761735149.2364368,5387232,1379131392,1379.131392,140,198,139,2,20251029_115314
1761735149.2464209,5387271,1379141376,1379.141376,142,198,140,2,20251029_115314
1761735149.2564049,5387310,1379151360,1379.15136,145,198,141,2,20251029_115314
1761735149.266389,5387349,1379161344,1379.161344,148,198,142,2,20251029_115314
1761735149.276373,5387388,1379171328,1379.171328,151,198,143,2,20251029_115314
1761735149.286357,5387427,1379181312,1379.181312,153,198,144,2,20251029_115314
1761735149.296341,5387466,1379191296,1379.191296,156,198,145,2,20251029_115314
1761735149.306325,5387505,1379201280,1379.20128,159,198,146,2,20251029_115314
1761735149.3163087,5387544,1379211264,1379.211264,162,198,148,2,20251029_115314
1761735149.3262928,5387583,1379221248,1379.221248,165,198,150,2,20251029_115314
1761735149.3362768,5387622,1379231232,1379.231232,168,198,152,2,20251029_115314
1761735149.3465168,5387662,1379241472,1379.241472,171,198,157,2,20251029_115314
1761735149.3565009,5387701,1379251456,1379.251456,175,198,160,2,20251029_115314
1761735149.3664849,5387740,1379261440,1379.26144,178,198,163,2,20251029_115314
1761735149.376469,5387779,1379271424,1379.271424,182,198,165,2,20251029_115314
1761735149.386453,5387818,1379281408,1379.281408,186,198,166,2,20251029_115314
1761735149.396437,5387857,1379291392,1379.291392,190,198,167,2,20251029_115314
1761735149.406421,5387896,1379301376,1379.301376,194,198,169,2,20251029_115314
1761735149.4164047,5387935,1379311360,1379.31136,198,198,169,2,20251029_115314
1761735149.4263887,5387974,1379321344,1379.321344,202,198,169,2,20251029_115314
1761735149.4363728,5388013,1379331328,1379.331328,206,198,170,2,20251029_115314
1761735149.4463568,5388052,1379341312,1379.341312,210,198,170,2,20251029_115314
1761735149.4563408,5388091,1379351296,1379.351296,214,199,170,2,20251029_115314
1761735149.4663248,5388130,1379361280,1379.36128,217,199,170,2,20251029_115314
1761735149.4763088,5388169,1379371264,1379.371264,221,199,170,2,20251029_115314
1761735149.486549,5388209,1379381504,1379.381504,225,199,170,2,20251029_115314
1761735149.496533,5388248,1379391488,1379.391488,228,199,170,2,20251029_115314
1761735149.506517,5388287,1379401472,1379.401472,232,199,171,2,20251029_115314
1761735149.516501,5388326,1379411456,1379.411456,235,199,171,2,20251029_115314
1761735149.5264847,5388365,1379421440,1379.42144,238,199,171,2,20251029_115314
1761735149.5364687,5388404,1379431424,1379.431424,242,199,172,2,20251029_115314
1761735149.5464528,5388443,1379441408,1379.441408,245,199,171,2,20251029_115314
1761735149.5564368,5388482,1379451392,1379.451392,248,199,170,2,20251029_115314
1761735149.5664208,5388521,1379461376,1379.461376,251,199,171,2,20251029_115314
1761735149.5764048,5388560,1379471360,1379.47136,254,199,171,2,20251029_115314
1761735149.5863888,5388599,1379481344,1379.481344,2,199,171,2,20251029_115314
1761735149.5963728,5388638,1379491328,1379.491328,4,199,171,2,20251029_115314
1761735149.6063569,5388677,1379501312,1379.501312,7,199,170,2,20251029_115314
1761735149.6163409,5388716,1379511296,1379.511296,10,199,171,2,20251029_115314
1761735149.626325,5388755,1379521280,1379.52128,12,199,170,2,20251029_115314
1761735149.6365647,5388795,1379531520,1379.53152,15,199,170,2,20251029_115314
1761735149.6465487,5388834,1379541504,1379.541504,18,199,171,2,20251029_115314
1761735149.6565328,5388873,1379551488,1379.551488,20,199,170,2,20251029_115314
1761735149.6665168,5388912,1379561472,1379.561472,23,199,170,2,20251029_115314
1761735149.6765008,5388951,1379571456,1379.571456,25,199,170,2,20251029_115314
1761735149.6864848,5388990,1379581440,1379.58144,27,199,169,2,20251029_115314
1761735149.6964688,5389029,1379591424,1379.591424,30,199,168,2,20251029_115314
1761735149.7064528,5389068,1379601408,1379.601408,32,199,166,2,20251029_115314
1761735149.7164369,5389107,1379611392,1379.611392,35,199,164,2,20251029_115314
1761735149.7264209,5389146,1379621376,1379.621376,38,199,160,2,20251029_115314
1761735149.736661,5389186,1379631616,1379.631616,41,199,158,2,20251029_115314
1761735149.7466447,5389225,1379641600,1379.6416,44,199,154,2,20251029_115314
1761735149.7566288,5389264,1379651584,1379.651584,47,199,151,2,20251029_115314
1761735149.7666128,5389303,1379661568,1379.661568,50,199,148,2,20251029_115314
1761735149.7765968,5389342,1379671552,1379.671552,54,199,146,2,20251029_115314
1761735149.7865808,5389381,1379681536,1379.681536,58,199,142,2,20251029_115314
1761735149.7965648,5389420,1379691520,1379.69152,61,199,140,2,20251029_115314
1761735149.806805,5389460,1379701760,1379.70176,65,200,138,2,20251029_115314
1761735149.816789,5389499,1379711744,1379.711744,69,199,135,2,20251029_115314
1761735149.826773,5389538,1379721728,1379.721728,74,199,135,2,20251029_115314
1761735149.836757,5389577,1379731712,1379.731712,78,199,135,2,20251029_115314
1761735149.8467407,5389616,1379741696,1379.741696,82,199,136,2,20251029_115314
1761735149.8567247,5389655,1379751680,1379.75168,85,199,136,2,20251029_115314
1761735149.8667088,5389694,1379761664,1379.761664,89,199,135,2,20251029_115314
1761735149.8766928,5389733,1379771648,1379.771648,93,199,134,2,20251029_115314
1761735149.8869328,5389773,1379781888,1379.781888,97,199,135,2,20251029_115314
1761735149.8969169,5389812,1379791872,1379.791872,100,198,134,2,20251029_115314
1761735149.906901,5389851,1379801856,1379.801856,104,198,135,2,20251029_115314
1761735149.916885,5389890,1379811840,1379.81184,107,198,135,2,20251029_115314
1761735149.926869,5389929,1379821824,1379.821824,110,198,135,2,20251029_115314
1761735149.936853,5389968,1379831808,1379.831808,114,198,136,2,20251029_115314
1761735149.946837,5390007,1379841792,1379.841792,117,198,138,2,20251029_115314
1761735149.9570768,5390047,1379852032,1379.852032,120,198,138,2,20251029_115314
1761735149.9670608,5390086,1379862016,1379.862016,123,198,139,2,20251029_115314
1761735149.9770448,5390125,1379872000,1379.872,126,198,141,2,20251029_115314
1761735149.9870288,5390164,1379881984,1379.881984,129,198,143,2,20251029_115314
1761735149.9970129,5390203,1379891968,1379.891968,132,198,145,2,20251029_115314
1761735150.0069969,5390242,1379901952,1379.901952,135,198,147,2,20251029_115314
1761735150.016981,5390281,1379911936,1379.911936,138,198,151,2,20251029_115314
1761735150.026965,5390320,1379921920,1379.92192,141,198,156,2,20251029_115314
1761735150.036949,5390359,1379931904,1379.931904,145,198,160,2,20251029_115314
1761735150.046933,5390398,1379941888,1379.941888,148,198,164,2,20251029_115314
1761735150.056917,5390437,1379951872,1379.951872,152,198,165,2,20251029_115314
1761735150.0669007,5390476,1379961856,1379.961856,156,198,166,2,20251029_115314
1761735150.0768847,5390515,1379971840,1379.97184,160,198,167,2,20251029_115314
1761735150.0868688,5390554,1379981824,1379.981824,164,199,169,2,20251029_115314
1761735150.0968528,5390593,1379991808,1379.991808,168,198,169,2,20251029_115314
1761735150.1070929,5390633,1380002048,1380.002048,172,198,170,2,20251029_115314
1761735150.1170769,5390672,1380012032,1380.012032,176,198,170,2,20251029_115314
1761735150.127061,5390711,1380022016,1380.022016,180,198,169,2,20251029_115314
1761735150.137045,5390750,1380032000,1380.032,185,198,170,2,20251029_115314
1761735150.147029,5390789,1380041984,1380.041984,189,198,171,2,20251029_115314
1761735150.157013,5390828,1380051968,1380.051968,193,198,171,2,20251029_115314
1761735150.166997,5390867,1380061952,1380.061952,197,198,170,2,20251029_115314
1761735150.1769807,5390906,1380071936,1380.071936,201,198,170,2,20251029_115314
1761735150.1869648,5390945,1380081920,1380.08192,205,199,170,2,20251029_115314
1761735150.1969488,5390984,1380091904,1380.091904,209,198,171,2,20251029_115314
1761735150.2069328,5391023,1380101888,1380.101888,213,199,170,2,20251029_115314
1761735150.2169168,5391062,1380111872,1380.111872,217,199,171,2,20251029_115314
1761735150.2269008,5391101,1380121856,1380.121856,220,199,171,2,20251029_115314
1761735150.2368848,5391140,1380131840,1380.13184,224,199,171,2,20251029_115314
1761735150.247125,5391180,1380142080,1380.14208,228,199,171,2,20251029_115314
1761735150.257109,5391219,1380152064,1380.152064,231,199,171,2,20251029_115314
1761735150.267093,5391258,1380162048,1380.162048,234,199,171,2,20251029_115314
1761735150.277077,5391297,1380172032,1380.172032,238,199,171,2,20251029_115314
1761735150.2870607,5391336,1380182016,1380.182016,241,199,171,2,20251029_115314
1761735150.2970448,5391375,1380192000,1380.192,244,199,171,2,20251029_115314
1761735150.3070288,5391414,1380201984,1380.201984,247,199,171,2,20251029_115314
1761735150.3170128,5391453,1380211968,1380.211968,250,199,171,2,20251029_115314
1761735150.3269968,5391492,1380221952,1380.221952,253,199,171,2,20251029_115314
1761735150.3369808,5391531,1380231936,1380.231936,1,199,171,2,20251029_115314
1761735150.3469648,5391570,1380241920,1380.24192,4,199,172,2,20251029_115314
1761735150.3569489,5391609,1380251904,1380.251904,7,199,171,2,20251029_115314
1761735150.3669329,5391648,1380261888,1380.261888,9,199,171,2,20251029_115314
1761735150.376917,5391687,1380271872,1380.271872,12,199,171,2,20251029_115314
1761735150.3871567,5391727,1380282112,1380.282112,14,199,171,2,20251029_115314
1761735150.3971407,5391766,1380292096,1380.292096,17,199,171,2,20251029_115314
1761735150.4071248,5391805,1380302080,1380.30208,19,199,171,2,20251029_115314
1761735150.4171088,5391844,1380312064,1380.312064,22,199,171,2,20251029_115314
1761735150.4270928,5391883,1380322048,1380.322048,24,199,171,2,20251029_115314
1761735150.4370768,5391922,1380332032,1380.332032,27,199,171,2,20251029_115314
1761735150.4470608,5391961,1380342016,1380.342016,29,199,170,2,20251029_115314
1761735150.4570448,5392000,1380352000,1380.352,31,199,170,2,20251029_115314
1761735150.4670289,5392039,1380361984,1380.361984,34,199,170,2,20251029_115314
1761735150.4770129,5392078,1380371968,1380.371968,36,199,168,2,20251029_115314
1761735150.486997,5392117,1380381952,1380.381952,39,199,166,2,20251029_115314
1761735150.496981,5392156,1380391936,1380.391936,41,199,163,2,20251029_115314
1761735150.506965,5392195,1380401920,1380.40192,44,199,160,2,20251029_115314
1761735150.516949,5392234,1380411904,1380.411904,47,199,156,2,20251029_115314
1761735150.526933,5392273,1380421888,1380.421888,50,199,152,2,20251029_115314
1761735150.5371728,5392313,1380432128,1380.432128,54,199,149,2,20251029_115314
1761735150.5471568,5392352,1380442112,1380.442112,57,199,146,2,20251029_115314
1761735150.5571408,5392391,1380452096,1380.452096,61,199,143,2,20251029_115314
1761735150.5671248,5392430,1380462080,1380.46208,65,199,139,2,20251029_115314
1761735150.5771089,5392469,1380472064,1380.472064,69,199,136,2,20251029_115314
1761735150.5870929,5392508,1380482048,1380.482048,73,199,136,2,20251029_115314
1761735150.597077,5392547,1380492032,1380.492032,77,199,135,2,20251029_115314
1761735150.607061,5392586,1380502016,1380.502016,81,199,135,2,20251029_115314
1761735150.617045,5392625,1380512000,1380.512,85,199,135,2,20251029_115314
1761735150.627029,5392664,1380521984,1380.521984,89,199,135,2,20251029_115314
1761735150.637013,5392703,1380531968,1380.531968,93,199,135,2,20251029_115314
1761735150.6469967,5392742,1380541952,1380.541952,96,198,134,2,20251029_115314
1761735150.6569808,5392781,1380551936,1380.551936,100,198,134,2,20251029_115314
1761735150.6669648,5392820,1380561920,1380.56192,103,198,134,2,20251029_115314
1761735150.6772048,5392860,1380572160,1380.57216,107,198,134,2,20251029_115314
1761735150.6871889,5392899,1380582144,1380.582144,110,198,134,2,20251029_115314
1761735150.6971729,5392938,1380592128,1380.592128,113,198,135,2,20251029_115314
1761735150.707157,5392977,1380602112,1380.602112,117,198,135,2,20251029_115314
1761735150.717141,5393016,1380612096,1380.612096,120,198,135,2,20251029_115314
1761735150.727125,5393055,1380622080,1380.62208,123,198,135,2,20251029_115314
1761735150.737109,5393094,1380632064,1380.632064,126,198,135,2,20251029_115314
1761735150.7470927,5393133,1380642048,1380.642048,129,198,135,2,20251029_115314
1761735150.7570767,5393172,1380652032,1380.652032,131,198,136,2,20251029_115314
1761735150.7670608,5393211,1380662016,1380.662016,134,198,136,2,20251029_115314
1761735150.7770448,5393250,1380672000,1380.672,137,198,136,2,20251029_115314
1761735150.7870288,5393289,1380681984,1380.681984,139,198,137,2,20251029_115314
1761735150.7970128,5393328,1380691968,1380.691968,142,198,138,2,20251029_115314
1761735150.8069968,5393367,1380701952,1380.701952,145,198,139,2,20251029_115314
1761735150.817237,5393407,1380712192,1380.712192,147,198,140,2,20251029_115314
1761735150.827221,5393446,1380722176,1380.722176,150,198,141,2,20251029_115314
1761735150.837205,5393485,1380732160,1380.73216,153,198,142,2,20251029_115314
1761735150.847189,5393524,1380742144,1380.742144,155,198,143,2,20251029_115314
1761735150.8571727,5393563,1380752128,1380.752128,158,199,146,2,20251029_115314
1761735150.8671567,5393602,1380762112,1380.762112,161,198,147,2,20251029_115314
1761735150.8771408,5393641,1380772096,1380.772096,164,198,149,2,20251029_115314
1761735150.8871248,5393680,1380782080,1380.78208,167,198,153,2,20251029_115314
1761735150.8971088,5393719,1380792064,1380.792064,170,198,158,2,20251029_115314
1761735150.9070928,5393758,1380802048,1380.802048,174,198,162,2,20251029_115314
1761735150.9170768,5393797,1380812032,1380.812032,178,198,164,2,20251029_115314
1761735150.9270608,5393836,1380822016,1380.822016,182,199,166,2,20251029_115314
1761735150.9370449,5393875,1380832000,1380.832,186,198,167,2,20251029_115314
1761735150.9470289,5393914,1380841984,1380.841984,190,198,168,2,20251029_115314
1761735150.957013,5393953,1380851968,1380.851968,194,198,169,2,20251029_115314
1761735150.9672527,5393993,1380862208,1380.862208,198,198,169,2,20251029_115314
1761735150.9772367,5394032,1380872192,1380.872192,202,198,169,2,20251029_115314
1761735150.9872208,5394071,1380882176,1380.882176,205,199,169,2,20251029_115314
1761735150.9972048,5394110,1380892160,1380.89216,209,199,170,2,20251029_115314
1761735151.0071888,5394149,1380902144,1380.902144,213,198,170,2,20251029_115314
1761735151.0171728,5394188,1380912128,1380.912128,217,199,169,2,20251029_115314
1761735151.0271568,5394227,1380922112,1380.922112,221,199,170,2,20251029_115314
1761735151.0371408,5394266,1380932096,1380.932096,224,199,170,2,20251029_115314
1761735151.0471249,5394305,1380942080,1380.94208,228,199,170,2,20251029_115314
1761735151.0571089,5394344,1380952064,1380.952064,231,199,171,2,20251029_115314
1761735151.067093,5394383,1380962048,1380.962048,235,199,171,2,20251029_115314
1761735151.077077,5394422,1380972032,1380.972032,238,199,170,2,20251029_115314
1761735151.087061,5394461,1380982016,1380.982016,241,199,171,2,20251029_115314
1761735151.097045,5394500,1380992000,1380.992,244,199,171,2,20251029_115314
1761735151.1072848,5394540,1381002240,1381.00224,248,199,171,2,20251029_115314
1761735151.1172688,5394579,1381012224,1381.012224,251,199,170,2,20251029_115314
1761735151.1272528,5394618,1381022208,1381.022208,253,199,170,2,20251029_115314
1761735151.1372368,5394657,1381032192,1381.032192,1,199,171,2,20251029_115314
1761735151.1472208,5394696,1381042176,1381.042176,4,199,171,2,20251029_115314
1761735151.1572049,5394735,1381052160,1381.05216,7,200,170,2,20251029_115314
1761735151.167189,5394774,1381062144,1381.062144,10,199,171,2,20251029_115314
1761735151.177173,5394813,1381072128,1381.072128,12,199,171,2,20251029_115314
1761735151.187157,5394852,1381082112,1381.082112,15,199,171,2,20251029_115314
1761735151.197141,5394891,1381092096,1381.092096,17,199,171,2,20251029_115314
1761735151.207125,5394930,1381102080,1381.10208,20,199,171,2,20251029_115314
1761735151.2171087,5394969,1381112064,1381.112064,22,199,171,2,20251029_115314
1761735151.2270927,5395008,1381122048,1381.122048,25,199,171,2,20251029_115314
1761735151.2370768,5395047,1381132032,1381.132032,27,199,171,2,20251029_115314
1761735151.2470608,5395086,1381142016,1381.142016,29,199,170,2,20251029_115314
1761735151.2573009,5395126,1381152256,1381.152256,32,199,171,2,20251029_115314
1761735151.2672849,5395165,1381162240,1381.16224,34,199,170,2,20251029_115314
1761735151.277269,5395204,1381172224,1381.172224,36,199,170,2,20251029_115314
1761735151.287253,5395243,1381182208,1381.182208,38,199,170,2,20251029_115314
1761735151.297237,5395282,1381192192,1381.192192,41,199,169,2,20251029_115314
1761735151.307221,5395321,1381202176,1381.202176,43,199,168,2,20251029_115314
1761735151.317205,5395360,1381212160,1381.21216,45,199,167,2,20251029_115314
1761735151.3271887,5395399,1381222144,1381.222144,48,199,164,2,20251029_115314
1761735151.3371727,5395438,1381232128,1381.232128,50,199,161,2,20251029_115314
1761735151.3471568,5395477,1381242112,1381.242112,53,199,158,2,20251029_115314
1761735151.3571408,5395516,1381252096,1381.252096,56,199,155,2,20251029_115314
1761735151.3671248,5395555,1381262080,1381.26208,60,199,151,2,20251029_115314
1761735151.3771088,5395594,1381272064,1381.272064,63,199,148,2,20251029_115314
1761735151.387349,5395634,1381282304,1381.282304,67,199,145,2,20251029_115314
1761735151.397333,5395673,1381292288,1381.292288,70,199,143,2,20251029_115314
1761735151.407317,5395712,1381302272,1381.302272,74,199,139,2,20251029_115314
1761735151.417301,5395751,1381312256,1381.312256,78,199,136,2,20251029_115314
1761735151.427285,5395790,1381322240,1381.32224,82,199,135,2,20251029_115314
1761735151.4372687,5395829,1381332224,1381.332224,86,199,135,2,20251029_115314
1761735151.4472528,5395868,1381342208,1381.342208,90,199,135,2,20251029_115314
1761735151.4572368,5395907,1381352192,1381.352192,93,198,134,2,20251029_115314
1761735151.4672208,5395946,1381362176,1381.362176,97,198,135,2,20251029_115314
1761735151.4772048,5395985,1381372160,1381.37216,100,199,135,2,20251029_115314
1761735151.4871888,5396024,1381382144,1381.382144,104,198,136,2,20251029_115314
1761735151.4971728,5396063,1381392128,1381.392128,107,198,134,2,20251029_115314
1761735151.5071568,5396102,1381402112,1381.402112,111,198,135,2,20251029_115314
1761735151.5171409,5396141,1381412096,1381.412096,114,198,135,2,20251029_115314
1761735151.527125,5396180,1381422080,1381.42208,117,198,135,2,20251029_115314
1761735151.537365,5396220,1381432320,1381.43232,120,198,136,2,20251029_115314
1761735151.5473487,5396259,1381442304,1381.442304,123,198,136,2,20251029_115314
1761735151.5573328,5396298,1381452288,1381.452288,126,198,135,2,20251029_115314
1761735151.5673168,5396337,1381462272,1381.462272,129,198,136,2,20251029_115314
1761735151.5773008,5396376,1381472256,1381.472256,132,198,136,2,20251029_115314
1761735151.5872848,5396415,1381482240,1381.48224,135,198,136,2,20251029_115314
1761735151.5972688,5396454,1381492224,1381.492224,137,198,137,2,20251029_115314
1761735151.6072528,5396493,1381502208,1381.502208,140,198,137,2,20251029_115314
1761735151.6172369,5396532,1381512192,1381.512192,143,198,138,2,20251029_115314
1761735151.6272209,5396571,1381522176,1381.522176,145,198,139,2,20251029_115314
1761735151.637205,5396610,1381532160,1381.53216,148,198,139,2,20251029_115314
1761735151.647189,5396649,1381542144,1381.542144,150,198,140,2,20251029_115314
1761735151.657173,5396688,1381552128,1381.552128,153,198,141,2,20251029_115314
1761735151.667157,5396727,1381562112,1381.562112,156,198,142,2,20251029_115314
1761735151.677141,5396766,1381572096,1381.572096,158,198,142,2,20251029_115314
1761735151.6873808,5396806,1381582336,1381.582336,161,198,144,2,20251029_115314
1761735151.6973648,5396845,1381592320,1381.59232,164,198,145,2,20251029_115314
1761735151.7073488,5396884,1381602304,1381.602304,167,198,147,2,20251029_115314
1761735151.7173328,5396923,1381612288,1381.612288,170,198,150,2,20251029_115314
1761735151.7273169,5396962,1381622272,1381.622272,173,198,152,2,20251029_115314
1761735151.7373009,5397001,1381632256,1381.632256,176,198,154,2,20251029_115314
1761735151.747285,5397040,1381642240,1381.64224,179,198,158,2,20251029_115314
1761735151.757269,5397079,1381652224,1381.652224,183,199,161,2,20251029_115314
1761735151.767253,5397118,1381662208,1381.662208,187,198,164,2,20251029_115314
1761735151.777237,5397157,1381672192,1381.672192,190,198,165,2,20251029_115314
1761735151.787221,5397196,1381682176,1381.682176,194,198,166,2,20251029_115314
1761735151.7972047,5397235,1381692160,1381.69216,198,200,167,2,20251029_115314
1761735151.8071887,5397274,1381702144,1381.702144,202,198,170,2,20251029_115314
1761735151.8171728,5397313,1381712128,1381.712128,206,198,169,2,20251029_115314
1761735151.8274128,5397353,1381722368,1381.722368,210,199,169,2,20251029_115314
1761735151.8373969,5397392,1381732352,1381.732352,214,199,169,2,20251029_115314
1761735151.8473809,5397431,1381742336,1381.742336,217,199,170,2,20251029_115314
1761735151.857365,5397470,1381752320,1381.75232,221,199,170,2,20251029_115314
1761735151.867349,5397509,1381762304,1381.762304,225,199,170,2,20251029_115314
1761735151.877333,5397548,1381772288,1381.772288,228,199,170,2,20251029_115314
1761735151.887317,5397587,1381782272,1381.782272,232,199,170,2,20251029_115314
1761735151.897301,5397626,1381792256,1381.792256,235,199,170,2,20251029_115314
1761735151.9072847,5397665,1381802240,1381.80224,238,199,170,2,20251029_115314
1761735151.9172688,5397704,1381812224,1381.812224,242,199,171,2,20251029_115314
1761735151.9272528,5397743,1381822208,1381.822208,245,199,170,2,20251029_115314
1761735151.9372368,5397782,1381832192,1381.832192,248,199,170,2,20251029_115314
1761735151.9472208,5397821,1381842176,1381.842176,251,199,172,2,20251029_115314
1761735151.9572048,5397860,1381852160,1381.85216,254,199,171,2,20251029_115314
1761735151.967445,5397900,1381862400,1381.8624,2,199,170,2,20251029_115314
1761735151.977429,5397939,1381872384,1381.872384,4,199,171,2,20251029_115314
1761735151.987413,5397978,1381882368,1381.882368,7,199,170,2,20251029_115314
1761735151.997397,5398017,1381892352,1381.892352,10,200,170,2,20251029_115314
1761735152.0073807,5398056,1381902336,1381.902336,12,199,170,2,20251029_115314
1761735152.0173647,5398095,1381912320,1381.91232,15,199,171,2,20251029_115314
1761735152.0273488,5398134,1381922304,1381.922304,18,200,170,2,20251029_115314
1761735152.0373328,5398173,1381932288,1381.932288,20,199,170,2,20251029_115314
1761735152.0473168,5398212,1381942272,1381.942272,22,199,170,2,20251029_115314
1761735152.0573008,5398251,1381952256,1381.952256,25,199,170,2,20251029_115314
1761735152.0672848,5398290,1381962240,1381.96224,27,199,170,2,20251029_115314
1761735152.0772688,5398329,1381972224,1381.972224,30,201,171,2,20251029_115314
1761735152.0872529,5398368,1381982208,1381.982208,32,199,170,2,20251029_115314
1761735152.0972369,5398407,1381992192,1381.992192,34,199,170,2,20251029_115314
1761735152.107477,5398447,1382002432,1382.002432,37,199,170,2,20251029_115314
1761735152.1174607,5398486,1382012416,1382.012416,39,199,169,2,20251029_115314
1761735152.1274447,5398525,1382022400,1382.0224,41,199,168,2,20251029_115314
1761735152.1374288,5398564,1382032384,1382.032384,44,199,167,2,20251029_115314
1761735152.1474128,5398603,1382042368,1382.042368,46,199,165,2,20251029_115314
1761735152.1573968,5398642,1382052352,1382.052352,49,199,163,2,20251029_115314
1761735152.1673808,5398681,1382062336,1382.062336,51,199,160,2,20251029_115314
1761735152.1773648,5398720,1382072320,1382.07232,54,199,159,2,20251029_115314
1761735152.1873488,5398759,1382082304,1382.082304,57,199,158,2,20251029_115314
1761735152.1973329,5398798,1382092288,1382.092288,60,200,155,2,20251029_115314
1761735152.2073169,5398837,1382102272,1382.102272,63,199,153,2,20251029_115314
1761735152.217301,5398876,1382112256,1382.112256,66,200,152,2,20251029_115314
1761735152.227285,5398915,1382122240,1382.12224,70,199,150,2,20251029_115314
1761735152.237269,5398954,1382132224,1382.132224,73,199,149,2,20251029_115314
1761735152.247253,5398993,1382142208,1382.142208,77,199,147,2,20251029_115314
1761735152.2574928,5399033,1382152448,1382.152448,80,199,145,2,20251029_115314
1761735152.2674768,5399072,1382162432,1382.162432,84,199,144,2,20251029_115314
1761735152.2774608,5399111,1382172416,1382.172416,87,199,141,2,20251029_115314
1761735152.2874448,5399150,1382182400,1382.1824,91,199,139,2,20251029_115314
1761735152.2974288,5399189,1382192384,1382.192384,95,199,138,2,20251029_115314
1761735152.3074129,5399228,1382202368,1382.202368,98,199,136,2,20251029_115314
1761735152.3173969,5399267,1382212352,1382.212352,102,199,135,2,20251029_115314
1761735152.327381,5399306,1382222336,1382.222336,105,198,134,2,20251029_115314
1761735152.337365,5399345,1382232320,1382.23232,108,198,134,2,20251029_115314
1761735152.347349,5399384,1382242304,1382.242304,112,198,134,2,20251029_115314
1761735152.357333,5399423,1382252288,1382.252288,115,198,135,2,20251029_115314
1761735152.3673167,5399462,1382262272,1382.262272,118,198,136,2,20251029_115314
1761735152.3773007,5399501,1382272256,1382.272256,121,198,136,2,20251029_115314
1761735152.3872848,5399540,1382282240,1382.28224,124,198,137,2,20251029_115314
1761735152.3972688,5399579,1382292224,1382.292224,127,198,138,2,20251029_115314
1761735152.4075089,5399619,1382302464,1382.302464,130,198,140,2,20251029_115314
1761735152.4174929,5399658,1382312448,1382.312448,133,198,141,2,20251029_115314
1761735152.427477,5399697,1382322432,1382.322432,136,198,142,2,20251029_115314
1761735152.437461,5399736,1382332416,1382.332416,139,198,144,2,20251029_115314
1761735152.447445,5399775,1382342400,1382.3424,142,198,146,2,20251029_115314
1761735152.457429,5399814,1382352384,1382.352384,145,198,147,2,20251029_115314
1761735152.467413,5399853,1382362368,1382.362368,148,198,151,2,20251029_115314
1761735152.4773967,5399892,1382372352,1382.372352,151,198,154,2,20251029_115314
1761735152.4873807,5399931,1382382336,1382.382336,154,198,157,2,20251029_115314
1761735152.4973648,5399970,1382392320,1382.39232,158,198,161,2,20251029_115314
1761735152.5073488,5400009,1382402304,1382.402304,161,198,164,2,20251029_115314
1761735152.5173328,5400048,1382412288,1382.412288,165,198,165,2,20251029_115314
1761735152.5273168,5400087,1382422272,1382.422272,169,198,167,2,20251029_115314
1761735152.5373008,5400126,1382432256,1382.432256,173,198,167,2,20251029_115314
1761735152.547541,5400166,1382442496,1382.442496,177,198,168,2,20251029_115314
1761735152.557525,5400205,1382452480,1382.45248,181,198,169,2,20251029_115314
1761735152.567509,5400244,1382462464,1382.462464,185,198,169,2,20251029_115314
1761735152.577493,5400283,1382472448,1382.472448,189,198,170,2,20251029_115314
1761735152.5874767,5400322,1382482432,1382.482432,193,199,170,2,20251029_115314
1761735152.5974607,5400361,1382492416,1382.492416,197,198,170,2,20251029_115314
1761735152.6074448,5400400,1382502400,1382.5024,201,198,170,2,20251029_115314
1761735152.6174288,5400439,1382512384,1382.512384,205,198,170,2,20251029_115314
1761735152.6274128,5400478,1382522368,1382.522368,209,198,170,2,20251029_115314
1761735152.6373968,5400517,1382532352,1382.532352,213,199,170,2,20251029_115314
1761735152.6473808,5400556,1382542336,1382.542336,217,198,170,2,20251029_115314
1761735152.6573648,5400595,1382552320,1382.55232,221,199,170,2,20251029_115314
1761735152.6673489,5400634,1382562304,1382.562304,224,199,170,2,20251029_115314
1761735152.6773329,5400673,1382572288,1382.572288,228,199,171,2,20251029_115314
1761735152.687317,5400712,1382582272,1382.582272,231,199,170,2,20251029_115314
1761735152.6975567,5400752,1382592512,1382.592512,235,200,171,2,20251029_115314
1761735152.7075408,5400791,1382602496,1382.602496,238,199,171,2,20251029_115314
1761735152.7175248,5400830,1382612480,1382.61248,241,199,170,2,20251029_115314
1761735152.7275088,5400869,1382622464,1382.622464,245,199,171,2,20251029_115314
1761735152.7374928,5400908,1382632448,1382.632448,248,199,171,2,20251029_115314
1761735152.7474768,5400947,1382642432,1382.642432,251,199,171,2,20251029_115314
1761735152.7574608,5400986,1382652416,1382.652416,254,199,171,2,20251029_115314
1761735152.7674448,5401025,1382662400,1382.6624,1,199,171,2,20251029_115314
1761735152.7774289,5401064,1382672384,1382.672384,4,199,171,2,20251029_115314
1761735152.787413,5401103,1382682368,1382.682368,7,199,171,2,20251029_115314
1761735152.797397,5401142,1382692352,1382.692352,10,199,170,2,20251029_115314
1761735152.807381,5401181,1382702336,1382.702336,12,199,171,2,20251029_115314
1761735152.817365,5401220,1382712320,1382.71232,15,199,170,2,20251029_115314
1761735152.827349,5401259,1382722304,1382.722304,17,199,171,2,20251029_115314
1761735152.8375888,5401299,1382732544,1382.732544,20,199,176,2,20251029_115314
1761735152.8475728,5401338,1382742528,1382.742528,22,199,170,2,20251029_115314
1761735152.8575568,5401377,1382752512,1382.752512,25,199,171,2,20251029_115314
1761735152.8675408,5401416,1382762496,1382.762496,27,199,170,2,20251029_115314
1761735152.8775249,5401455,1382772480,1382.77248,29,199,169,2,20251029_115314
1761735152.8875089,5401494,1382782464,1382.782464,32,199,167,2,20251029_115314
1761735152.897493,5401533,1382792448,1382.792448,34,199,165,2,20251029_115314
1761735152.907477,5401572,1382802432,1382.802432,37,199,160,2,20251029_115314
1761735152.917461,5401611,1382812416,1382.812416,40,200,156,2,20251029_115314
1761735152.927445,5401650,1382822400,1382.8224,43,199,153,2,20251029_115314
1761735152.937429,5401689,1382832384,1382.832384,47,199,150,2,20251029_115314
1761735152.9474127,5401728,1382842368,1382.842368,50,199,147,2,20251029_115314
1761735152.9573967,5401767,1382852352,1382.852352,54,199,143,2,20251029_115314
1761735152.9673808,5401806,1382862336,1382.862336,58,199,140,2,20251029_115314
1761735152.9776208,5401846,1382872576,1382.872576,62,199,138,2,20251029_115314
1761735152.9876049,5401885,1382882560,1382.88256,66,199,135,2,20251029_115314
1761735152.9975889,5401924,1382892544,1382.892544,70,199,135,2,20251029_115314
1761735153.007573,5401963,1382902528,1382.902528,74,199,136,2,20251029_115314
1761735153.017557,5402002,1382912512,1382.912512,78,199,135,2,20251029_115314
1761735153.027541,5402041,1382922496,1382.922496,82,199,135,2,20251029_115314
1761735153.037525,5402080,1382932480,1382.93248,86,199,135,2,20251029_115314
1761735153.047509,5402119,1382942464,1382.942464,90,199,134,2,20251029_115314
1761735153.0574927,5402158,1382952448,1382.952448,93,199,135,2,20251029_115314
1761735153.0674767,5402197,1382962432,1382.962432,97,199,134,2,20251029_115314
1761735153.0774608,5402236,1382972416,1382.972416,101,198,135,2,20251029_115314
1761735153.0874448,5402275,1382982400,1382.9824,104,198,134,2,20251029_115314
1761735153.0974288,5402314,1382992384,1382.992384,107,199,135,2,20251029_115314
1761735153.1074128,5402353,1383002368,1383.002368,111,198,134,2,20251029_115314
1761735153.1173968,5402392,1383012352,1383.012352,114,198,138,2,20251029_115314
1761735153.127637,5402432,1383022592,1383.022592,117,198,136,2,20251029_115314
1761735153.137621,5402471,1383032576,1383.032576,120,198,136,2,20251029_115314
1761735153.147605,5402510,1383042560,1383.04256,123,198,137,2,20251029_115314
1761735153.157589,5402549,1383052544,1383.052544,126,198,138,2,20251029_115314
1761735153.1675727,5402588,1383062528,1383.062528,129,198,140,2,20251029_115314
1761735153.1775568,5402627,1383072512,1383.072512,132,198,141,2,20251029_115314
1761735153.1875408,5402666,1383082496,1383.082496,135,198,143,2,20251029_115314
1761735153.1975248,5402705,1383092480,1383.09248,138,198,145,2,20251029_115314
1761735153.2075088,5402744,1383102464,1383.102464,141,198,150,2,20251029_115314
1761735153.2174928,5402783,1383112448,1383.112448,144,198,153,2,20251029_115314
1761735153.2274768,5402822,1383122432,1383.122432,147,198,158,2,20251029_115314
1761735153.2374609,5402861,1383132416,1383.132416,151,198,162,2,20251029_115314
1761735153.2474449,5402900,1383142400,1383.1424,155,198,165,2,20251029_115314
1761735153.257429,5402939,1383152384,1383.152384,158,198,166,2,20251029_115314
1761735153.2676687,5402979,1383162624,1383.162624,162,199,167,2,20251029_115314
1761735153.2776527,5403018,1383172608,1383.172608,166,198,169,2,20251029_115314
1761735153.2876368,5403057,1383182592,1383.182592,170,198,169,2,20251029_115314
1761735153.2976208,5403096,1383192576,1383.192576,174,198,171,2,20251029_115314
1761735153.3076048,5403135,1383202560,1383.20256,179,198,168,2,20251029_115314
1761735153.3175888,5403174,1383212544,1383.212544,183,198,170,2,20251029_115314
1761735153.3275728,5403213,1383222528,1383.222528,187,198,170,2,20251029_115314
1761735153.3375568,5403252,1383232512,1383.232512,191,198,170,2,20251029_115314
1761735153.3475409,5403291,1383242496,1383.242496,195,198,170,2,20251029_115314
1761735153.3575249,5403330,1383252480,1383.25248,199,198,170,2,20251029_115314
1761735153.367509,5403369,1383262464,1383.262464,203,199,170,2,20251029_115314
1761735153.377493,5403408,1383272448,1383.272448,207,198,170,2,20251029_115314
1761735153.387477,5403447,1383282432,1383.282432,211,199,171,2,20251029_115314
1761735153.397461,5403486,1383292416,1383.292416,215,198,171,2,20251029_115314
1761735153.4077008,5403526,1383302656,1383.302656,219,199,171,2,20251029_115314
1761735153.4176848,5403565,1383312640,1383.31264,222,199,171,2,20251029_115314
1761735153.4276688,5403604,1383322624,1383.322624,226,199,171,2,20251029_115314
1761735153.4376528,5403643,1383332608,1383.332608,229,199,171,2,20251029_115314
1761735153.4476368,5403682,1383342592,1383.342592,233,199,171,2,20251029_115314
1761735153.4576209,5403721,1383352576,1383.352576,236,199,172,2,20251029_115314
1761735153.4676049,5403760,1383362560,1383.36256,240,199,171,2,20251029_115314
1761735153.477589,5403799,1383372544,1383.372544,243,199,170,2,20251029_115314
1761735153.487573,5403838,1383382528,1383.382528,246,199,171,2,20251029_115314
1761735153.497557,5403877,1383392512,1383.392512,249,199,169,2,20251029_115314
1761735153.507541,5403916,1383402496,1383.402496,252,199,170,2,20251029_115314
1761735153.517525,5403955,1383412480,1383.41248,0,199,170,2,20251029_115314
1761735153.5275087,5403994,1383422464,1383.422464,3,199,173,2,20251029_115314
1761735153.5374928,5404033,1383432448,1383.432448,5,199,171,2,20251029_115314
1761735153.5477328,5404073,1383442688,1383.442688,8,199,171,2,20251029_115314
1761735153.5577168,5404112,1383452672,1383.452672,11,199,172,2,20251029_115314
1761735153.5677009,5404151,1383462656,1383.462656,13,199,170,2,20251029_115314
1761735153.5776849,5404190,1383472640,1383.47264,16,199,171,2,20251029_115314
1761735153.587669,5404229,1383482624,1383.482624,18,199,171,2,20251029_115314
1761735153.597653,5404268,1383492608,1383.492608,21,199,172,2,20251029_115314
1761735153.607637,5404307,1383502592,1383.502592,23,199,171,2,20251029_115314
1761735153.617621,5404346,1383512576,1383.512576,26,199,171,2,20251029_115314
1761735153.6276047,5404385,1383522560,1383.52256,28,199,171,2,20251029_115314
1761735153.6375887,5404424,1383532544,1383.532544,30,199,171,2,20251029_115314
1761735153.6475728,5404463,1383542528,1383.542528,33,199,170,2,20251029_115314
1761735153.6575568,5404502,1383552512,1383.552512,35,199,170,2,20251029_115314
1761735153.6675408,5404541,1383562496,1383.562496,37,199,169,2,20251029_115314
1761735153.6775248,5404580,1383572480,1383.57248,40,199,168,2,20251029_115314
1761735153.6875088,5404619,1383582464,1383.582464,42,199,165,2,20251029_115314
1761735153.697749,5404659,1383592704,1383.592704,45,199,162,2,20251029_115314
1761735153.707733,5404698,1383602688,1383.602688,47,199,158,2,20251029_115314
1761735153.717717,5404737,1383612672,1383.612672,51,199,154,2,20251029_115314
1761735153.727701,5404776,1383622656,1383.622656,54,199,151,2,20251029_115314
1761735153.7376847,5404815,1383632640,1383.63264,57,199,148,2,20251029_115314
1761735153.7476687,5404854,1383642624,1383.642624,61,199,144,2,20251029_115314
1761735153.7576528,5404893,1383652608,1383.652608,65,199,141,2,20251029_115314
1761735153.7676368,5404932,1383662592,1383.662592,69,199,138,2,20251029_115314
1761735153.7776208,5404971,1383672576,1383.672576,73,199,135,2,20251029_115314
1761735153.7876048,5405010,1383682560,1383.68256,77,199,135,2,20251029_115314
1761735153.7975888,5405049,1383692544,1383.692544,81,199,136,2,20251029_115314
1761735153.8075728,5405088,1383702528,1383.702528,85,199,135,2,20251029_115314
1761735153.8175569,5405127,1383712512,1383.712512,88,199,134,2,20251029_115314
1761735153.8275409,5405166,1383722496,1383.722496,92,199,134,2,20251029_115314
1761735153.837525,5405205,1383732480,1383.73248,96,198,134,2,20251029_115314
1761735153.8477647,5405245,1383742720,1383.74272,99,199,134,2,20251029_115314
1761735153.8577487,5405284,1383752704,1383.752704,103,198,134,2,20251029_115314
1761735153.8677328,5405323,1383762688,1383.762688,106,198,134,2,20251029_115314
1761735153.8777168,5405362,1383772672,1383.772672,110,198,134,2,20251029_115314
1761735153.8877008,5405401,1383782656,1383.782656,113,199,134,2,20251029_115314
1761735153.8976848,5405440,1383792640,1383.79264,116,198,134,2,20251029_115314
1761735153.9076688,5405479,1383802624,1383.802624,119,198,134,2,20251029_115314
1761735153.9176528,5405518,1383812608,1383.812608,122,198,134,2,20251029_115314
1761735153.9276369,5405557,1383822592,1383.822592,125,198,134,2,20251029_115314
1761735153.9376209,5405596,1383832576,1383.832576,128,198,134,2,20251029_115314
1761735153.947605,5405635,1383842560,1383.84256,131,198,134,2,20251029_115314
1761735153.957589,5405674,1383852544,1383.852544,134,198,135,2,20251029_115314
1761735153.967573,5405713,1383862528,1383.862528,136,198,135,2,20251029_115314
1761735153.977557,5405752,1383872512,1383.872512,139,198,135,2,20251029_115314
1761735153.9877968,5405792,1383882752,1383.882752,142,198,135,2,20251029_115314
1761735153.9977808,5405831,1383892736,1383.892736,144,198,136,2,20251029_115314
1761735154.0077648,5405870,1383902720,1383.90272,147,198,136,2,20251029_115314
1761735154.0177488,5405909,1383912704,1383.912704,149,198,137,2,20251029_115314
1761735154.0277328,5405948,1383922688,1383.922688,152,198,137,2,20251029_115314
1761735154.0377169,5405987,1383932672,1383.932672,154,198,138,2,20251029_115314
1761735154.047701,5406026,1383942656,1383.942656,157,198,139,2,20251029_115314
1761735154.057685,5406065,1383952640,1383.95264,159,198,140,2,20251029_115314
1761735154.067669,5406104,1383962624,1383.962624,162,198,141,2,20251029_115314
1761735154.077653,5406143,1383972608,1383.972608,164,198,142,2,20251029_115314
1761735154.087637,5406182,1383982592,1383.982592,167,198,144,2,20251029_115314
1761735154.0976207,5406221,1383992576,1383.992576,170,198,146,2,20251029_115314
1761735154.1076047,5406260,1384002560,1384.00256,173,198,148,2,20251029_115314
1761735154.1175888,5406299,1384012544,1384.012544,176,198,150,2,20251029_115314
1761735154.1278288,5406339,1384022784,1384.022784,179,198,152,2,20251029_115314
1761735154.1378129,5406378,1384032768,1384.032768,182,198,155,2,20251029_115314
1761735154.1477969,5406417,1384042752,1384.042752,186,198,159,2,20251029_115314
1761735154.157781,5406456,1384052736,1384.052736,189,199,163,2,20251029_115314
1761735154.167765,5406495,1384062720,1384.06272,193,199,165,2,20251029_115314
1761735154.177749,5406534,1384072704,1384.072704,197,199,166,2,20251029_115314
1761735154.187733,5406573,1384082688,1384.082688,201,199,167,2,20251029_115314
1761735154.197717,5406612,1384092672,1384.092672,204,199,168,2,20251029_115314
1761735154.2077007,5406651,1384102656,1384.102656,208,199,169,2,20251029_115314
1761735154.2176847,5406690,1384112640,1384.11264,212,199,169,2,20251029_115314
1761735154.2276688,5406729,1384122624,1384.122624,216,199,169,2,20251029_115314
1761735154.2376528,5406768,1384132608,1384.132608,220,199,170,2,20251029_115314
1761735154.2476368,5406807,1384142592,1384.142592,223,199,169,2,20251029_115314
1761735154.2576208,5406846,1384152576,1384.152576,227,199,170,2,20251029_115314
1761735154.2676048,5406885,1384162560,1384.16256,230,199,170,2,20251029_115314
1761735154.277845,5406925,1384172800,1384.1728,234,199,170,2,20251029_115314
1761735154.287829,5406964,1384182784,1384.182784,237,199,170,2,20251029_115314
1761735154.297813,5407003,1384192768,1384.192768,240,199,170,2,20251029_115314
1761735154.307797,5407042,1384202752,1384.202752,243,200,170,2,20251029_115314
1761735154.3177807,5407081,1384212736,1384.212736,247,199,171,2,20251029_115314
1761735154.3277647,5407120,1384222720,1384.22272,250,199,170,2,20251029_115314
1761735154.3377488,5407159,1384232704,1384.232704,253,200,172,2,20251029_115314
1761735154.3477328,5407198,1384242688,1384.242688,0,199,170,2,20251029_115314
1761735154.3577168,5407237,1384252672,1384.252672,3,199,171,2,20251029_115314
1761735154.3677008,5407276,1384262656,1384.262656,6,199,171,2,20251029_115314
1761735154.3776848,5407315,1384272640,1384.27264,9,200,170,2,20251029_115314
1761735154.3876688,5407354,1384282624,1384.282624,11,199,170,2,20251029_115314
1761735154.3976529,5407393,1384292608,1384.292608,14,200,171,2,20251029_115314
1761735154.407637,5407432,1384302592,1384.302592,17,199,170,2,20251029_115314
1761735154.417877,5407472,1384312832,1384.312832,19,199,169,2,20251029_115314
1761735154.4278607,5407511,1384322816,1384.322816,21,199,171,2,20251029_115314
1761735154.4378448,5407550,1384332800,1384.3328,24,199,170,2,20251029_115314
1761735154.4478288,5407589,1384342784,1384.342784,26,199,170,2,20251029_115314
1761735154.4578128,5407628,1384352768,1384.352768,29,199,170,2,20251029_115314
1761735154.4677968,5407667,1384362752,1384.362752,31,199,170,2,20251029_115314
1761735154.4777808,5407706,1384372736,1384.372736,33,199,171,2,20251029_115314
1761735154.4877648,5407745,1384382720,1384.38272,36,199,170,2,20251029_115314
1761735154.4977489,5407784,1384392704,1384.392704,38,199,170,2,20251029_115314
1761735154.5077329,5407823,1384402688,1384.402688,40,199,170,2,20251029_115314
1761735154.517717,5407862,1384412672,1384.412672,42,199,171,2,20251029_115314
1761735154.527701,5407901,1384422656,1384.422656,45,199,170,2,20251029_115314
1761735154.537685,5407940,1384432640,1384.43264,47,199,170,2,20251029_115314
1761735154.547669,5407979,1384442624,1384.442624,49,199,170,2,20251029_115314
1761735154.557653,5408018,1384452608,1384.452608,51,199,169,2,20251029_115314
1761735154.5678928,5408058,1384462848,1384.462848,54,199,168,2,20251029_115314
1761735154.5778768,5408097,1384472832,1384.472832,56,199,167,2,20251029_115314
1761735154.5878608,5408136,1384482816,1384.482816,58,199,166,2,20251029_115314
1761735154.5978448,5408175,1384492800,1384.4928,61,199,166,2,20251029_115314
1761735154.6078289,5408214,1384502784,1384.502784,63,199,166,2,20251029_115314
1761735154.6178129,5408253,1384512768,1384.512768,66,199,165,2,20251029_115314
1761735154.627797,5408292,1384522752,1384.522752,68,199,163,2,20251029_115314
1761735154.637781,5408331,1384532736,1384.532736,71,199,162,2,20251029_115314
1761735154.647765,5408370,1384542720,1384.54272,74,199,160,2,20251029_115314
1761735154.657749,5408409,1384552704,1384.552704,77,199,158,2,20251029_115314
1761735154.667733,5408448,1384562688,1384.562688,80,199,156,2,20251029_115314
1761735154.6777167,5408487,1384572672,1384.572672,83,199,154,2,20251029_115314
1761735154.6877007,5408526,1384582656,1384.582656,86,199,153,2,20251029_115314
1761735154.6976848,5408565,1384592640,1384.59264,89,199,150,2,20251029_115314
1761735154.7079248,5408605,1384602880,1384.60288,93,199,149,2,20251029_115314
1761735154.7179089,5408644,1384612864,1384.612864,96,198,147,2,20251029_115314
1761735154.7278929,5408683,1384622848,1384.622848,99,198,146,2,20251029_115314
1761735154.737877,5408722,1384632832,1384.632832,103,198,144,2,20251029_115314
1761735154.747861,5408761,1384642816,1384.642816,106,198,143,2,20251029_115314
1761735154.757845,5408800,1384652800,1384.6528,109,198,141,2,20251029_115314
1761735154.767829,5408839,1384662784,1384.662784,113,198,139,2,20251029_115314
1761735154.777813,5408878,1384672768,1384.672768,116,198,139,2,20251029_115314
1761735154.7877967,5408917,1384682752,1384.682752,119,198,137,2,20251029_115314
1761735154.7977808,5408956,1384692736,1384.692736,122,198,137,2,20251029_115314
1761735154.8077648,5408995,1384702720,1384.70272,125,198,136,2,20251029_115314
1761735154.8177488,5409034,1384712704,1384.712704,128,198,136,2,20251029_115314
1761735154.8277328,5409073,1384722688,1384.722688,131,198,136,2,20251029_115314
1761735154.8379729,5409113,1384732928,1384.732928,133,198,136,2,20251029_115314
1761735154.847957,5409152,1384742912,1384.742912,136,198,136,2,20251029_115314
1761735154.857941,5409191,1384752896,1384.752896,139,198,137,2,20251029_115314
1761735154.867925,5409230,1384762880,1384.76288,142,198,138,2,20251029_115314
1761735154.877909,5409269,1384772864,1384.772864,144,198,138,2,20251029_115314
1761735154.8878927,5409308,1384782848,1384.782848,147,198,138,2,20251029_115314
1761735154.8978767,5409347,1384792832,1384.792832,149,198,139,2,20251029_115314
1761735154.9078608,5409386,1384802816,1384.802816,152,198,140,2,20251029_115314
1761735154.9178448,5409425,1384812800,1384.8128,155,198,141,2,20251029_115314
1761735154.9278288,5409464,1384822784,1384.822784,157,198,142,2,20251029_115314
1761735154.9378128,5409503,1384832768,1384.832768,160,199,144,2,20251029_115314
1761735154.9477968,5409542,1384842752,1384.842752,163,198,145,2,20251029_115314
1761735154.9577808,5409581,1384852736,1384.852736,166,198,147,2,20251029_115314
1761735154.9677649,5409620,1384862720,1384.86272,169,198,148,2,20251029_115314
1761735154.9777489,5409659,1384872704,1384.872704,172,198,153,2,20251029_115314
1761735154.987989,5409699,1384882944,1384.882944,175,199,156,2,20251029_115314
1761735154.9979727,5409738,1384892928,1384.892928,178,199,159,2,20251029_115314
1761735155.0079567,5409777,1384902912,1384.902912,182,198,162,2,20251029_115314
1761735155.0179408,5409816,1384912896,1384.912896,186,198,164,2,20251029_115314
1761735155.0279248,5409855,1384922880,1384.92288,190,198,166,2,20251029_115314
1761735155.0379088,5409894,1384932864,1384.932864,194,198,166,2,20251029_115314
1761735155.0478928,5409933,1384942848,1384.942848,198,198,167,2,20251029_115314
1761735155.0578768,5409972,1384952832,1384.952832,201,198,168,2,20251029_115314
1761735155.0678608,5410011,1384962816,1384.962816,205,198,169,2,20251029_115314
1761735155.0778449,5410050,1384972800,1384.9728,209,198,169,2,20251029_115314
1761735155.0878289,5410089,1384982784,1384.982784,213,199,169,2,20251029_115314
1761735155.097813,5410128,1384992768,1384.992768,217,199,169,2,20251029_115314
1761735155.107797,5410167,1385002752,1385.002752,221,199,170,2,20251029_115314
1761735155.1180367,5410207,1385012992,1385.012992,224,199,170,2,20251029_115314
1761735155.1280208,5410246,1385022976,1385.022976,228,199,170,2,20251029_115314
1761735155.1380048,5410285,1385032960,1385.03296,231,199,170,2,20251029_115314
1761735155.1479888,5410324,1385042944,1385.042944,235,199,171,2,20251029_115314
1761735155.1579728,5410363,1385052928,1385.052928,238,199,170,2,20251029_115314
1761735155.1679568,5410402,1385062912,1385.062912,241,199,170,2,20251029_115314
1761735155.1779408,5410441,1385072896,1385.072896,244,199,170,2,20251029_115314
1761735155.188181,5410481,1385083136,1385.083136,247,199,170,2,20251029_115314
1761735155.198165,5410520,1385093120,1385.09312,250,199,171,2,20251029_115314
1761735155.208149,5410559,1385103104,1385.103104,253,199,171,2,20251029_115314
1761735155.2181327,5410598,1385113088,1385.113088,1,199,170,2,20251029_115314
1761735155.2281168,5410637,1385123072,1385.123072,4,199,170,2,20251029_115314
1761735155.2381008,5410676,1385133056,1385.133056,7,199,171,2,20251029_115314
1761735155.2480848,5410715,1385143040,1385.14304,10,199,170,2,20251029_115314
1761735155.2580688,5410754,1385153024,1385.153024,12,199,170,2,20251029_115314
1761735155.2683089,5410794,1385163264,1385.163264,15,199,170,2,20251029_115314
1761735155.278293,5410833,1385173248,1385.173248,17,199,170,2,20251029_115314
1761735155.288277,5410872,1385183232,1385.183232,20,199,170,2,20251029_115314
1761735155.298261,5410911,1385193216,1385.193216,22,199,170,2,20251029_115314
1761735155.308245,5410950,1385203200,1385.2032,25,199,169,2,20251029_115314
1761735155.318229,5410989,1385213184,1385.213184,27,199,169,2,20251029_115314
1761735155.3282127,5411028,1385223168,1385.223168,30,199,168,2,20251029_115314
1761735155.3384528,5411068,1385233408,1385.233408,32,199,165,2,20251029_115314
1761735155.3484368,5411107,1385243392,1385.243392,35,199,162,2,20251029_115314
1761735155.3584208,5411146,1385253376,1385.253376,38,199,160,2,20251029_115314
1761735155.3684049,5411185,1385263360,1385.26336,40,199,156,2,20251029_115314
1761735155.378389,5411224,1385273344,1385.273344,44,199,154,2,20251029_115314
1761735155.388373,5411263,1385283328,1385.283328,47,199,151,2,20251029_115314
1761735155.398357,5411302,1385293312,1385.293312,50,199,148,2,20251029_115314
1761735155.4085968,5411342,1385303552,1385.303552,54,199,145,2,20251029_115314
1761735155.4185808,5411381,1385313536,1385.313536,58,199,142,2,20251029_115314
1761735155.4285648,5411420,1385323520,1385.32352,61,199,139,2,20251029_115314
1761735155.4385488,5411459,1385333504,1385.333504,65,199,136,2,20251029_115314
1761735155.4485328,5411498,1385343488,1385.343488,70,199,135,2,20251029_115314
1761735155.4585168,5411537,1385353472,1385.353472,74,199,135,2,20251029_115314
1761735155.4685009,5411576,1385363456,1385.363456,78,199,135,2,20251029_115314
1761735155.478741,5411616,1385373696,1385.373696,82,199,134,2,20251029_115314
1761735155.488725,5411655,1385383680,1385.38368,86,199,134,2,20251029_115314
1761735155.4987087,5411694,1385393664,1385.393664,89,199,134,2,20251029_115314
1761735155.5086927,5411733,1385403648,1385.403648,93,199,134,2,20251029_115314
1761735155.5186768,5411772,1385413632,1385.413632,97,199,134,2,20251029_115314
1761735155.5286608,5411811,1385423616,1385.423616,100,199,134,2,20251029_115314
1761735155.5386448,5411850,1385433600,1385.4336,104,199,134,2,20251029_115314
1761735155.5488849,5411890,1385443840,1385.44384,107,198,134,2,20251029_115314
1761735155.558869,5411929,1385453824,1385.453824,111,198,134,2,20251029_115314
1761735155.568853,5411968,1385463808,1385.463808,114,198,135,2,20251029_115314
1761735155.578837,5412007,1385473792,1385.473792,117,198,135,2,20251029_115314
1761735155.588821,5412046,1385483776,1385.483776,120,198,136,2,20251029_115314
1761735155.598805,5412085,1385493760,1385.49376,123,198,138,2,20251029_115314
1761735155.6090448,5412125,1385504000,1385.504,126,198,138,2,20251029_115314
1761735155.6190288,5412164,1385513984,1385.513984,129,198,140,2,20251029_115314
1761735155.6290128,5412203,1385523968,1385.523968,132,198,142,2,20251029_115314
1761735155.6389968,5412242,1385533952,1385.533952,135,198,144,2,20251029_115314
1761735155.6489809,5412281,1385543936,1385.543936,138,198,147,2,20251029_115314
1761735155.6589649,5412320,1385553920,1385.55392,141,198,151,2,20251029_115314
1761735155.668949,5412359,1385563904,1385.563904,144,198,156,2,20251029_115314
1761735155.678933,5412398,1385573888,1385.573888,148,198,162,2,20251029_115314
1761735155.688917,5412437,1385583872,1385.583872,151,199,164,2,20251029_115314
1761735155.6991568,5412477,1385594112,1385.594112,155,198,165,2,20251029_115314
1761735155.7091408,5412516,1385604096,1385.604096,159,199,168,2,20251029_115314
1761735155.7191248,5412555,1385614080,1385.61408,163,198,168,2,20251029_115314
1761735155.7291088,5412594,1385624064,1385.624064,167,198,169,2,20251029_115314
1761735155.7390928,5412633,1385634048,1385.634048,171,198,169,2,20251029_115314
1761735155.7490768,5412672,1385644032,1385.644032,175,198,169,2,20251029_115314
1761735155.7590609,5412711,1385654016,1385.654016,179,198,169,2,20251029_115314
1761735155.7690449,5412750,1385664000,1385.664,184,199,170,2,20251029_115314
1761735155.779029,5412789,1385673984,1385.673984,188,198,170,2,20251029_115314
1761735155.789013,5412828,1385683968,1385.683968,192,198,170,2,20251029_115314
1761735155.798997,5412867,1385693952,1385.693952,196,198,170,2,20251029_115314
1761735155.808981,5412906,1385703936,1385.703936,200,198,170,2,20251029_115314
1761735155.818965,5412945,1385713920,1385.71392,204,198,171,2,20251029_115314
1761735155.8289487,5412984,1385723904,1385.723904,208,199,171,2,20251029_115314
1761735155.8389328,5413023,1385733888,1385.733888,212,199,170,2,20251029_115314
1761735155.8491728,5413063,1385744128,1385.744128,216,199,170,2,20251029_115314
1761735155.8591568,5413102,1385754112,1385.754112,219,199,170,2,20251029_115314
1761735155.8691409,5413141,1385764096,1385.764096,223,199,170,2,20251029_115314
1761735155.8791249,5413180,1385774080,1385.77408,227,199,170,2,20251029_115314
1761735155.889109,5413219,1385784064,1385.784064,230,199,171,2,20251029_115314
1761735155.899093,5413258,1385794048,1385.794048,234,199,171,2,20251029_115314
1761735155.909077,5413297,1385804032,1385.804032,237,199,171,2,20251029_115314
1761735155.919061,5413336,1385814016,1385.814016,240,199,171,2,20251029_115314
1761735155.9290447,5413375,1385824000,1385.824,243,199,171,2,20251029_115314
1761735155.9390287,5413414,1385833984,1385.833984,247,199,171,2,20251029_115314
1761735155.9490128,5413453,1385843968,1385.843968,250,199,171,2,20251029_115314
1761735155.9589968,5413492,1385853952,1385.853952,253,199,171,2,20251029_115314
1761735155.9689808,5413531,1385863936,1385.863936,0,199,171,2,20251029_115314
1761735155.9789648,5413570,1385873920,1385.87392,3,199,171,2,20251029_115314
1761735155.9889488,5413609,1385883904,1385.883904,6,199,171,2,20251029_115314
1761735155.999189,5413649,1385894144,1385.894144,9,199,171,2,20251029_115314
1761735156.009173,5413688,1385904128,1385.904128,11,199,171,2,20251029_115314
1761735156.019157,5413727,1385914112,1385.914112,14,199,171,2,20251029_115314
1761735156.029141,5413766,1385924096,1385.924096,16,199,171,2,20251029_115314
1761735156.0391247,5413805,1385934080,1385.93408,19,199,170,2,20251029_115314
1761735156.0491087,5413844,1385944064,1385.944064,21,199,172,2,20251029_115314
1761735156.0590928,5413883,1385954048,1385.954048,24,199,171,2,20251029_115314
1761735156.0690768,5413922,1385964032,1385.964032,26,199,171,2,20251029_115314
1761735156.0790608,5413961,1385974016,1385.974016,28,199,170,2,20251029_115314
1761735156.0890448,5414000,1385984000,1385.984,31,199,170,2,20251029_115314
1761735156.0990288,5414039,1385993984,1385.993984,33,199,169,2,20251029_115314
1761735156.1090128,5414078,1386003968,1386.003968,35,199,168,2,20251029_115314
1761735156.1189969,5414117,1386013952,1386.013952,38,199,166,2,20251029_115314
1761735156.1289809,5414156,1386023936,1386.023936,40,199,163,2,20251029_115314
1761735156.139221,5414196,1386034176,1386.034176,43,199,160,2,20251029_115314
1761735156.1492047,5414235,1386044160,1386.04416,46,199,156,2,20251029_115314
1761735156.1591887,5414274,1386054144,1386.054144,49,199,153,2,20251029_115314
1761735156.1691728,5414313,1386064128,1386.064128,53,199,149,2,20251029_115314
1761735156.1791568,5414352,1386074112,1386.074112,56,199,146,2,20251029_115314
1761735156.1891408,5414391,1386084096,1386.084096,60,199,143,2,20251029_115314
1761735156.1991248,5414430,1386094080,1386.09408,64,199,139,2,20251029_115314
1761735156.2091088,5414469,1386104064,1386.104064,68,199,136,2,20251029_115314
1761735156.2190928,5414508,1386114048,1386.114048,72,199,135,2,20251029_115314
1761735156.2290769,5414547,1386124032,1386.124032,76,199,136,2,20251029_115314
1761735156.2390609,5414586,1386134016,1386.134016,80,199,135,2,20251029_115314
1761735156.249045,5414625,1386144000,1386.144,84,199,135,2,20251029_115314
1761735156.259029,5414664,1386153984,1386.153984,88,199,135,2,20251029_115314
1761735156.269013,5414703,1386163968,1386.163968,92,199,135,2,20251029_115314
1761735156.2792528,5414743,1386174208,1386.174208,95,198,134,2,20251029_115314
1761735156.2892368,5414782,1386184192,1386.184192,99,199,134,2,20251029_115314
1761735156.2992208,5414821,1386194176,1386.194176,102,198,134,2,20251029_115314
1761735156.3092048,5414860,1386204160,1386.20416,106,198,134,2,20251029_115314
1761735156.3191888,5414899,1386214144,1386.214144,109,199,134,2,20251029_115314
1761735156.3291728,5414938,1386224128,1386.224128,112,198,136,2,20251029_115314
1761735156.3391569,5414977,1386234112,1386.234112,116,198,135,2,20251029_115314
1761735156.349141,5415016,1386244096,1386.244096,119,198,135,2,20251029_115314
1761735156.359125,5415055,1386254080,1386.25408,122,198,135,2,20251029_115314
1761735156.369109,5415094,1386264064,1386.264064,125,198,136,2,20251029_115314
1761735156.379093,5415133,1386274048,1386.274048,128,198,136,2,20251029_115314
1761735156.389077,5415172,1386284032,1386.284032,130,198,136,2,20251029_115314
1761735156.3990607,5415211,1386294016,1386.294016,133,198,137,2,20251029_115314
1761735156.4090447,5415250,1386304000,1386.304,136,198,138,2,20251029_115314
1761735156.4192848,5415290,1386314240,1386.31424,139,198,138,2,20251029_115314
1761735156.4292688,5415329,1386324224,1386.324224,142,198,140,2,20251029_115314
1761735156.4392529,5415368,1386334208,1386.334208,144,198,141,2,20251029_115314
1761735156.4492369,5415407,1386344192,1386.344192,147,198,142,2,20251029_115314
1761735156.459221,5415446,1386354176,1386.354176,150,198,143,2,20251029_115314
1761735156.469205,5415485,1386364160,1386.36416,153,198,145,2,20251029_115314
1761735156.479189,5415524,1386374144,1386.374144,155,199,147,2,20251029_115314
1761735156.489173,5415563,1386384128,1386.384128,158,199,150,2,20251029_115314
1761735156.499157,5415602,1386394112,1386.394112,162,199,153,2,20251029_115314
1761735156.5091407,5415641,1386404096,1386.404096,165,198,156,2,20251029_115314
1761735156.5191247,5415680,1386414080,1386.41408,168,198,161,2,20251029_115314
1761735156.5291088,5415719,1386424064,1386.424064,172,198,163,2,20251029_115314
1761735156.5390928,5415758,1386434048,1386.434048,176,199,166,2,20251029_115314
1761735156.5490768,5415797,1386444032,1386.444032,180,198,166,2,20251029_115314
1761735156.5590608,5415836,1386454016,1386.454016,184,198,167,2,20251029_115314
1761735156.569301,5415876,1386464256,1386.464256,188,198,169,2,20251029_115314
1761735156.579285,5415915,1386474240,1386.47424,192,199,169,2,20251029_115314
1761735156.589269,5415954,1386484224,1386.484224,196,198,169,2,20251029_115314
1761735156.599253,5415993,1386494208,1386.494208,200,199,169,2,20251029_115314
1761735156.609237,5416032,1386504192,1386.504192,204,199,169,2,20251029_115314
1761735156.6192207,5416071,1386514176,1386.514176,208,199,170,2,20251029_115314
1761735156.6292048,5416110,1386524160,1386.52416,212,199,170,2,20251029_115314
1761735156.6391888,5416149,1386534144,1386.534144,216,199,171,2,20251029_115314
1761735156.6491728,5416188,1386544128,1386.544128,219,199,170,2,20251029_115314
1761735156.6591568,5416227,1386554112,1386.554112,223,199,171,2,20251029_115314
1761735156.6691408,5416266,1386564096,1386.564096,227,199,171,2,20251029_115314
1761735156.6791248,5416305,1386574080,1386.57408,230,199,170,2,20251029_115314
1761735156.6891088,5416344,1386584064,1386.584064,234,199,171,2,20251029_115314
1761735156.6990929,5416383,1386594048,1386.594048,237,199,171,2,20251029_115314
1761735156.709333,5416423,1386604288,1386.604288,240,199,171,2,20251029_115314
1761735156.719317,5416462,1386614272,1386.614272,243,199,170,2,20251029_115314
1761735156.7293007,5416501,1386624256,1386.624256,247,199,171,2,20251029_115314
1761735156.7392848,5416540,1386634240,1386.63424,250,199,171,2,20251029_115314
1761735156.7492688,5416579,1386644224,1386.644224,252,199,171,2,20251029_115314
1761735156.7592528,5416618,1386654208,1386.654208,0,199,171,2,20251029_115314
1761735156.7692368,5416657,1386664192,1386.664192,3,199,171,2,20251029_115314
1761735156.7792208,5416696,1386674176,1386.674176,6,199,171,2,20251029_115314
1761735156.7892048,5416735,1386684160,1386.68416,9,199,171,2,20251029_115314
1761735156.7991889,5416774,1386694144,1386.694144,11,199,171,2,20251029_115314
1761735156.8091729,5416813,1386704128,1386.704128,14,199,171,2,20251029_115314
1761735156.819157,5416852,1386714112,1386.714112,16,199,172,2,20251029_115314
1761735156.829141,5416891,1386724096,1386.724096,19,199,171,2,20251029_115314
1761735156.839125,5416930,1386734080,1386.73408,21,199,171,2,20251029_115314
1761735156.8493648,5416970,1386744320,1386.74432,24,199,171,2,20251029_115314
1761735156.8593488,5417009,1386754304,1386.754304,26,199,171,2,20251029_115314
1761735156.8693328,5417048,1386764288,1386.764288,28,199,171,2,20251029_115314
1761735156.8793168,5417087,1386774272,1386.774272,31,199,171,2,20251029_115314
1761735156.8893008,5417126,1386784256,1386.784256,33,200,170,2,20251029_115314
1761735156.8992848,5417165,1386794240,1386.79424,35,199,170,2,20251029_115314
1761735156.9092689,5417204,1386804224,1386.804224,38,199,171,2,20251029_115314
1761735156.9192529,5417243,1386814208,1386.814208,40,200,171,2,20251029_115314
1761735156.929237,5417282,1386824192,1386.824192,42,199,169,2,20251029_115314
1761735156.939221,5417321,1386834176,1386.834176,44,199,169,2,20251029_115314
1761735156.949205,5417360,1386844160,1386.84416,47,199,167,2,20251029_115314
1761735156.959189,5417399,1386854144,1386.854144,49,199,164,2,20251029_115314
1761735156.969173,5417438,1386864128,1386.864128,52,199,161,2,20251029_115314
1761735156.9791567,5417477,1386874112,1386.874112,55,199,158,2,20251029_115314
1761735156.9891407,5417516,1386884096,1386.884096,58,199,155,2,20251029_115314
1761735156.9993808,5417556,1386894336,1386.894336,61,199,151,2,20251029_115314
1761735157.0093648,5417595,1386904320,1386.90432,64,199,148,2,20251029_115314
1761735157.0193489,5417634,1386914304,1386.914304,68,199,145,2,20251029_115314
1761735157.0293329,5417673,1386924288,1386.924288,71,199,142,2,20251029_115314
1761735157.039317,5417712,1386934272,1386.934272,75,199,140,2,20251029_115314
1761735157.049301,5417751,1386944256,1386.944256,79,199,136,2,20251029_115314
1761735157.059285,5417790,1386954240,1386.95424,83,199,135,2,20251029_115314
1761735157.069269,5417829,1386964224,1386.964224,87,199,136,2,20251029_115314
1761735157.079253,5417868,1386974208,1386.974208,91,199,135,2,20251029_115314
1761735157.0892367,5417907,1386984192,1386.984192,94,199,135,2,20251029_115314
1761735157.0992208,5417946,1386994176,1386.994176,98,199,134,2,20251029_115314
1761735157.1092048,5417985,1387004160,1387.00416,101,198,135,2,20251029_115314
1761735157.1191888,5418024,1387014144,1387.014144,105,199,135,2,20251029_115314
1761735157.1291728,5418063,1387024128,1387.024128,108,199,134,2,20251029_115314
1761735157.1394129,5418103,1387034368,1387.034368,112,198,134,2,20251029_115314
1761735157.149397,5418142,1387044352,1387.044352,115,198,135,2,20251029_115314
1761735157.159381,5418181,1387054336,1387.054336,118,199,135,2,20251029_115314
1761735157.169365,5418220,1387064320,1387.06432,121,198,135,2,20251029_115314
1761735157.179349,5418259,1387074304,1387.074304,124,198,135,2,20251029_115314
1761735157.1893327,5418298,1387084288,1387.084288,127,198,134,2,20251029_115314
1761735157.1993167,5418337,1387094272,1387.094272,130,198,135,2,20251029_115314
1761735157.2093008,5418376,1387104256,1387.104256,132,198,135,2,20251029_115314
1761735157.2192848,5418415,1387114240,1387.11424,135,198,136,2,20251029_115314
1761735157.2292688,5418454,1387124224,1387.124224,138,198,136,2,20251029_115314
1761735157.2392528,5418493,1387134208,1387.134208,141,198,136,2,20251029_115314
1761735157.2492368,5418532,1387144192,1387.144192,143,198,137,2,20251029_115314
1761735157.2592208,5418571,1387154176,1387.154176,146,198,138,2,20251029_115314
1761735157.2692049,5418610,1387164160,1387.16416,148,198,139,2,20251029_115314
1761735157.2791889,5418649,1387174144,1387.174144,151,198,139,2,20251029_115314
1761735157.289429,5418689,1387184384,1387.184384,154,198,140,2,20251029_115314
1761735157.2994127,5418728,1387194368,1387.194368,156,198,141,2,20251029_115314
1761735157.3093967,5418767,1387204352,1387.204352,159,198,142,2,20251029_115314
1761735157.3193808,5418806,1387214336,1387.214336,161,198,143,2,20251029_115314
1761735157.3293648,5418845,1387224320,1387.22432,164,198,145,2,20251029_115314
1761735157.3393488,5418884,1387234304,1387.234304,167,198,146,2,20251029_115314
1761735157.3493328,5418923,1387244288,1387.244288,170,198,149,2,20251029_115314
1761735157.3593168,5418962,1387254272,1387.254272,173,198,152,2,20251029_115314
1761735157.3693008,5419001,1387264256,1387.264256,176,198,155,2,20251029_115314
1761735157.3792849,5419040,1387274240,1387.27424,180,199,158,2,20251029_115314
1761735157.3892689,5419079,1387284224,1387.284224,183,199,161,2,20251029_115314
1761735157.399253,5419118,1387294208,1387.294208,187,199,164,2,20251029_115314
1761735157.409237,5419157,1387304192,1387.304192,191,199,165,2,20251029_115314
1761735157.419221,5419196,1387314176,1387.314176,195,199,166,2,20251029_115314
1761735157.4294608,5419236,1387324416,1387.324416,199,199,168,2,20251029_115314
1761735157.4394448,5419275,1387334400,1387.3344,202,199,168,2,20251029_115314
1761735157.4494288,5419314,1387344384,1387.344384,206,199,169,2,20251029_115314
1761735157.4594128,5419353,1387354368,1387.354368,210,199,169,2,20251029_115314
1761735157.4693968,5419392,1387364352,1387.364352,214,199,169,2,20251029_115314
1761735157.4793808,5419431,1387374336,1387.374336,218,199,169,2,20251029_115314
1761735157.4893649,5419470,1387384320,1387.38432,221,199,170,2,20251029_115314
1761735157.4993489,5419509,1387394304,1387.394304,225,199,170,2,20251029_115314
1761735157.509333,5419548,1387404288,1387.404288,229,199,170,2,20251029_115314
1761735157.519317,5419587,1387414272,1387.414272,232,199,170,2,20251029_115314
1761735157.529301,5419626,1387424256,1387.424256,235,199,170,2,20251029_115314
1761735157.539285,5419665,1387434240,1387.43424,239,199,170,2,20251029_115314
1761735157.549269,5419704,1387444224,1387.444224,242,199,170,2,20251029_115314
1761735157.5592527,5419743,1387454208,1387.454208,245,199,170,2,20251029_115314
1761735157.5694928,5419783,1387464448,1387.464448,248,200,170,2,20251029_115314
1761735157.5794768,5419822,1387474432,1387.474432,251,199,170,2,20251029_115314
1761735157.5894608,5419861,1387484416,1387.484416,254,200,171,2,20251029_115314
1761735157.5994449,5419900,1387494400,1387.4944,2,200,170,2,20251029_115314
1761735157.609429,5419939,1387504384,1387.504384,5,200,171,2,20251029_115314
1761735157.619413,5419978,1387514368,1387.514368,7,200,171,2,20251029_115314
1761735157.629397,5420017,1387524352,1387.524352,10,199,172,2,20251029_115314
1761735157.639381,5420056,1387534336,1387.534336,13,199,170,2,20251029_115314
1761735157.649365,5420095,1387544320,1387.54432,15,199,170,2,20251029_115314
1761735157.6593487,5420134,1387554304,1387.554304,18,199,170,2,20251029_115314
1761735157.6693327,5420173,1387564288,1387.564288,20,199,170,2,20251029_115314
1761735157.6793168,5420212,1387574272,1387.574272,23,199,170,2,20251029_115314
1761735157.6893008,5420251,1387584256,1387.584256,25,200,170,2,20251029_115314
1761735157.6992848,5420290,1387594240,1387.59424,27,199,170,2,20251029_115314
1761735157.7092688,5420329,1387604224,1387.604224,30,199,170,2,20251029_115314
1761735157.719509,5420369,1387614464,1387.614464,32,199,170,2,20251029_115314
1761735157.729493,5420408,1387624448,1387.624448,34,199,170,2,20251029_115314
1761735157.739477,5420447,1387634432,1387.634432,37,199,169,2,20251029_115314
1761735157.749461,5420486,1387644416,1387.644416,39,199,169,2,20251029_115314
1761735157.759445,5420525,1387654400,1387.6544,41,199,168,2,20251029_115314
1761735157.7694287,5420564,1387664384,1387.664384,44,199,167,2,20251029_115314
1761735157.7794127,5420603,1387674368,1387.674368,46,199,165,2,20251029_115314
1761735157.7893968,5420642,1387684352,1387.684352,49,200,163,2,20251029_115314
1761735157.7993808,5420681,1387694336,1387.694336,52,200,161,2,20251029_115314
1761735157.8093648,5420720,1387704320,1387.70432,54,199,160,2,20251029_115314
1761735157.8193488,5420759,1387714304,1387.714304,57,200,158,2,20251029_115314
1761735157.8293328,5420798,1387724288,1387.724288,60,199,156,2,20251029_115314
1761735157.8393168,5420837,1387734272,1387.734272,63,199,155,2,20251029_115314
1761735157.8493009,5420876,1387744256,1387.744256,66,199,153,2,20251029_115314
1761735157.859541,5420916,1387754496,1387.754496,70,199,150,2,20251029_115314
1761735157.869525,5420955,1387764480,1387.76448,73,199,149,2,20251029_115314
1761735157.8795087,5420994,1387774464,1387.774464,76,199,146,2,20251029_115314
1761735157.8894928,5421033,1387784448,1387.784448,80,199,145,2,20251029_115314
1761735157.8994768,5421072,1387794432,1387.794432,83,199,143,2,20251029_115314
1761735157.9094608,5421111,1387804416,1387.804416,87,199,142,2,20251029_115314
1761735157.9194448,5421150,1387814400,1387.8144,91,199,140,2,20251029_115314
1761735157.9294288,5421189,1387824384,1387.824384,94,198,138,2,20251029_115314
1761735157.9394128,5421228,1387834368,1387.834368,98,198,136,2,20251029_115314
1761735157.9493968,5421267,1387844352,1387.844352,101,198,135,2,20251029_115314
1761735157.9593809,5421306,1387854336,1387.854336,105,198,134,2,20251029_115314
1761735157.969365,5421345,1387864320,1387.86432,108,198,135,2,20251029_115314
1761735157.979349,5421384,1387874304,1387.874304,111,198,135,2,20251029_115314
1761735157.989333,5421423,1387884288,1387.884288,115,198,136,2,20251029_115314
1761735157.999317,5421462,1387894272,1387.894272,118,198,137,2,20251029_115314
1761735158.0095568,5421502,1387904512,1387.904512,121,198,136,2,20251029_115314
1761735158.0195408,5421541,1387914496,1387.914496,124,198,137,2,20251029_115314
1761735158.0295248,5421580,1387924480,1387.92448,127,198,138,2,20251029_115314
1761735158.0395088,5421619,1387934464,1387.934464,130,198,138,2,20251029_115314
1761735158.0494928,5421658,1387944448,1387.944448,133,198,140,2,20251029_115314
1761735158.0594769,5421697,1387954432,1387.954432,135,198,140,2,20251029_115314
1761735158.0694609,5421736,1387964416,1387.964416,138,198,142,2,20251029_115314
1761735158.079445,5421775,1387974400,1387.9744,141,198,142,2,20251029_115314
1761735158.089429,5421814,1387984384,1387.984384,144,198,145,2,20251029_115314
1761735158.099413,5421853,1387994368,1387.994368,147,198,146,2,20251029_115314
1761735158.109397,5421892,1388004352,1388.004352,150,198,149,2,20251029_115314
1761735158.119381,5421931,1388014336,1388.014336,153,198,152,2,20251029_115314
1761735158.1293647,5421970,1388024320,1388.02432,156,198,155,2,20251029_115314
1761735158.1393487,5422009,1388034304,1388.034304,160,199,159,2,20251029_115314
1761735158.1495888,5422049,1388044544,1388.044544,163,199,162,2,20251029_115314
1761735158.1595728,5422088,1388054528,1388.054528,167,199,164,2,20251029_115314
1761735158.1695569,5422127,1388064512,1388.064512,171,198,166,2,20251029_115314
1761735158.1795409,5422166,1388074496,1388.074496,175,198,167,2,20251029_115314
1761735158.189525,5422205,1388084480,1388.08448,179,199,167,2,20251029_115314
1761735158.199509,5422244,1388094464,1388.094464,183,198,169,2,20251029_115314
1761735158.209493,5422283,1388104448,1388.104448,187,198,169,2,20251029_115314
1761735158.219477,5422322,1388114432,1388.114432,191,199,170,2,20251029_115314
1761735158.229461,5422361,1388124416,1388.124416,195,198,169,2,20251029_115314
1761735158.2394447,5422400,1388134400,1388.1344,199,198,170,2,20251029_115314
1761735158.2494287,5422439,1388144384,1388.144384,203,198,170,2,20251029_115314
1761735158.2594128,5422478,1388154368,1388.154368,207,198,170,2,20251029_115314
1761735158.2693968,5422517,1388164352,1388.164352,211,199,171,2,20251029_115314
1761735158.2793808,5422556,1388174336,1388.174336,215,199,170,2,20251029_115314
1761735158.2896209,5422596,1388184576,1388.184576,219,199,170,2,20251029_115314
1761735158.299605,5422635,1388194560,1388.19456,222,199,170,2,20251029_115314
1761735158.309589,5422674,1388204544,1388.204544,226,199,170,2,20251029_115314
1761735158.319573,5422713,1388214528,1388.214528,229,199,170,2,20251029_115314
1761735158.329557,5422752,1388224512,1388.224512,233,199,171,2,20251029_115314
1761735158.339541,5422791,1388234496,1388.234496,236,199,171,2,20251029_115314
1761735158.3495247,5422830,1388244480,1388.24448,239,199,171,2,20251029_115314
1761735158.3595088,5422869,1388254464,1388.254464,243,199,171,2,20251029_115314
1761735158.3694928,5422908,1388264448,1388.264448,246,199,170,2,20251029_115314
1761735158.3794768,5422947,1388274432,1388.274432,249,199,171,2,20251029_115314
1761735158.3894608,5422986,1388284416,1388.284416,252,199,171,2,20251029_115314
1761735158.3994448,5423025,1388294400,1388.2944,0,199,171,2,20251029_115314
1761735158.4094288,5423064,1388304384,1388.304384,3,199,171,2,20251029_115314
1761735158.4194129,5423103,1388314368,1388.314368,5,199,170,2,20251029_115314
1761735158.4293969,5423142,1388324352,1388.324352,8,199,171,2,20251029_115314
1761735158.439637,5423182,1388334592,1388.334592,11,199,171,2,20251029_115314
1761735158.4496207,5423221,1388344576,1388.344576,13,199,170,2,20251029_115314
1761735158.4596047,5423260,1388354560,1388.35456,16,199,170,2,20251029_115314
1761735158.4695888,5423299,1388364544,1388.364544,18,199,170,2,20251029_115314
1761735158.4795728,5423338,1388374528,1388.374528,21,199,170,2,20251029_115314
1761735158.4895568,5423377,1388384512,1388.384512,23,199,170,2,20251029_115314
1761735158.4995408,5423416,1388394496,1388.394496,26,199,170,2,20251029_115314
1761735158.5095248,5423455,1388404480,1388.40448,28,199,169,2,20251029_115314
1761735158.5195088,5423494,1388414464,1388.414464,30,199,168,2,20251029_115314
1761735158.5294929,5423533,1388424448,1388.424448,33,199,166,2,20251029_115314
1761735158.5394769,5423572,1388434432,1388.434432,36,199,163,2,20251029_115314
1761735158.549461,5423611,1388444416,1388.444416,38,199,159,2,20251029_115314
1761735158.559445,5423650,1388454400,1388.4544,41,199,157,2,20251029_115314
1761735158.569429,5423689,1388464384,1388.464384,44,199,153,2,20251029_115314
1761735158.5796688,5423729,1388474624,1388.474624,48,199,151,2,20251029_115314
1761735158.5896528,5423768,1388484608,1388.484608,51,199,147,2,20251029_115314
1761735158.5996368,5423807,1388494592,1388.494592,55,199,145,2,20251029_115314
1761735158.6096208,5423846,1388504576,1388.504576,59,199,140,2,20251029_115314
1761735158.6196048,5423885,1388514560,1388.51456,63,199,139,2,20251029_115314
1761735158.6295888,5423924,1388524544,1388.524544,67,199,135,2,20251029_115314
1761735158.6395729,5423963,1388534528,1388.534528,71,199,135,2,20251029_115314
1761735158.6495569,5424002,1388544512,1388.544512,75,199,135,2,20251029_115314
1761735158.659541,5424041,1388554496,1388.554496,79,199,135,2,20251029_115314
1761735158.669525,5424080,1388564480,1388.56448,83,199,135,2,20251029_115314
1761735158.679509,5424119,1388574464,1388.574464,87,199,135,2,20251029_115314
1761735158.689493,5424158,1388584448,1388.584448,90,200,136,2,20251029_115314
1761735158.699477,5424197,1388594432,1388.594432,94,199,135,2,20251029_115314
1761735158.7094607,5424236,1388604416,1388.604416,98,199,134,2,20251029_115314
1761735158.7197008,5424276,1388614656,1388.614656,101,199,134,2,20251029_115314
1761735158.7296848,5424315,1388624640,1388.62464,105,199,135,2,20251029_115314
1761735158.7396688,5424354,1388634624,1388.634624,108,199,134,2,20251029_115314
1761735158.7496529,5424393,1388644608,1388.644608,111,199,135,2,20251029_115314
1761735158.7596369,5424432,1388654592,1388.654592,115,198,135,2,20251029_115314
1761735158.769621,5424471,1388664576,1388.664576,118,198,135,2,20251029_115314
1761735158.779605,5424510,1388674560,1388.67456,121,198,137,2,20251029_115314
1761735158.789589,5424549,1388684544,1388.684544,124,198,136,2,20251029_115314
1761735158.799573,5424588,1388694528,1388.694528,127,198,138,2,20251029_115314
1761735158.8095567,5424627,1388704512,1388.704512,130,198,139,2,20251029_115314
1761735158.8195407,5424666,1388714496,1388.714496,133,198,140,2,20251029_115314
1761735158.8295248,5424705,1388724480,1388.72448,135,198,142,2,20251029_115314
1761735158.8395088,5424744,1388734464,1388.734464,138,198,144,2,20251029_115314
1761735158.8494928,5424783,1388744448,1388.744448,141,199,147,2,20251029_115314
1761735158.8597329,5424823,1388754688,1388.754688,144,198,151,2,20251029_115314
1761735158.869717,5424862,1388764672,1388.764672,148,199,157,2,20251029_115314
1761735158.879701,5424901,1388774656,1388.774656,151,198,161,2,20251029_115314
1761735158.889685,5424940,1388784640,1388.78464,155,199,164,2,20251029_115314
1761735158.899669,5424979,1388794624,1388.794624,158,198,166,2,20251029_115314
1761735158.909653,5425018,1388804608,1388.804608,162,199,167,2,20251029_115314
1761735158.9196367,5425057,1388814592,1388.814592,166,198,168,2,20251029_115314
1761735158.9296207,5425096,1388824576,1388.824576,170,198,169,2,20251029_115314
1761735158.9396048,5425135,1388834560,1388.83456,175,198,169,2,20251029_115314
1761735158.9495888,5425174,1388844544,1388.844544,179,198,170,2,20251029_115314
1761735158.9595728,5425213,1388854528,1388.854528,183,199,169,2,20251029_115314
1761735158.9695568,5425252,1388864512,1388.864512,187,199,170,2,20251029_115314
1761735158.9795408,5425291,1388874496,1388.874496,191,199,170,2,20251029_115314
1761735158.9895248,5425330,1388884480,1388.88448,195,198,170,2,20251029_115314
1761735158.9995089,5425369,1388894464,1388.894464,199,198,170,2,20251029_115314
1761735159.009749,5425409,1388904704,1388.904704,203,198,171,2,20251029_115314
1761735159.019733,5425448,1388914688,1388.914688,207,199,171,2,20251029_115314
1761735159.0297167,5425487,1388924672,1388.924672,211,199,170,2,20251029_115314
1761735159.0397007,5425526,1388934656,1388.934656,215,199,171,2,20251029_115314
1761735159.0496848,5425565,1388944640,1388.94464,219,199,171,2,20251029_115314
1761735159.0596688,5425604,1388954624,1388.954624,222,199,171,2,20251029_115314
1761735159.0696528,5425643,1388964608,1388.964608,226,199,171,2,20251029_115314
1761735159.0796368,5425682,1388974592,1388.974592,230,199,171,2,20251029_115314
1761735159.0896208,5425721,1388984576,1388.984576,233,199,171,2,20251029_115314
1761735159.0996048,5425760,1388994560,1388.99456,236,199,171,2,20251029_115314
1761735159.1095889,5425799,1389004544,1389.004544,240,199,171,2,20251029_115314
1761735159.1195729,5425838,1389014528,1389.014528,243,199,172,2,20251029_115314
1761735159.129813,5425878,1389024768,1389.024768,246,199,171,2,20251029_115314
1761735159.1397967,5425917,1389034752,1389.034752,249,199,171,2,20251029_115314
1761735159.1497808,5425956,1389044736,1389.044736,252,199,170,2,20251029_115314
1761735159.1597648,5425995,1389054720,1389.05472,0,200,171,2,20251029_115314
1761735159.1697488,5426034,1389064704,1389.064704,3,199,171,2,20251029_115314
1761735159.1797328,5426073,1389074688,1389.074688,6,199,171,2,20251029_115314
1761735159.1897168,5426112,1389084672,1389.084672,8,199,171,2,20251029_115314
1761735159.1997008,5426151,1389094656,1389.094656,11,199,172,2,20251029_115314
1761735159.2096848,5426190,1389104640,1389.10464,13,199,171,2,20251029_115314
1761735159.2196689,5426229,1389114624,1389.114624,16,199,171,2,20251029_115314
1761735159.229653,5426268,1389124608,1389.124608,18,199,171,2,20251029_115314
1761735159.239893,5426308,1389134848,1389.134848,21,199,171,2,20251029_115314
1761735159.2498767,5426347,1389144832,1389.144832,23,199,171,2,20251029_115314
1761735159.2598608,5426386,1389154816,1389.154816,26,199,171,2,20251029_115314
1761735159.2698448,5426425,1389164800,1389.1648,28,199,170,2,20251029_115314
1761735159.2798288,5426464,1389174784,1389.174784,30,199,170,2,20251029_115314
1761735159.2898128,5426503,1389184768,1389.184768,33,199,170,2,20251029_115314
1761735159.2997968,5426542,1389194752,1389.194752,35,199,169,2,20251029_115314
1761735159.3097808,5426581,1389204736,1389.204736,37,199,168,2,20251029_115314
1761735159.3197649,5426620,1389214720,1389.21472,40,199,166,2,20251029_115314
1761735159.3297489,5426659,1389224704,1389.224704,42,199,163,2,20251029_115314
1761735159.339733,5426698,1389234688,1389.234688,45,200,160,2,20251029_115314
1761735159.349717,5426737,1389244672,1389.244672,48,199,156,2,20251029_115314
1761735159.359701,5426776,1389254656,1389.254656,51,199,152,2,20251029_115314
1761735159.369685,5426815,1389264640,1389.26464,54,199,149,2,20251029_115314
1761735159.379669,5426854,1389274624,1389.274624,58,199,146,2,20251029_115314
1761735159.3899088,5426894,1389284864,1389.284864,62,199,143,2,20251029_115314
1761735159.3998928,5426933,1389294848,1389.294848,66,199,139,2,20251029_115314
1761735159.4098768,5426972,1389304832,1389.304832,70,199,136,2,20251029_115314
1761735159.4198608,5427011,1389314816,1389.314816,74,199,136,2,20251029_115314
1761735159.4298449,5427050,1389324800,1389.3248,78,199,135,2,20251029_115314
1761735159.4398289,5427089,1389334784,1389.334784,82,199,135,2,20251029_115314
1761735159.449813,5427128,1389344768,1389.344768,86,199,135,2,20251029_115314
1761735159.459797,5427167,1389354752,1389.354752,89,199,135,2,20251029_115314
1761735159.469781,5427206,1389364736,1389.364736,93,199,136,2,20251029_115314
1761735159.479765,5427245,1389374720,1389.37472,97,199,134,2,20251029_115314
1761735159.489749,5427284,1389384704,1389.384704,100,199,135,2,20251029_115314
1761735159.4997327,5427323,1389394688,1389.394688,104,199,134,2,20251029_115314
1761735159.5097167,5427362,1389404672,1389.404672,107,199,135,2,20251029_115314
1761735159.5197008,5427401,1389414656,1389.414656,110,199,134,2,20251029_115314
1761735159.5299408,5427441,1389424896,1389.424896,114,199,134,2,20251029_115314
1761735159.5399249,5427480,1389434880,1389.43488,117,198,135,2,20251029_115314
1761735159.5499089,5427519,1389444864,1389.444864,120,199,135,2,20251029_115314
1761735159.559893,5427558,1389454848,1389.454848,123,198,134,2,20251029_115314
1761735159.569877,5427597,1389464832,1389.464832,126,198,135,2,20251029_115314
1761735159.579861,5427636,1389474816,1389.474816,129,198,135,2,20251029_115314
1761735159.589845,5427675,1389484800,1389.4848,132,198,135,2,20251029_115314
1761735159.599829,5427714,1389494784,1389.494784,134,198,135,2,20251029_115314
1761735159.6098127,5427753,1389504768,1389.504768,137,199,136,2,20251029_115314
1761735159.6197968,5427792,1389514752,1389.514752,140,198,136,2,20251029_115314
1761735159.6297808,5427831,1389524736,1389.524736,142,198,136,2,20251029_115314
1761735159.6397648,5427870,1389534720,1389.53472,145,199,136,2,20251029_115314
1761735159.6497488,5427909,1389544704,1389.544704,147,198,137,2,20251029_115314
1761735159.6597328,5427948,1389554688,1389.554688,150,198,137,2,20251029_115314
1761735159.669973,5427988,1389564928,1389.564928,152,198,138,2,20251029_115314
1761735159.679957,5428027,1389574912,1389.574912,155,199,139,2,20251029_115314
1761735159.689941,5428066,1389584896,1389.584896,157,198,140,2,20251029_115314
1761735159.699925,5428105,1389594880,1389.59488,160,199,141,2,20251029_115314
1761735159.7099087,5428144,1389604864,1389.604864,163,199,142,2,20251029_115314
1761735159.7198927,5428183,1389614848,1389.614848,165,199,142,2,20251029_115314
1761735159.7298768,5428222,1389624832,1389.624832,168,199,145,2,20251029_115314
1761735159.7398608,5428261,1389634816,1389.634816,171,198,147,2,20251029_115314
1761735159.7498448,5428300,1389644800,1389.6448,174,199,148,2,20251029_115314
1761735159.7598288,5428339,1389654784,1389.654784,177,199,151,2,20251029_115314
1761735159.7698128,5428378,1389664768,1389.664768,180,199,155,2,20251029_115314
1761735159.7797968,5428417,1389674752,1389.674752,183,199,158,2,20251029_115314
1761735159.7897809,5428456,1389684736,1389.684736,187,199,161,2,20251029_115314
1761735159.7997649,5428495,1389694720,1389.69472,191,199,163,2,20251029_115314
1761735159.810005,5428535,1389704960,1389.70496,194,199,165,2,20251029_115314
1761735159.8199887,5428574,1389714944,1389.714944,198,199,166,2,20251029_115314
1761735159.8299727,5428613,1389724928,1389.724928,202,199,166,2,20251029_115314
1761735159.8399568,5428652,1389734912,1389.734912,206,199,168,2,20251029_115314
1761735159.8499408,5428691,1389744896,1389.744896,210,199,169,2,20251029_115314
1761735159.8599248,5428730,1389754880,1389.75488,214,199,169,2,20251029_115314
1761735159.8699088,5428769,1389764864,1389.764864,217,199,171,2,20251029_115314
1761735159.8798928,5428808,1389774848,1389.774848,221,199,169,2,20251029_115314
1761735159.8898768,5428847,1389784832,1389.784832,225,201,170,2,20251029_115314
1761735159.8998609,5428886,1389794816,1389.794816,228,199,170,2,20251029_115314
1761735159.9098449,5428925,1389804800,1389.8048,232,199,170,2,20251029_115314
1761735159.919829,5428964,1389814784,1389.814784,235,199,172,2,20251029_115314
1761735159.929813,5429003,1389824768,1389.824768,238,200,170,2,20251029_115314
1761735159.939797,5429042,1389834752,1389.834752,242,200,170,2,20251029_115314
1761735159.949781,5429081,1389844736,1389.844736,245,199,170,2,20251029_115314
1761735159.9600208,5429121,1389854976,1389.854976,248,200,170,2,20251029_115314
1761735159.9700048,5429160,1389864960,1389.86496,251,199,170,2,20251029_115314
1761735159.9799888,5429199,1389874944,1389.874944,254,199,170,2,20251029_115314
1761735159.9899728,5429238,1389884928,1389.884928,2,200,170,2,20251029_115314
1761735159.9999568,5429277,1389894912,1389.894912,4,199,171,2,20251029_115314
1761735160.0099409,5429316,1389904896,1389.904896,7,199,171,2,20251029_115314
1761735160.0199249,5429355,1389914880,1389.91488,10,199,170,2,20251029_115314
1761735160.029909,5429394,1389924864,1389.924864,12,200,170,2,20251029_115314
1761735160.039893,5429433,1389934848,1389.934848,15,199,170,2,20251029_115314
1761735160.049877,5429472,1389944832,1389.944832,17,199,171,2,20251029_115314
1761735160.059861,5429511,1389954816,1389.954816,20,200,171,2,20251029_115314
1761735160.0698447,5429550,1389964800,1389.9648,22,200,171,2,20251029_115314
1761735160.0798287,5429589,1389974784,1389.974784,25,200,170,2,20251029_115314
1761735160.0898128,5429628,1389984768,1389.984768,27,199,172,2,20251029_115314
1761735160.1000528,5429668,1389995008,1389.995008,29,199,171,2,20251029_115314
1761735160.1100368,5429707,1390004992,1390.004992,32,199,170,2,20251029_115314
1761735160.1200209,5429746,1390014976,1390.014976,34,199,171,2,20251029_115314
1761735160.130005,5429785,1390024960,1390.02496,36,199,171,2,20251029_115314
1761735160.139989,5429824,1390034944,1390.034944,39,200,170,2,20251029_115314
1761735160.149973,5429863,1390044928,1390.044928,41,200,170,2,20251029_115314
1761735160.159957,5429902,1390054912,1390.054912,43,199,170,2,20251029_115314
1761735160.169941,5429941,1390064896,1390.064896,45,199,170,2,20251029_115314
1761735160.1799247,5429980,1390074880,1390.07488,47,199,170,2,20251029_115314
1761735160.1899087,5430019,1390084864,1390.084864,50,200,170,2,20251029_115314
1761735160.1998928,5430058,1390094848,1390.094848,52,199,170,2,20251029_115314
1761735160.2098768,5430097,1390104832,1390.104832,54,199,169,2,20251029_115314
1761735160.2198608,5430136,1390114816,1390.114816,56,199,170,2,20251029_115314
1761735160.2298448,5430175,1390124800,1390.1248,59,200,168,2,20251029_115314
1761735160.240085,5430215,1390135040,1390.13504,61,199,168,2,20251029_115314
1761735160.250069,5430254,1390145024,1390.145024,63,199,168,2,20251029_115314
1761735160.260053,5430293,1390155008,1390.155008,66,199,167,2,20251029_115314
1761735160.270037,5430332,1390164992,1390.164992,68,199,166,2,20251029_115314
1761735160.280021,5430371,1390174976,1390.174976,71,199,164,2,20251029_115314
1761735160.2900047,5430410,1390184960,1390.18496,74,199,162,2,20251029_115314
1761735160.2999887,5430449,1390194944,1390.194944,76,199,161,2,20251029_115314
1761735160.3099728,5430488,1390204928,1390.204928,79,199,159,2,20251029_115314
1761735160.3199568,5430527,1390214912,1390.214912,82,199,157,2,20251029_115314
1761735160.3299408,5430566,1390224896,1390.224896,85,199,154,2,20251029_115314
1761735160.3399248,5430605,1390234880,1390.23488,88,199,152,2,20251029_115314
1761735160.3499088,5430644,1390244864,1390.244864,92,199,150,2,20251029_115314
1761735160.3598928,5430683,1390254848,1390.254848,95,199,149,2,20251029_115314
1761735160.3698769,5430722,1390264832,1390.264832,98,198,147,2,20251029_115314
1761735160.3798609,5430761,1390274816,1390.274816,102,198,145,2,20251029_115314
1761735160.390101,5430801,1390285056,1390.285056,105,198,144,2,20251029_115314
1761735160.4000847,5430840,1390295040,1390.29504,108,198,142,2,20251029_115314
1761735160.4100688,5430879,1390305024,1390.305024,112,198,141,2,20251029_115314
1761735160.4200528,5430918,1390315008,1390.315008,115,199,139,2,20251029_115314
1761735160.4300368,5430957,1390324992,1390.324992,118,198,138,2,20251029_115314
1761735160.4400208,5430996,1390334976,1390.334976,121,198,137,2,20251029_115314
1761735160.4502609,5431036,1390345216,1390.345216,124,198,136,2,20251029_115314
1761735160.460245,5431075,1390355200,1390.3552,127,198,136,2,20251029_115314
1761735160.470229,5431114,1390365184,1390.365184,130,198,135,2,20251029_115314
1761735160.480213,5431153,1390375168,1390.375168,133,198,135,2,20251029_115314
1761735160.490197,5431192,1390385152,1390.385152,135,198,135,2,20251029_115314
1761735160.500181,5431231,1390395136,1390.395136,138,198,136,2,20251029_115314
1761735160.5104208,5431271,1390405376,1390.405376,141,198,136,2,20251029_115314
1761735160.5204048,5431310,1390415360,1390.41536,143,198,137,2,20251029_115314
1761735160.5303888,5431349,1390425344,1390.425344,146,198,138,2,20251029_115314
1761735160.5403728,5431388,1390435328,1390.435328,148,198,137,2,20251029_115314
1761735160.5503569,5431427,1390445312,1390.445312,151,198,139,2,20251029_115314
1761735160.560341,5431466,1390455296,1390.455296,154,198,140,2,20251029_115314
1761735160.570325,5431505,1390465280,1390.46528,156,198,141,2,20251029_115314
1761735160.580309,5431544,1390475264,1390.475264,159,198,142,2,20251029_115314
1761735160.5905488,5431584,1390485504,1390.485504,162,198,143,2,20251029_115314
1761735160.6005328,5431623,1390495488,1390.495488,164,198,144,2,20251029_115314
1761735160.6105168,5431662,1390505472,1390.505472,167,199,147,2,20251029_115314
1761735160.6205008,5431701,1390515456,1390.515456,170,198,150,2,20251029_115314
1761735160.6304848,5431740,1390525440,1390.52544,173,198,153,2,20251029_115314
1761735160.6404688,5431779,1390535424,1390.535424,176,198,155,2,20251029_115314
1761735160.6504529,5431818,1390545408,1390.545408,180,198,159,2,20251029_115314
1761735160.660693,5431858,1390555648,1390.555648,184,198,162,2,20251029_115314
1761735160.670677,5431897,1390565632,1390.565632,187,198,164,2,20251029_115314
1761735160.6806607,5431936,1390575616,1390.575616,191,198,167,2,20251029_115314
1761735160.6906447,5431975,1390585600,1390.5856,195,198,167,2,20251029_115314
1761735160.7006288,5432014,1390595584,1390.595584,199,198,168,2,20251029_115314
1761735160.7106128,5432053,1390605568,1390.605568,203,198,168,2,20251029_115314
1761735160.7205968,5432092,1390615552,1390.615552,207,198,169,2,20251029_115314
1761735160.7308369,5432132,1390625792,1390.625792,211,198,169,2,20251029_115314
1761735160.740821,5432171,1390635776,1390.635776,215,199,168,2,20251029_115314
1761735160.750805,5432210,1390645760,1390.64576,218,199,169,2,20251029_115314
1761735160.760789,5432249,1390655744,1390.655744,222,199,170,2,20251029_115314
1761735160.770773,5432288,1390665728,1390.665728,226,199,170,2,20251029_115314
1761735160.780757,5432327,1390675712,1390.675712,229,199,169,2,20251029_115314
1761735160.7907407,5432366,1390685696,1390.685696,233,199,170,2,20251029_115314
1761735160.8009808,5432406,1390695936,1390.695936,236,199,169,2,20251029_115314
1761735160.8109648,5432445,1390705920,1390.70592,239,199,170,2,20251029_115314
1761735160.8209488,5432484,1390715904,1390.715904,242,199,170,2,20251029_115314
1761735160.8309329,5432523,1390725888,1390.725888,246,199,170,2,20251029_115314
1761735160.8409169,5432562,1390735872,1390.735872,249,199,172,2,20251029_115314
1761735160.850901,5432601,1390745856,1390.745856,252,199,170,2,20251029_115314
1761735160.860885,5432640,1390755840,1390.75584,0,199,171,2,20251029_115314
1761735160.870869,5432679,1390765824,1390.765824,2,199,170,2,20251029_115314
1761735160.8811088,5432719,1390776064,1390.776064,5,199,170,2,20251029_115314
1761735160.8910928,5432758,1390786048,1390.786048,8,199,170,2,20251029_115314
1761735160.9010768,5432797,1390796032,1390.796032,11,199,170,2,20251029_115314
1761735160.9110608,5432836,1390806016,1390.806016,13,199,170,2,20251029_115314
1761735160.9210448,5432875,1390816000,1390.816,16,199,170,2,20251029_115314
1761735160.9310288,5432914,1390825984,1390.825984,18,200,170,2,20251029_115314
1761735160.9410129,5432953,1390835968,1390.835968,21,199,170,2,20251029_115314
1761735160.9509969,5432992,1390845952,1390.845952,23,199,170,2,20251029_115314
1761735160.960981,5433031,1390855936,1390.855936,26,199,169,2,20251029_115314
1761735160.970965,5433070,1390865920,1390.86592,28,200,169,2,20251029_115314
1761735160.980949,5433109,1390875904,1390.875904,30,199,167,2,20251029_115314
1761735160.990933,5433148,1390885888,1390.885888,33,199,165,2,20251029_115314
1761735161.000917,5433187,1390895872,1390.895872,36,200,161,2,20251029_115314
1761735161.0109007,5433226,1390905856,1390.905856,38,199,158,2,20251029_115314
1761735161.0211408,5433266,1390916096,1390.916096,41,199,156,2,20251029_115314
1761735161.0311248,5433305,1390926080,1390.92608,45,199,153,2,20251029_115314
1761735161.0411088,5433344,1390936064,1390.936064,48,199,150,2,20251029_115314
1761735161.0510929,5433383,1390946048,1390.946048,51,199,148,2,20251029_115314
1761735161.0610769,5433422,1390956032,1390.956032,55,199,144,2,20251029_115314
1761735161.071061,5433461,1390966016,1390.966016,59,200,141,2,20251029_115314
1761735161.081045,5433500,1390976000,1390.976,63,200,138,2,20251029_115314
1761735161.091029,5433539,1390985984,1390.985984,67,199,136,2,20251029_115314
1761735161.101013,5433578,1390995968,1390.995968,71,199,135,2,20251029_115314
1761735161.1109967,5433617,1391005952,1391.005952,75,200,135,2,20251029_115314
1761735161.1209807,5433656,1391015936,1391.015936,79,199,135,2,20251029_115314
1761735161.1309648,5433695,1391025920,1391.02592,83,199,135,2,20251029_115314
1761735161.1409488,5433734,1391035904,1391.035904,87,199,134,2,20251029_115314
1761735161.1509328,5433773,1391045888,1391.045888,91,199,134,2,20251029_115314
1761735161.1609168,5433812,1391055872,1391.055872,94,199,134,2,20251029_115314
1761735161.171157,5433852,1391066112,1391.066112,98,199,134,2,20251029_115314
1761735161.181141,5433891,1391076096,1391.076096,101,199,134,2,20251029_115314
1761735161.191125,5433930,1391086080,1391.08608,105,199,135,2,20251029_115314
1761735161.201109,5433969,1391096064,1391.096064,108,199,135,2,20251029_115314
1761735161.211093,5434008,1391106048,1391.106048,112,199,136,2,20251029_115314
1761735161.2210767,5434047,1391116032,1391.116032,115,199,135,2,20251029_115314
1761735161.2310607,5434086,1391126016,1391.126016,118,198,138,2,20251029_115314
1761735161.2410448,5434125,1391136000,1391.136,121,199,137,2,20251029_115314
1761735161.2510288,5434164,1391145984,1391.145984,124,198,139,2,20251029_115314
1761735161.2610128,5434203,1391155968,1391.155968,127,198,140,2,20251029_115314
1761735161.2709968,5434242,1391165952,1391.165952,130,199,142,2,20251029_115314
1761735161.2809808,5434281,1391175936,1391.175936,133,198,144,2,20251029_115314
1761735161.2909648,5434320,1391185920,1391.18592,136,198,147,2,20251029_115314
1761735161.3009489,5434359,1391195904,1391.195904,139,198,151,2,20251029_115314
1761735161.311189,5434399,1391206144,1391.206144,142,198,155,2,20251029_115314
1761735161.321173,5434438,1391216128,1391.216128,146,199,160,2,20251029_115314
1761735161.3311567,5434477,1391226112,1391.226112,149,198,163,2,20251029_115314
1761735161.3411407,5434516,1391236096,1391.236096,153,199,165,2,20251029_115314
1761735161.3511248,5434555,1391246080,1391.24608,157,198,166,2,20251029_115314
1761735161.3611088,5434594,1391256064,1391.256064,161,199,167,2,20251029_115314
1761735161.3710928,5434633,1391266048,1391.266048,165,198,168,2,20251029_115314
1761735161.3810768,5434672,1391276032,1391.276032,169,198,169,2,20251029_115314
1761735161.3910608,5434711,1391286016,1391.286016,173,199,169,2,20251029_115314
1761735161.4010448,5434750,1391296000,1391.296,177,199,169,2,20251029_115314
1761735161.4110289,5434789,1391305984,1391.305984,181,198,170,2,20251029_115314
1761735161.4210129,5434828,1391315968,1391.315968,185,198,170,2,20251029_115314
1761735161.430997,5434867,1391325952,1391.325952,189,198,170,2,20251029_115314
1761735161.440981,5434906,1391335936,1391.335936,194,199,170,2,20251029_115314
1761735161.4512208,5434946,1391346176,1391.346176,198,199,170,2,20251029_115314
1761735161.4612048,5434985,1391356160,1391.35616,202,199,170,2,20251029_115314
1761735161.4711888,5435024,1391366144,1391.366144,206,198,170,2,20251029_115314
1761735161.4811728,5435063,1391376128,1391.376128,210,199,170,2,20251029_115314
1761735161.4911568,5435102,1391386112,1391.386112,213,199,171,2,20251029_115314
1761735161.5011408,5435141,1391396096,1391.396096,217,199,170,2,20251029_115314
1761735161.5111248,5435180,1391406080,1391.40608,221,199,171,2,20251029_115314
1761735161.5211089,5435219,1391416064,1391.416064,225,199,170,2,20251029_115314
1761735161.531093,5435258,1391426048,1391.426048,228,199,171,2,20251029_115314
1761735161.541077,5435297,1391436032,1391.436032,232,199,171,2,20251029_115314
1761735161.551061,5435336,1391446016,1391.446016,235,199,171,2,20251029_115314
1761735161.561045,5435375,1391456000,1391.456,238,199,171,2,20251029_115314
1761735161.571029,5435414,1391465984,1391.465984,242,199,171,2,20251029_115314
1761735161.5810127,5435453,1391475968,1391.475968,245,199,171,2,20251029_115314
1761735161.5912528,5435493,1391486208,1391.486208,248,199,171,2,20251029_115314
1761735161.6012368,5435532,1391496192,1391.496192,251,199,171,2,20251029_115314
1761735161.6112208,5435571,1391506176,1391.506176,254,199,173,2,20251029_115314
1761735161.6212049,5435610,1391516160,1391.51616,2,199,171,2,20251029_115314
1761735161.6311889,5435649,1391526144,1391.526144,4,199,171,2,20251029_115314
1761735161.641173,5435688,1391536128,1391.536128,7,199,171,2,20251029_115314
1761735161.651157,5435727,1391546112,1391.546112,10,199,171,2,20251029_115314
1761735161.661141,5435766,1391556096,1391.556096,12,199,171,2,20251029_115314
1761735161.671125,5435805,1391566080,1391.56608,15,199,171,2,20251029_115314
1761735161.681109,5435844,1391576064,1391.576064,17,199,171,2,20251029_115314
1761735161.6910927,5435883,1391586048,1391.586048,20,199,170,2,20251029_115314
1761735161.7010767,5435922,1391596032,1391.596032,22,199,170,2,20251029_115314
1761735161.7110608,5435961,1391606016,1391.606016,25,199,170,2,20251029_115314
1761735161.7210448,5436000,1391616000,1391.616,27,199,170,2,20251029_115314
1761735161.7310288,5436039,1391625984,1391.625984,29,199,170,2,20251029_115314
1761735161.7412689,5436079,1391636224,1391.636224,32,199,169,2,20251029_115314
1761735161.751253,5436118,1391646208,1391.646208,34,199,168,2,20251029_115314
1761735161.761237,5436157,1391656192,1391.656192,37,199,165,2,20251029_115314
1761735161.771221,5436196,1391666176,1391.666176,39,199,162,2,20251029_115314
1761735161.781205,5436235,1391676160,1391.67616,42,200,159,2,20251029_115314
1761735161.791189,5436274,1391686144,1391.686144,45,199,155,2,20251029_115314
1761735161.8011727,5436313,1391696128,1391.696128,48,199,150,2,20251029_115314
1761735161.8111567,5436352,1391706112,1391.706112,52,199,148,2,20251029_115314
1761735161.8211408,5436391,1391716096,1391.716096,55,200,145,2,20251029_115314
1761735161.8311248,5436430,1391726080,1391.72608,59,199,142,2,20251029_115314
1761735161.8411088,5436469,1391736064,1391.736064,63,199,138,2,20251029_115314
1761735161.8510928,5436508,1391746048,1391.746048,67,199,136,2,20251029_115314
1761735161.8610768,5436547,1391756032,1391.756032,71,199,134,2,20251029_115314
1761735161.8710608,5436586,1391766016,1391.766016,76,200,135,2,20251029_115314
1761735161.881301,5436626,1391776256,1391.776256,79,200,134,2,20251029_115314
1761735161.891285,5436665,1391786240,1391.78624,83,199,135,2,20251029_115314
1761735161.901269,5436704,1391796224,1391.796224,87,199,134,2,20251029_115314
1761735161.9112527,5436743,1391806208,1391.806208,91,199,134,2,20251029_115314
1761735161.9212368,5436782,1391816192,1391.816192,95,199,133,2,20251029_115314
1761735161.9312208,5436821,1391826176,1391.826176,98,199,134,2,20251029_115314
1761735161.9412048,5436860,1391836160,1391.83616,102,199,134,2,20251029_115314
1761735161.9511888,5436899,1391846144,1391.846144,105,199,134,2,20251029_115314
1761735161.9611728,5436938,1391856128,1391.856128,109,199,133,2,20251029_115314
1761735161.9711568,5436977,1391866112,1391.866112,112,199,134,2,20251029_115314
1761735161.9811409,5437016,1391876096,1391.876096,115,199,134,2,20251029_115314
1761735161.9911249,5437055,1391886080,1391.88608,118,199,134,2,20251029_115314
1761735162.001109,5437094,1391896064,1391.896064,121,199,135,2,20251029_115314
1761735162.011093,5437133,1391906048,1391.906048,124,199,136,2,20251029_115314
1761735162.0213327,5437173,1391916288,1391.916288,127,198,136,2,20251029_115314
1761735162.0313168,5437212,1391926272,1391.926272,130,199,137,2,20251029_115314
1761735162.0413008,5437251,1391936256,1391.936256,133,199,137,2,20251029_115314
1761735162.0512848,5437290,1391946240,1391.94624,136,199,138,2,20251029_115314
1761735162.0612688,5437329,1391956224,1391.956224,138,199,139,2,20251029_115314
1761735162.0712528,5437368,1391966208,1391.966208,141,198,140,2,20251029_115314
1761735162.0812368,5437407,1391976192,1391.976192,144,199,141,2,20251029_115314
1761735162.0912209,5437446,1391986176,1391.986176,147,198,143,2,20251029_115314
1761735162.1012049,5437485,1391996160,1391.99616,150,199,145,2,20251029_115314
1761735162.111189,5437524,1392006144,1392.006144,153,198,147,2,20251029_115314
1761735162.121173,5437563,1392016128,1392.016128,156,199,150,2,20251029_115314
1761735162.131157,5437602,1392026112,1392.026112,159,198,153,2,20251029_115314
1761735162.141141,5437641,1392036096,1392.036096,162,199,157,2,20251029_115314
1761735162.151125,5437680,1392046080,1392.04608,166,199,161,2,20251029_115314
1761735162.1613648,5437720,1392056320,1392.05632,169,198,164,2,20251029_115314
1761735162.1713488,5437759,1392066304,1392.066304,173,199,165,2,20251029_115314
1761735162.1813328,5437798,1392076288,1392.076288,177,199,167,2,20251029_115314
1761735162.1913168,5437837,1392086272,1392.086272,181,199,168,2,20251029_115314
1761735162.2013009,5437876,1392096256,1392.096256,185,199,168,2,20251029_115314
1761735162.2112849,5437915,1392106240,1392.10624,189,199,169,2,20251029_115314
1761735162.221269,5437954,1392116224,1392.116224,194,199,169,2,20251029_115314
1761735162.231253,5437993,1392126208,1392.126208,198,199,169,2,20251029_115314
1761735162.241237,5438032,1392136192,1392.136192,202,199,169,2,20251029_115314
1761735162.251221,5438071,1392146176,1392.146176,206,199,170,2,20251029_115314
1761735162.261205,5438110,1392156160,1392.15616,209,199,170,2,20251029_115314
1761735162.2711887,5438149,1392166144,1392.166144,213,199,170,2,20251029_115314
1761735162.2811728,5438188,1392176128,1392.176128,217,199,170,2,20251029_115314
1761735162.2911568,5438227,1392186112,1392.186112,221,200,170,2,20251029_115314
1761735162.3013968,5438267,1392196352,1392.196352,224,199,170,2,20251029_115314
1761735162.3113809,5438306,1392206336,1392.206336,228,199,170,2,20251029_115314
1761735162.3213649,5438345,1392216320,1392.21632,231,199,170,2,20251029_115314
1761735162.331349,5438384,1392226304,1392.226304,235,199,170,2,20251029_115314
1761735162.341333,5438423,1392236288,1392.236288,238,199,171,2,20251029_115314
1761735162.351317,5438462,1392246272,1392.246272,241,199,171,2,20251029_115314
1761735162.361301,5438501,1392256256,1392.256256,245,199,171,2,20251029_115314
1761735162.3712847,5438540,1392266240,1392.26624,248,199,171,2,20251029_115314
1761735162.3812687,5438579,1392276224,1392.276224,251,199,171,2,20251029_115314
1761735162.3912528,5438618,1392286208,1392.286208,254,200,171,2,20251029_115314
1761735162.4012368,5438657,1392296192,1392.296192,1,199,171,2,20251029_115314
1761735162.4112208,5438696,1392306176,1392.306176,4,199,171,2,20251029_115314
1761735162.4212048,5438735,1392316160,1392.31616,7,199,171,2,20251029_115314
1761735162.4311888,5438774,1392326144,1392.326144,10,199,171,2,20251029_115314
1761735162.441429,5438814,1392336384,1392.336384,12,199,171,2,20251029_115314
1761735162.451413,5438853,1392346368,1392.346368,15,199,171,2,20251029_115314
1761735162.461397,5438892,1392356352,1392.356352,17,199,171,2,20251029_115314
1761735162.471381,5438931,1392366336,1392.366336,20,199,171,2,20251029_115314
1761735162.4813647,5438970,1392376320,1392.37632,22,199,171,2,20251029_115314
1761735162.4913487,5439009,1392386304,1392.386304,25,199,171,2,20251029_115314
1761735162.5013328,5439048,1392396288,1392.396288,27,199,170,2,20251029_115314
1761735162.5113168,5439087,1392406272,1392.406272,29,199,171,2,20251029_115314
1761735162.5213008,5439126,1392416256,1392.416256,32,199,170,2,20251029_115314
1761735162.5312848,5439165,1392426240,1392.42624,34,200,170,2,20251029_115314
1761735162.5412688,5439204,1392436224,1392.436224,36,199,170,2,20251029_115314
1761735162.5512528,5439243,1392446208,1392.446208,38,199,170,2,20251029_115314
1761735162.5612369,5439282,1392456192,1392.456192,41,199,168,2,20251029_115314
1761735162.571477,5439322,1392466432,1392.466432,43,199,167,2,20251029_115314
1761735162.581461,5439361,1392476416,1392.476416,46,199,165,2,20251029_115314
1761735162.5914447,5439400,1392486400,1392.4864,48,199,161,2,20251029_115314
1761735162.6014287,5439439,1392496384,1392.496384,51,199,158,2,20251029_115314
1761735162.6114128,5439478,1392506368,1392.506368,54,199,156,2,20251029_115314
1761735162.6213968,5439517,1392516352,1392.516352,57,199,152,2,20251029_115314
1761735162.6313808,5439556,1392526336,1392.526336,60,200,148,2,20251029_115314
1761735162.6413648,5439595,1392536320,1392.53632,64,199,146,2,20251029_115314
1761735162.6513488,5439634,1392546304,1392.546304,68,199,142,2,20251029_115314
1761735162.6613328,5439673,1392556288,1392.556288,71,199,140,2,20251029_115314
1761735162.6713169,5439712,1392566272,1392.566272,75,199,137,2,20251029_115314
1761735162.6813009,5439751,1392576256,1392.576256,79,199,135,2,20251029_115314
1761735162.691285,5439790,1392586240,1392.58624,83,199,135,2,20251029_115314
1761735162.701269,5439829,1392596224,1392.596224,87,200,135,2,20251029_115314
1761735162.711253,5439868,1392606208,1392.606208,91,199,135,2,20251029_115314
1761735162.7214928,5439908,1392616448,1392.616448,94,199,134,2,20251029_115314
1761735162.7314768,5439947,1392626432,1392.626432,98,199,134,2,20251029_115314
1761735162.7414608,5439986,1392636416,1392.636416,102,199,135,2,20251029_115314
1761735162.7514448,5440025,1392646400,1392.6464,105,199,134,2,20251029_115314
1761735162.7614288,5440064,1392656384,1392.656384,108,199,134,2,20251029_115314
1761735162.7714128,5440103,1392666368,1392.666368,112,199,135,2,20251029_115314
1761735162.7813969,5440142,1392676352,1392.676352,115,199,134,2,20251029_115314
1761735162.791381,5440181,1392686336,1392.686336,118,199,135,2,20251029_115314
1761735162.801365,5440220,1392696320,1392.69632,121,199,135,2,20251029_115314
1761735162.811349,5440259,1392706304,1392.706304,124,199,136,2,20251029_115314
1761735162.821333,5440298,1392716288,1392.716288,127,198,135,2,20251029_115314
1761735162.831317,5440337,1392726272,1392.726272,130,199,135,2,20251029_115314
1761735162.8413007,5440376,1392736256,1392.736256,133,199,135,2,20251029_115314
1761735162.8512847,5440415,1392746240,1392.74624,135,199,135,2,20251029_115314
1761735162.8615248,5440455,1392756480,1392.75648,138,199,136,2,20251029_115314
1761735162.8715088,5440494,1392766464,1392.766464,141,199,137,2,20251029_115314
1761735162.8814929,5440533,1392776448,1392.776448,143,199,138,2,20251029_115314
1761735162.8914769,5440572,1392786432,1392.786432,146,199,138,2,20251029_115314
1761735162.901461,5440611,1392796416,1392.796416,149,199,140,2,20251029_115314
1761735162.911445,5440650,1392806400,1392.8064,151,200,138,2,20251029_115314
1761735162.921429,5440689,1392816384,1392.816384,154,200,140,2,20251029_115314
1761735162.931413,5440728,1392826368,1392.826368,156,199,143,2,20251029_115314
1761735162.941397,5440767,1392836352,1392.836352,159,199,142,2,20251029_115314
1761735162.9513807,5440806,1392846336,1392.846336,162,199,144,2,20251029_115314
1761735162.9613647,5440845,1392856320,1392.85632,165,199,145,2,20251029_115314
1761735162.9713488,5440884,1392866304,1392.866304,167,199,146,2,20251029_115314
1761735162.9813328,5440923,1392876288,1392.876288,170,199,150,2,20251029_115314
1761735162.9913168,5440962,1392886272,1392.886272,173,199,152,2,20251029_115314
1761735163.0013008,5441001,1392896256,1392.896256,177,199,155,2,20251029_115314
1761735163.011541,5441041,1392906496,1392.906496,180,199,158,2,20251029_115314
1761735163.021525,5441080,1392916480,1392.91648,184,199,160,2,20251029_115314
1761735163.031509,5441119,1392926464,1392.926464,188,199,164,2,20251029_115314
1761735163.041493,5441158,1392936448,1392.936448,191,199,165,2,20251029_115314
1761735163.051477,5441197,1392946432,1392.946432,195,199,167,2,20251029_115314
1761735163.0614607,5441236,1392956416,1392.956416,199,199,167,2,20251029_115314
1761735163.0714447,5441275,1392966400,1392.9664,203,199,168,2,20251029_115314
1761735163.0814288,5441314,1392976384,1392.976384,207,199,168,2,20251029_115314
1761735163.0914128,5441353,1392986368,1392.986368,211,199,169,2,20251029_115314
1761735163.1013968,5441392,1392996352,1392.996352,215,199,169,2,20251029_115314
1761735163.1113808,5441431,1393006336,1393.006336,218,199,169,2,20251029_115314
1761735163.1213648,5441470,1393016320,1393.01632,222,199,169,2,20251029_115314
1761735163.1313488,5441509,1393026304,1393.026304,226,199,170,2,20251029_115314
1761735163.141589,5441549,1393036544,1393.036544,229,199,170,2,20251029_115314
1761735163.151573,5441588,1393046528,1393.046528,232,200,170,2,20251029_115314
1761735163.161557,5441627,1393056512,1393.056512,236,199,170,2,20251029_115314
1761735163.1715407,5441666,1393066496,1393.066496,239,199,170,2,20251029_115314
1761735163.1815248,5441705,1393076480,1393.07648,242,199,170,2,20251029_115314
1761735163.1915088,5441744,1393086464,1393.086464,245,199,170,2,20251029_115314
1761735163.2014928,5441783,1393096448,1393.096448,249,199,170,2,20251029_115314
1761735163.2114768,5441822,1393106432,1393.106432,252,200,170,2,20251029_115314
1761735163.2214608,5441861,1393116416,1393.116416,254,199,170,2,20251029_115314
1761735163.2314448,5441900,1393126400,1393.1264,2,199,171,2,20251029_115314
1761735163.2414289,5441939,1393136384,1393.136384,5,199,171,2,20251029_115314
1761735163.251669,5441979,1393146624,1393.146624,8,199,170,2,20251029_115314
1761735163.261653,5442018,1393156608,1393.156608,10,199,170,2,20251029_115314
1761735163.2716367,5442057,1393166592,1393.166592,13,199,170,2,20251029_115314
1761735163.2816207,5442096,1393176576,1393.176576,16,200,172,2,20251029_115314
1761735163.2916048,5442135,1393186560,1393.18656,18,200,170,2,20251029_115314
1761735163.3015888,5442174,1393196544,1393.196544,21,199,170,2,20251029_115314
1761735163.3115728,5442213,1393206528,1393.206528,23,199,170,2,20251029_115314
1761735163.3215568,5442252,1393216512,1393.216512,25,199,171,2,20251029_115314
1761735163.3315408,5442291,1393226496,1393.226496,28,199,170,2,20251029_115314
1761735163.3415248,5442330,1393236480,1393.23648,30,199,172,2,20251029_115314
1761735163.3515089,5442369,1393246464,1393.246464,32,200,170,2,20251029_115314
1761735163.3614929,5442408,1393256448,1393.256448,35,199,169,2,20251029_115314
1761735163.371477,5442447,1393266432,1393.266432,37,199,169,2,20251029_115314
1761735163.381461,5442486,1393276416,1393.276416,39,200,168,2,20251029_115314
1761735163.3917007,5442526,1393286656,1393.286656,42,199,166,2,20251029_115314
1761735163.4016848,5442565,1393296640,1393.29664,44,199,165,2,20251029_115314
1761735163.4116688,5442604,1393306624,1393.306624,47,200,164,2,20251029_115314
1761735163.4216528,5442643,1393316608,1393.316608,49,199,161,2,20251029_115314
1761735163.4316368,5442682,1393326592,1393.326592,52,199,159,2,20251029_115314
1761735163.4416208,5442721,1393336576,1393.336576,55,199,156,2,20251029_115314
1761735163.4516048,5442760,1393346560,1393.34656,58,200,155,2,20251029_115314
1761735163.4615889,5442799,1393356544,1393.356544,61,200,153,2,20251029_115314
1761735163.4715729,5442838,1393366528,1393.366528,65,199,150,2,20251029_115314
1761735163.481557,5442877,1393376512,1393.376512,68,199,148,2,20251029_115314
1761735163.491541,5442916,1393386496,1393.386496,71,199,147,2,20251029_115314
1761735163.501525,5442955,1393396480,1393.39648,75,199,145,2,20251029_115314
1761735163.511509,5442994,1393406464,1393.406464,79,199,143,2,20251029_115314
1761735163.521493,5443033,1393416448,1393.416448,82,199,141,2,20251029_115314
1761735163.5314767,5443072,1393426432,1393.426432,86,200,138,2,20251029_115314
1761735163.5417168,5443112,1393436672,1393.436672,90,199,138,2,20251029_115314
1761735163.5517008,5443151,1393446656,1393.446656,93,199,136,2,20251029_115314
1761735163.5616848,5443190,1393456640,1393.45664,97,199,134,2,20251029_115314
1761735163.5716689,5443229,1393466624,1393.466624,100,199,134,2,20251029_115314
1761735163.5816529,5443268,1393476608,1393.476608,104,199,135,2,20251029_115314
1761735163.591637,5443307,1393486592,1393.486592,107,199,134,2,20251029_115314
1761735163.601621,5443346,1393496576,1393.496576,111,199,134,2,20251029_115314
1761735163.611605,5443385,1393506560,1393.50656,114,198,135,2,20251029_115314
1761735163.621589,5443424,1393516544,1393.516544,117,198,135,2,20251029_115314
1761735163.6315727,5443463,1393526528,1393.526528,120,199,136,2,20251029_115314
1761735163.6415567,5443502,1393536512,1393.536512,123,198,136,2,20251029_115314
1761735163.6515408,5443541,1393546496,1393.546496,126,198,137,2,20251029_115314
1761735163.6615248,5443580,1393556480,1393.55648,129,198,138,2,20251029_115314
1761735163.6715088,5443619,1393566464,1393.566464,132,198,139,2,20251029_115314
1761735163.6817489,5443659,1393576704,1393.576704,135,198,140,2,20251029_115314
1761735163.691733,5443698,1393586688,1393.586688,138,198,142,2,20251029_115314
1761735163.701717,5443737,1393596672,1393.596672,140,198,143,2,20251029_115314
1761735163.711701,5443776,1393606656,1393.606656,143,199,145,2,20251029_115314
1761735163.721685,5443815,1393616640,1393.61664,146,198,147,2,20251029_115314
1761735163.731669,5443854,1393626624,1393.626624,149,198,149,2,20251029_115314
1761735163.7416527,5443893,1393636608,1393.636608,152,198,153,2,20251029_115314
1761735163.7516367,5443932,1393646592,1393.646592,156,199,155,2,20251029_115314
1761735163.7616208,5443971,1393656576,1393.656576,159,199,159,2,20251029_115314
1761735163.7716048,5444010,1393666560,1393.66656,163,198,162,2,20251029_115314
1761735163.7815888,5444049,1393676544,1393.676544,166,199,164,2,20251029_115314
1761735163.7915728,5444088,1393686528,1393.686528,170,198,167,2,20251029_115314
1761735163.8015568,5444127,1393696512,1393.696512,174,199,167,2,20251029_115314
1761735163.8115408,5444166,1393706496,1393.706496,178,198,168,2,20251029_115314
1761735163.8215249,5444205,1393716480,1393.71648,182,199,169,2,20251029_115314
1761735163.831765,5444245,1393726720,1393.72672,186,199,169,2,20251029_115314
1761735163.841749,5444284,1393736704,1393.736704,190,199,170,2,20251029_115314
1761735163.8517327,5444323,1393746688,1393.746688,194,199,169,2,20251029_115314
1761735163.8617167,5444362,1393756672,1393.756672,199,199,168,2,20251029_115314
1761735163.8717008,5444401,1393766656,1393.766656,202,199,169,2,20251029_115314
1761735163.8816848,5444440,1393776640,1393.77664,206,199,170,2,20251029_115314
1761735163.8916688,5444479,1393786624,1393.786624,210,199,170,2,20251029_115314
1761735163.9016528,5444518,1393796608,1393.796608,214,199,171,2,20251029_115314
1761735163.9116368,5444557,1393806592,1393.806592,218,199,171,2,20251029_115314
1761735163.9216208,5444596,1393816576,1393.816576,222,199,170,2,20251029_115314
1761735163.9316049,5444635,1393826560,1393.82656,225,199,170,2,20251029_115314
1761735163.9415889,5444674,1393836544,1393.836544,229,199,170,2,20251029_115314
1761735163.951573,5444713,1393846528,1393.846528,232,199,170,2,20251029_115314
1761735163.961557,5444752,1393856512,1393.856512,236,199,169,2,20251029_115314
1761735163.9717968,5444792,1393866752,1393.866752,239,199,170,2,20251029_115314
1761735163.9817808,5444831,1393876736,1393.876736,242,200,170,2,20251029_115314
1761735163.9917648,5444870,1393886720,1393.88672,245,199,171,2,20251029_115314
1761735164.0017488,5444909,1393896704,1393.896704,248,199,171,2,20251029_115314
1761735164.0117328,5444948,1393906688,1393.906688,251,199,171,2,20251029_115314
1761735164.0217168,5444987,1393916672,1393.916672,254,199,171,2,20251029_115314
1761735164.0317008,5445026,1393926656,1393.926656,2,199,171,2,20251029_115314
1761735164.0416849,5445065,1393936640,1393.93664,5,199,170,2,20251029_115314
1761735164.051669,5445104,1393946624,1393.946624,8,200,170,2,20251029_115314
1761735164.061653,5445143,1393956608,1393.956608,10,200,171,2,20251029_115314
1761735164.071637,5445182,1393966592,1393.966592,13,199,170,2,20251029_115314
1761735164.081621,5445221,1393976576,1393.976576,15,199,170,2,20251029_115314
1761735164.091605,5445260,1393986560,1393.98656,18,200,170,2,20251029_115314
1761735164.1015887,5445299,1393996544,1393.996544,20,200,170,2,20251029_115314
1761735164.1115727,5445338,1394006528,1394.006528,23,199,170,2,20251029_115314
1761735164.1218128,5445378,1394016768,1394.016768,25,199,169,2,20251029_115314
1761735164.1317968,5445417,1394026752,1394.026752,28,199,169,2,20251029_115314
1761735164.1417809,5445456,1394036736,1394.036736,30,199,168,2,20251029_115314
1761735164.1517649,5445495,1394046720,1394.04672,33,199,166,2,20251029_115314
1761735164.161749,5445534,1394056704,1394.056704,35,199,162,2,20251029_115314
1761735164.171733,5445573,1394066688,1394.066688,38,199,159,2,20251029_115314
1761735164.181717,5445612,1394076672,1394.076672,41,199,156,2,20251029_115314
1761735164.191701,5445651,1394086656,1394.086656,44,199,152,2,20251029_115314
1761735164.201685,5445690,1394096640,1394.09664,47,200,149,2,20251029_115314
1761735164.2116687,5445729,1394106624,1394.106624,51,199,146,2,20251029_115314
1761735164.2216527,5445768,1394116608,1394.116608,55,199,142,2,20251029_115314
1761735164.2316368,5445807,1394126592,1394.126592,59,199,138,2,20251029_115314
1761735164.2416208,5445846,1394136576,1394.136576,63,199,136,2,20251029_115314
1761735164.2516048,5445885,1394146560,1394.14656,67,200,136,2,20251029_115314
1761735164.2618449,5445925,1394156800,1394.1568,71,199,136,2,20251029_115314
1761735164.271829,5445964,1394166784,1394.166784,75,199,136,2,20251029_115314
1761735164.281813,5446003,1394176768,1394.176768,79,200,135,2,20251029_115314
1761735164.291797,5446042,1394186752,1394.186752,83,199,135,2,20251029_115314
1761735164.301781,5446081,1394196736,1394.196736,87,199,134,2,20251029_115314
1761735164.311765,5446120,1394206720,1394.20672,90,200,135,2,20251029_115314
1761735164.3217487,5446159,1394216704,1394.216704,94,199,134,2,20251029_115314
1761735164.3317327,5446198,1394226688,1394.226688,98,199,134,2,20251029_115314
1761735164.3417168,5446237,1394236672,1394.236672,101,199,134,2,20251029_115314
1761735164.3517008,5446276,1394246656,1394.246656,105,199,135,2,20251029_115314
1761735164.3616848,5446315,1394256640,1394.25664,108,199,134,2,20251029_115314
1761735164.3716688,5446354,1394266624,1394.266624,111,199,135,2,20251029_115314
1761735164.3816528,5446393,1394276608,1394.276608,115,199,135,2,20251029_115314
1761735164.3916368,5446432,1394286592,1394.286592,118,199,136,2,20251029_115314
1761735164.401877,5446472,1394296832,1394.296832,121,199,136,2,20251029_115314
1761735164.411861,5446511,1394306816,1394.306816,124,199,137,2,20251029_115314
1761735164.421845,5446550,1394316800,1394.3168,127,199,138,2,20251029_115314
1761735164.4318287,5446589,1394326784,1394.326784,130,198,139,2,20251029_115314
1761735164.4418128,5446628,1394336768,1394.336768,133,199,141,2,20251029_115314
1761735164.4517968,5446667,1394346752,1394.346752,135,199,142,2,20251029_115314
1761735164.4617808,5446706,1394356736,1394.356736,138,199,145,2,20251029_115314
1761735164.4717648,5446745,1394366720,1394.36672,141,199,147,2,20251029_115314
1761735164.4817488,5446784,1394376704,1394.376704,144,199,152,2,20251029_115314
1761735164.4917328,5446823,1394386688,1394.386688,148,199,156,2,20251029_115314
1761735164.5017169,5446862,1394396672,1394.396672,151,199,162,2,20251029_115314
1761735164.5117009,5446901,1394406656,1394.406656,155,198,164,2,20251029_115314
1761735164.521685,5446940,1394416640,1394.41664,159,199,165,2,20251029_115314
1761735164.531669,5446979,1394426624,1394.426624,163,199,168,2,20251029_115314
1761735164.541653,5447018,1394436608,1394.436608,167,199,168,2,20251029_115314
1761735164.5518928,5447058,1394446848,1394.446848,171,198,168,2,20251029_115314
1761735164.5618768,5447097,1394456832,1394.456832,175,199,169,2,20251029_115314
1761735164.5718608,5447136,1394466816,1394.466816,179,198,169,2,20251029_115314
1761735164.5818448,5447175,1394476800,1394.4768,183,199,169,2,20251029_115314
1761735164.5918288,5447214,1394486784,1394.486784,187,199,170,2,20251029_115314
1761735164.6018128,5447253,1394496768,1394.496768,191,199,170,2,20251029_115314
1761735164.6117969,5447292,1394506752,1394.506752,195,199,170,2,20251029_115314
1761735164.6217809,5447331,1394516736,1394.516736,199,199,170,2,20251029_115314
1761735164.631765,5447370,1394526720,1394.52672,204,199,170,2,20251029_115314
1761735164.641749,5447409,1394536704,1394.536704,207,199,170,2,20251029_115314
1761735164.651733,5447448,1394546688,1394.546688,211,199,170,2,20251029_115314
1761735164.661717,5447487,1394556672,1394.556672,215,199,170,2,20251029_115314
1761735164.671701,5447526,1394566656,1394.566656,219,199,170,2,20251029_115314
1761735164.6816847,5447565,1394576640,1394.57664,223,199,170,2,20251029_115314
1761735164.6919248,5447605,1394586880,1394.58688,226,199,170,2,20251029_115314
1761735164.7019088,5447644,1394596864,1394.596864,230,199,170,2,20251029_115314
1761735164.7118928,5447683,1394606848,1394.606848,233,199,171,2,20251029_115314
1761735164.7218769,5447722,1394616832,1394.616832,237,199,170,2,20251029_115314
1761735164.7318609,5447761,1394626816,1394.626816,240,199,171,2,20251029_115314
1761735164.741845,5447800,1394636800,1394.6368,243,199,171,2,20251029_115314
1761735164.751829,5447839,1394646784,1394.646784,246,199,170,2,20251029_115314
1761735164.761813,5447878,1394656768,1394.656768,249,199,171,2,20251029_115314
1761735164.771797,5447917,1394666752,1394.666752,252,199,170,2,20251029_115314
1761735164.781781,5447956,1394676736,1394.676736,0,199,172,2,20251029_115314
1761735164.7917647,5447995,1394686720,1394.68672,3,199,172,2,20251029_115314
1761735164.8017488,5448034,1394696704,1394.696704,6,200,171,2,20251029_115314
1761735164.8117328,5448073,1394706688,1394.706688,8,200,171,2,20251029_115314
1761735164.8217168,5448112,1394716672,1394.716672,11,199,171,2,20251029_115314
1761735164.8319569,5448152,1394726912,1394.726912,14,200,171,2,20251029_115314
1761735164.8419409,5448191,1394736896,1394.736896,16,199,171,2,20251029_115314
1761735164.851925,5448230,1394746880,1394.74688,19,199,171,2,20251029_115314
1761735164.861909,5448269,1394756864,1394.756864,21,199,171,2,20251029_115314
1761735164.871893,5448308,1394766848,1394.766848,23,199,171,2,20251029_115314
1761735164.881877,5448347,1394776832,1394.776832,26,199,171,2,20251029_115314
1761735164.8918607,5448386,1394786816,1394.786816,28,201,172,2,20251029_115314
1761735164.9018447,5448425,1394796800,1394.7968,30,199,170,2,20251029_115314
1761735164.9118288,5448464,1394806784,1394.806784,33,199,170,2,20251029_115314
1761735164.9218128,5448503,1394816768,1394.816768,35,200,169,2,20251029_115314
1761735164.9317968,5448542,1394826752,1394.826752,37,200,170,2,20251029_115314
1761735164.9417808,5448581,1394836736,1394.836736,40,200,167,2,20251029_115314
1761735164.9517648,5448620,1394846720,1394.84672,42,199,164,2,20251029_115314
1761735164.9617488,5448659,1394856704,1394.856704,45,199,162,2,20251029_115314
1761735164.9717329,5448698,1394866688,1394.866688,48,199,158,2,20251029_115314
1761735164.981973,5448738,1394876928,1394.876928,51,199,154,2,20251029_115314
1761735164.991957,5448777,1394886912,1394.886912,54,199,149,2,20251029_115314
1761735165.0019407,5448816,1394896896,1394.896896,58,200,147,2,20251029_115314
1761735165.0119247,5448855,1394906880,1394.90688,61,199,142,2,20251029_115314
1761735165.0219088,5448894,1394916864,1394.916864,65,199,141,2,20251029_115314
1761735165.0318928,5448933,1394926848,1394.926848,69,199,138,2,20251029_115314
1761735165.0418768,5448972,1394936832,1394.936832,73,199,135,2,20251029_115314
1761735165.0518608,5449011,1394946816,1394.946816,77,199,135,2,20251029_115314
1761735165.0618448,5449050,1394956800,1394.9568,81,199,135,2,20251029_115314
1761735165.0718288,5449089,1394966784,1394.966784,85,199,135,2,20251029_115314
1761735165.0818129,5449128,1394976768,1394.976768,89,199,134,2,20251029_115314
1761735165.0917969,5449167,1394986752,1394.986752,92,199,135,2,20251029_115314
1761735165.101781,5449206,1394996736,1394.996736,96,199,134,2,20251029_115314
1761735165.111765,5449245,1395006720,1395.00672,100,199,134,2,20251029_115314
1761735165.121749,5449284,1395016704,1395.016704,103,199,134,2,20251029_115314
1761735165.1319888,5449324,1395026944,1395.026944,107,199,134,2,20251029_115314
1761735165.1419728,5449363,1395036928,1395.036928,110,199,134,2,20251029_115314
1761735165.1519568,5449402,1395046912,1395.046912,113,199,134,2,20251029_115314
1761735165.1619408,5449441,1395056896,1395.056896,116,199,134,2,20251029_115314
1761735165.1719248,5449480,1395066880,1395.06688,119,199,135,2,20251029_115314
1761735165.1819088,5449519,1395076864,1395.076864,123,199,135,2,20251029_115314
1761735165.1918929,5449558,1395086848,1395.086848,125,199,135,2,20251029_115314
1761735165.2018769,5449597,1395096832,1395.096832,128,199,135,2,20251029_115314
1761735165.211861,5449636,1395106816,1395.106816,131,199,135,2,20251029_115314
1761735165.221845,5449675,1395116800,1395.1168,134,199,136,2,20251029_115314
1761735165.231829,5449714,1395126784,1395.126784,137,199,136,2,20251029_115314
1761735165.241813,5449753,1395136768,1395.136768,139,199,136,2,20251029_115314
1761735165.251797,5449792,1395146752,1395.146752,142,199,136,2,20251029_115314
1761735165.2617807,5449831,1395156736,1395.156736,144,199,137,2,20251029_115314
1761735165.2720208,5449871,1395166976,1395.166976,147,199,138,2,20251029_115314
1761735165.2820048,5449910,1395176960,1395.17696,150,199,138,2,20251029_115314
1761735165.2919888,5449949,1395186944,1395.186944,152,199,138,2,20251029_115314
1761735165.3019729,5449988,1395196928,1395.196928,155,199,140,2,20251029_115314
1761735165.311957,5450027,1395206912,1395.206912,157,199,140,2,20251029_115314
1761735165.321941,5450066,1395216896,1395.216896,160,199,142,2,20251029_115314
1761735165.331925,5450105,1395226880,1395.22688,163,199,142,2,20251029_115314
1761735165.341909,5450144,1395236864,1395.236864,165,199,143,2,20251029_115314
1761735165.351893,5450183,1395246848,1395.246848,168,199,147,2,20251029_115314
1761735165.3618767,5450222,1395256832,1395.256832,171,199,147,2,20251029_115314
1761735165.3718607,5450261,1395266816,1395.266816,174,199,151,2,20251029_115314
1761735165.3818448,5450300,1395276800,1395.2768,177,199,152,2,20251029_115314
1761735165.3918288,5450339,1395286784,1395.286784,180,199,154,2,20251029_115314
1761735165.4018128,5450378,1395296768,1395.296768,183,199,158,2,20251029_115314
1761735165.4117968,5450417,1395306752,1395.306752,187,199,161,2,20251029_115314
1761735165.422037,5450457,1395316992,1395.316992,191,199,163,2,20251029_115314
1761735165.432021,5450496,1395326976,1395.326976,195,199,164,2,20251029_115314
1761735165.442005,5450535,1395336960,1395.33696,198,199,166,2,20251029_115314
1761735165.451989,5450574,1395346944,1395.346944,202,199,166,2,20251029_115314
1761735165.461973,5450613,1395356928,1395.356928,206,199,168,2,20251029_115314
1761735165.4719567,5450652,1395366912,1395.366912,210,199,168,2,20251029_115314
1761735165.4819407,5450691,1395376896,1395.376896,214,199,169,2,20251029_115314
1761735165.4919248,5450730,1395386880,1395.38688,217,199,169,2,20251029_115314
1761735165.5019088,5450769,1395396864,1395.396864,221,199,169,2,20251029_115314
1761735165.5118928,5450808,1395406848,1395.406848,225,199,169,2,20251029_115314
1761735165.5218768,5450847,1395416832,1395.416832,228,199,169,2,20251029_115314
1761735165.5318608,5450886,1395426816,1395.426816,232,199,170,2,20251029_115314
1761735165.5418448,5450925,1395436800,1395.4368,235,200,170,2,20251029_115314
1761735165.5518289,5450964,1395446784,1395.446784,238,200,169,2,20251029_115314
1761735165.562069,5451004,1395457024,1395.457024,242,200,170,2,20251029_115314
1761735165.572053,5451043,1395467008,1395.467008,245,199,170,2,20251029_115314
1761735165.5820367,5451082,1395476992,1395.476992,248,200,170,2,20251029_115314
1761735165.5920208,5451121,1395486976,1395.486976,251,199,170,2,20251029_115314
1761735165.6020048,5451160,1395496960,1395.49696,254,200,170,2,20251029_115314
1761735165.6119888,5451199,1395506944,1395.506944,2,199,171,2,20251029_115314
1761735165.6219728,5451238,1395516928,1395.516928,4,199,172,2,20251029_115314
1761735165.6319568,5451277,1395526912,1395.526912,7,199,170,2,20251029_115314
1761735165.6419408,5451316,1395536896,1395.536896,10,199,170,2,20251029_115314
1761735165.6519248,5451355,1395546880,1395.54688,12,200,169,2,20251029_115314
1761735165.6619089,5451394,1395556864,1395.556864,15,199,170,2,20251029_115314
1761735165.671893,5451433,1395566848,1395.566848,18,199,170,2,20251029_115314
1761735165.681877,5451472,1395576832,1395.576832,20,200,170,2,20251029_115314
1761735165.691861,5451511,1395586816,1395.586816,22,199,170,2,20251029_115314
1761735165.7021008,5451551,1395597056,1395.597056,25,199,170,2,20251029_115314
1761735165.7120848,5451590,1395607040,1395.60704,27,200,170,2,20251029_115314
1761735165.7220688,5451629,1395617024,1395.617024,30,199,170,2,20251029_115314
1761735165.7320528,5451668,1395627008,1395.627008,32,199,170,2,20251029_115314
1761735165.7420368,5451707,1395636992,1395.636992,34,199,170,2,20251029_115314
1761735165.7520208,5451746,1395646976,1395.646976,37,199,170,2,20251029_115314
1761735165.7620049,5451785,1395656960,1395.65696,39,200,169,2,20251029_115314
1761735165.7719889,5451824,1395666944,1395.666944,41,199,169,2,20251029_115314
1761735165.781973,5451863,1395676928,1395.676928,43,199,168,2,20251029_115314
1761735165.791957,5451902,1395686912,1395.686912,46,199,168,2,20251029_115314
1761735165.801941,5451941,1395696896,1395.696896,48,200,166,2,20251029_115314
1761735165.811925,5451980,1395706880,1395.70688,51,199,165,2,20251029_115314
1761735165.821909,5452019,1395716864,1395.716864,53,200,165,2,20251029_115314
1761735165.8318927,5452058,1395726848,1395.726848,56,199,164,2,20251029_115314
1761735165.8418767,5452097,1395736832,1395.736832,58,199,162,2,20251029_115314
1761735165.8521168,5452137,1395747072,1395.747072,61,199,160,2,20251029_115314
1761735165.8621008,5452176,1395757056,1395.757056,64,199,159,2,20251029_115314
1761735165.8720849,5452215,1395767040,1395.76704,67,200,157,2,20251029_115314
1761735165.8820689,5452254,1395777024,1395.777024,70,199,156,2,20251029_115314
1761735165.892053,5452293,1395787008,1395.787008,73,199,154,2,20251029_115314
1761735165.902037,5452332,1395796992,1395.796992,76,199,153,2,20251029_115314
1761735165.912021,5452371,1395806976,1395.806976,79,199,151,2,20251029_115314
1761735165.922005,5452410,1395816960,1395.81696,82,199,149,2,20251029_115314
1761735165.931989,5452449,1395826944,1395.826944,86,199,148,2,20251029_115314
1761735165.9419727,5452488,1395836928,1395.836928,89,199,146,2,20251029_115314
1761735165.9519567,5452527,1395846912,1395.846912,93,199,144,2,20251029_115314
1761735165.9619408,5452566,1395856896,1395.856896,96,199,142,2,20251029_115314
1761735165.9719248,5452605,1395866880,1395.86688,100,199,140,2,20251029_115314
1761735165.9819088,5452644,1395876864,1395.876864,103,199,139,2,20251029_115314
1761735165.9918928,5452683,1395886848,1395.886848,106,199,138,2,20251029_115314
1761735166.002133,5452723,1395897088,1395.897088,110,199,137,2,20251029_115314
1761735166.012117,5452762,1395907072,1395.907072,113,199,136,2,20251029_115314
1761735166.022101,5452801,1395917056,1395.917056,116,199,135,2,20251029_115314
1761735166.032085,5452840,1395927040,1395.92704,119,199,134,2,20251029_115314
1761735166.042069,5452879,1395937024,1395.937024,122,199,134,2,20251029_115314
1761735166.0520527,5452918,1395947008,1395.947008,125,198,134,2,20251029_115314
1761735166.0620368,5452957,1395956992,1395.956992,128,199,135,2,20251029_115314
1761735166.0720208,5452996,1395966976,1395.966976,131,198,134,2,20251029_115314
1761735166.0820048,5453035,1395976960,1395.97696,134,199,135,2,20251029_115314
1761735166.0919888,5453074,1395986944,1395.986944,136,198,135,2,20251029_115314
1761735166.1019728,5453113,1395996928,1395.996928,139,199,136,2,20251029_115314
1761735166.1119568,5453152,1396006912,1396.006912,142,199,135,2,20251029_115314
1761735166.122197,5453192,1396017152,1396.017152,144,198,137,2,20251029_115314
1761735166.132181,5453231,1396027136,1396.027136,147,198,138,2,20251029_115314
1761735166.142165,5453270,1396037120,1396.03712,149,198,140,2,20251029_115314
1761735166.1521487,5453309,1396047104,1396.047104,152,198,140,2,20251029_115314
1761735166.1621327,5453348,1396057088,1396.057088,155,198,141,2,20251029_115314
1761735166.1721168,5453387,1396067072,1396.067072,157,198,142,2,20251029_115314
1761735166.1821008,5453426,1396077056,1396.077056,160,198,144,2,20251029_115314
1761735166.1920848,5453465,1396087040,1396.08704,163,198,146,2,20251029_115314
1761735166.2020688,5453504,1396097024,1396.097024,166,199,148,2,20251029_115314
1761735166.2120528,5453543,1396107008,1396.107008,169,199,152,2,20251029_115314
1761735166.2220368,5453582,1396116992,1396.116992,172,198,154,2,20251029_115314
1761735166.2320209,5453621,1396126976,1396.126976,175,199,157,2,20251029_115314
1761735166.2420049,5453660,1396136960,1396.13696,179,199,162,2,20251029_115314
1761735166.251989,5453699,1396146944,1396.146944,183,199,163,2,20251029_115314
1761735166.2622287,5453739,1396157184,1396.157184,187,200,165,2,20251029_115314
1761735166.2722127,5453778,1396167168,1396.167168,190,199,166,2,20251029_115314
1761735166.2821968,5453817,1396177152,1396.177152,194,199,167,2,20251029_115314
1761735166.2921808,5453856,1396187136,1396.187136,198,199,168,2,20251029_115314
1761735166.3021648,5453895,1396197120,1396.19712,202,199,169,2,20251029_115314
1761735166.3121488,5453934,1396207104,1396.207104,206,199,169,2,20251029_115314
1761735166.3221328,5453973,1396217088,1396.217088,210,199,169,2,20251029_115314
1761735166.3321168,5454012,1396227072,1396.227072,214,199,169,2,20251029_115314
1761735166.3421009,5454051,1396237056,1396.237056,218,199,169,2,20251029_115314
1761735166.3520849,5454090,1396247040,1396.24704,221,199,170,2,20251029_115314
1761735166.362069,5454129,1396257024,1396.257024,225,199,170,2,20251029_115314
1761735166.372053,5454168,1396267008,1396.267008,228,199,170,2,20251029_115314
1761735166.382037,5454207,1396276992,1396.276992,232,199,170,2,20251029_115314
1761735166.392021,5454246,1396286976,1396.286976,235,199,170,2,20251029_115314
1761735166.402005,5454285,1396296960,1396.29696,239,199,171,2,20251029_115314
1761735166.4122448,5454325,1396307200,1396.3072,242,199,170,2,20251029_115314
1761735166.4222288,5454364,1396317184,1396.317184,245,199,170,2,20251029_115314
1761735166.4322128,5454403,1396327168,1396.327168,248,200,170,2,20251029_115314
1761735166.4421968,5454442,1396337152,1396.337152,251,199,170,2,20251029_115314
1761735166.4521809,5454481,1396347136,1396.347136,254,199,170,2,20251029_115314
1761735166.4621649,5454520,1396357120,1396.35712,2,199,170,2,20251029_115314
1761735166.472149,5454559,1396367104,1396.367104,5,199,170,2,20251029_115314
1761735166.482133,5454598,1396377088,1396.377088,7,199,170,2,20251029_115314
1761735166.492117,5454637,1396387072,1396.387072,10,199,170,2,20251029_115314
1761735166.502101,5454676,1396397056,1396.397056,13,199,170,2,20251029_115314
1761735166.512085,5454715,1396407040,1396.40704,15,199,170,2,20251029_115314
1761735166.5220687,5454754,1396417024,1396.417024,18,200,170,2,20251029_115314
1761735166.5320528,5454793,1396427008,1396.427008,20,199,170,2,20251029_115314
1761735166.5420368,5454832,1396436992,1396.436992,23,200,169,2,20251029_115314
1761735166.5522768,5454872,1396447232,1396.447232,25,200,169,2,20251029_115314
1761735166.5622609,5454911,1396457216,1396.457216,28,199,169,2,20251029_115314
1761735166.572245,5454950,1396467200,1396.4672,30,199,167,2,20251029_115314
1761735166.582229,5454989,1396477184,1396.477184,33,199,164,2,20251029_115314
1761735166.592213,5455028,1396487168,1396.487168,35,199,161,2,20251029_115314
1761735166.602197,5455067,1396497152,1396.497152,38,199,158,2,20251029_115314
1761735166.612181,5455106,1396507136,1396.507136,41,199,154,2,20251029_115314
1761735166.6221647,5455145,1396517120,1396.51712,45,200,150,2,20251029_115314
1761735166.6321487,5455184,1396527104,1396.527104,48,199,148,2,20251029_115314
1761735166.6421328,5455223,1396537088,1396.537088,51,200,145,2,20251029_115314
1761735166.6521168,5455262,1396547072,1396.547072,55,199,141,2,20251029_115314
1761735166.6621008,5455301,1396557056,1396.557056,59,200,140,2,20251029_115314
1761735166.6720848,5455340,1396567040,1396.56704,63,200,136,2,20251029_115314
1761735166.6820688,5455379,1396577024,1396.577024,67,199,134,2,20251029_115314
1761735166.6920528,5455418,1396587008,1396.587008,71,199,135,2,20251029_115314
1761735166.702293,5455458,1396597248,1396.597248,75,200,135,2,20251029_115314
1761735166.712277,5455497,1396607232,1396.607232,79,199,135,2,20251029_115314
1761735166.722261,5455536,1396617216,1396.617216,83,199,134,2,20251029_115314
1761735166.7322447,5455575,1396627200,1396.6272,87,199,133,2,20251029_115314
1761735166.7422287,5455614,1396637184,1396.637184,91,200,134,2,20251029_115314
1761735166.7522128,5455653,1396647168,1396.647168,95,199,134,2,20251029_115314
1761735166.7621968,5455692,1396657152,1396.657152,98,199,134,2,20251029_115314
1761735166.7721808,5455731,1396667136,1396.667136,102,199,133,2,20251029_115314
1761735166.7824209,5455771,1396677376,1396.677376,105,199,134,2,20251029_115314
1761735166.792405,5455810,1396687360,1396.68736,109,199,135,2,20251029_115314
1761735166.802389,5455849,1396697344,1396.697344,112,199,134,2,20251029_115314
1761735166.812373,5455888,1396707328,1396.707328,115,199,134,2,20251029_115314
1761735166.822357,5455927,1396717312,1396.717312,118,199,135,2,20251029_115314
1761735166.832341,5455966,1396727296,1396.727296,121,200,136,2,20251029_115314
1761735166.8425808,5456006,1396737536,1396.737536,124,199,137,2,20251029_115314
1761735166.8525648,5456045,1396747520,1396.74752,127,199,138,2,20251029_115314
1761735166.8625488,5456084,1396757504,1396.757504,130,199,139,2,20251029_115314
1761735166.8725328,5456123,1396767488,1396.767488,133,199,142,2,20251029_115314
1761735166.8825169,5456162,1396777472,1396.777472,136,199,144,2,20251029_115314
1761735166.8925009,5456201,1396787456,1396.787456,139,198,147,2,20251029_115314
1761735166.902485,5456240,1396797440,1396.79744,142,199,151,2,20251029_115314
1761735166.912469,5456279,1396807424,1396.807424,146,199,155,2,20251029_115314
1761735166.9227087,5456319,1396817664,1396.817664,149,199,160,2,20251029_115314
1761735166.9326928,5456358,1396827648,1396.827648,153,199,164,2,20251029_115314
1761735166.9426768,5456397,1396837632,1396.837632,156,199,165,2,20251029_115314
1761735166.9526608,5456436,1396847616,1396.847616,160,199,166,2,20251029_115314
1761735166.9626448,5456475,1396857600,1396.8576,164,200,169,2,20251029_115314
1761735166.9726288,5456514,1396867584,1396.867584,168,199,169,2,20251029_115314
1761735166.982869,5456554,1396877824,1396.877824,173,200,170,2,20251029_115314
1761735166.992853,5456593,1396887808,1396.887808,177,199,169,2,20251029_115314
1761735167.002837,5456632,1396897792,1396.897792,181,199,170,2,20251029_115314
1761735167.012821,5456671,1396907776,1396.907776,185,199,169,2,20251029_115314
1761735167.0228047,5456710,1396917760,1396.91776,189,199,170,2,20251029_115314
1761735167.0327888,5456749,1396927744,1396.927744,193,199,170,2,20251029_115314
1761735167.0427728,5456788,1396937728,1396.937728,197,199,170,2,20251029_115314
1761735167.0527568,5456827,1396947712,1396.947712,201,199,170,2,20251029_115314
1761735167.0629969,5456867,1396957952,1396.957952,205,199,170,2,20251029_115314
1761735167.0729809,5456906,1396967936,1396.967936,209,199,170,2,20251029_115314
1761735167.082965,5456945,1396977920,1396.97792,213,199,170,2,20251029_115314
1761735167.092949,5456984,1396987904,1396.987904,217,199,170,2,20251029_115314
1761735167.102933,5457023,1396997888,1396.997888,221,199,172,2,20251029_115314
1761735167.1131728,5457063,1397008128,1397.008128,224,199,170,2,20251029_115314
1761735167.1231568,5457102,1397018112,1397.018112,228,199,170,2,20251029_115314
1761735167.1331408,5457141,1397028096,1397.028096,232,199,170,2,20251029_115314
1761735167.1431248,5457180,1397038080,1397.03808,235,199,171,2,20251029_115314
1761735167.1531088,5457219,1397048064,1397.048064,238,200,171,2,20251029_115314
1761735167.1630929,5457258,1397058048,1397.058048,241,199,171,2,20251029_115314
1761735167.1730769,5457297,1397068032,1397.068032,245,199,171,2,20251029_115314
1761735167.183061,5457336,1397078016,1397.078016,248,199,171,2,20251029_115314
1761735167.1933007,5457376,1397088256,1397.088256,251,199,171,2,20251029_115314
1761735167.2032847,5457415,1397098240,1397.09824,254,199,171,2,20251029_115314
1761735167.2132688,5457454,1397108224,1397.108224,1,199,171,2,20251029_115314
1761735167.2232528,5457493,1397118208,1397.118208,4,199,171,2,20251029_115314
1761735167.2332368,5457532,1397128192,1397.128192,7,199,171,2,20251029_115314
1761735167.2432208,5457571,1397138176,1397.138176,10,199,171,2,20251029_115314
1761735167.2532048,5457610,1397148160,1397.14816,12,199,171,2,20251029_115314
1761735167.2631888,5457649,1397158144,1397.158144,15,199,171,2,20251029_115314
1761735167.2731729,5457688,1397168128,1397.168128,17,199,170,2,20251029_115314
1761735167.2831569,5457727,1397178112,1397.178112,20,200,171,2,20251029_115314
1761735167.293141,5457766,1397188096,1397.188096,22,199,170,2,20251029_115314
1761735167.303125,5457805,1397198080,1397.19808,25,200,170,2,20251029_115314
1761735167.313109,5457844,1397208064,1397.208064,27,199,170,2,20251029_115314
1761735167.323093,5457883,1397218048,1397.218048,29,199,171,2,20251029_115314
1761735167.333077,5457922,1397228032,1397.228032,32,200,169,2,20251029_115314
1761735167.3433168,5457962,1397238272,1397.238272,34,200,169,2,20251029_115314
1761735167.3533008,5458001,1397248256,1397.248256,36,200,167,2,20251029_115314
1761735167.3632848,5458040,1397258240,1397.25824,39,201,166,2,20251029_115314
1761735167.3732688,5458079,1397268224,1397.268224,41,200,161,2,20251029_115314
1761735167.3832529,5458118,1397278208,1397.278208,44,199,158,2,20251029_115314
1761735167.3932369,5458157,1397288192,1397.288192,47,200,154,2,20251029_115314
1761735167.403221,5458196,1397298176,1397.298176,51,199,151,2,20251029_115314
1761735167.413205,5458235,1397308160,1397.30816,54,199,146,2,20251029_115314
1761735167.423189,5458274,1397318144,1397.318144,58,200,144,2,20251029_115314
1761735167.433173,5458313,1397328128,1397.328128,62,199,140,2,20251029_115314
1761735167.443157,5458352,1397338112,1397.338112,65,200,137,2,20251029_115314
1761735167.4531407,5458391,1397348096,1397.348096,70,199,135,2,20251029_115314
1761735167.4631248,5458430,1397358080,1397.35808,74,200,134,2,20251029_115314
1761735167.4731088,5458469,1397368064,1397.368064,78,199,134,2,20251029_115314
1761735167.4833488,5458509,1397378304,1397.378304,82,199,134,2,20251029_115314
1761735167.4933329,5458548,1397388288,1397.388288,85,199,134,2,20251029_115314
1761735167.5033169,5458587,1397398272,1397.398272,89,199,133,2,20251029_115314
1761735167.513301,5458626,1397408256,1397.408256,93,199,134,2,20251029_115314
1761735167.523285,5458665,1397418240,1397.41824,97,199,133,2,20251029_115314
1761735167.533269,5458704,1397428224,1397.428224,100,200,134,2,20251029_115314
1761735167.543253,5458743,1397438208,1397.438208,104,199,133,2,20251029_115314
1761735167.5532367,5458782,1397448192,1397.448192,107,199,133,2,20251029_115314
1761735167.5632207,5458821,1397458176,1397.458176,110,199,134,2,20251029_115314
1761735167.5732048,5458860,1397468160,1397.46816,114,199,133,2,20251029_115314
1761735167.5831888,5458899,1397478144,1397.478144,117,199,134,2,20251029_115314
1761735167.5931728,5458938,1397488128,1397.488128,120,199,134,2,20251029_115314
1761735167.6031568,5458977,1397498112,1397.498112,123,199,134,2,20251029_115314
1761735167.6131408,5459016,1397508096,1397.508096,126,199,134,2,20251029_115314
1761735167.6231248,5459055,1397518080,1397.51808,129,199,135,2,20251029_115314
1761735167.633365,5459095,1397528320,1397.52832,132,200,135,2,20251029_115314
1761735167.643349,5459134,1397538304,1397.538304,134,198,136,2,20251029_115314
1761735167.653333,5459173,1397548288,1397.548288,137,199,135,2,20251029_115314
1761735167.6633167,5459212,1397558272,1397.558272,140,199,136,2,20251029_115314
1761735167.6733007,5459251,1397568256,1397.568256,142,199,136,2,20251029_115314
1761735167.6832848,5459290,1397578240,1397.57824,145,199,137,2,20251029_115314
1761735167.6932688,5459329,1397588224,1397.588224,147,199,138,2,20251029_115314
1761735167.7032528,5459368,1397598208,1397.598208,150,199,138,2,20251029_115314
1761735167.7132368,5459407,1397608192,1397.608192,153,199,139,2,20251029_115314
1761735167.7232208,5459446,1397618176,1397.618176,155,199,140,2,20251029_115314
1761735167.7332048,5459485,1397628160,1397.62816,158,199,141,2,20251029_115314
1761735167.7431889,5459524,1397638144,1397.638144,161,199,142,2,20251029_115314
1761735167.7531729,5459563,1397648128,1397.648128,163,199,144,2,20251029_115314
1761735167.763157,5459602,1397658112,1397.658112,166,199,146,2,20251029_115314
1761735167.7733967,5459642,1397668352,1397.668352,169,199,149,2,20251029_115314
1761735167.7833807,5459681,1397678336,1397.678336,172,199,153,2,20251029_115314
1761735167.7933648,5459720,1397688320,1397.68832,176,199,157,2,20251029_115314
1761735167.8033488,5459759,1397698304,1397.698304,179,199,160,2,20251029_115314
1761735167.8133328,5459798,1397708288,1397.708288,183,199,163,2,20251029_115314
1761735167.8233168,5459837,1397718272,1397.718272,187,199,165,2,20251029_115314
1761735167.8333008,5459876,1397728256,1397.728256,191,199,166,2,20251029_115314
1761735167.8432848,5459915,1397738240,1397.73824,195,199,168,2,20251029_115314
1761735167.8532689,5459954,1397748224,1397.748224,199,199,168,2,20251029_115314
1761735167.8632529,5459993,1397758208,1397.758208,203,199,169,2,20251029_115314
1761735167.873237,5460032,1397768192,1397.768192,206,199,169,2,20251029_115314
1761735167.883221,5460071,1397778176,1397.778176,210,199,168,2,20251029_115314
1761735167.893205,5460110,1397788160,1397.78816,214,199,169,2,20251029_115314
1761735167.903189,5460149,1397798144,1397.798144,218,199,169,2,20251029_115314
1761735167.913173,5460188,1397808128,1397.808128,222,199,170,2,20251029_115314
1761735167.9234128,5460228,1397818368,1397.818368,225,199,170,2,20251029_115314
1761735167.9333968,5460267,1397828352,1397.828352,229,199,170,2,20251029_115314
1761735167.9433808,5460306,1397838336,1397.838336,232,200,170,2,20251029_115314
1761735167.9533648,5460345,1397848320,1397.84832,236,199,170,2,20251029_115314
1761735167.9633489,5460384,1397858304,1397.858304,239,199,170,2,20251029_115314
1761735167.973333,5460423,1397868288,1397.868288,242,200,170,2,20251029_115314
1761735167.983317,5460462,1397878272,1397.878272,245,199,171,2,20251029_115314
1761735167.993301,5460501,1397888256,1397.888256,248,199,171,2,20251029_115314
1761735168.003285,5460540,1397898240,1397.89824,251,199,171,2,20251029_115314
1761735168.013269,5460579,1397908224,1397.908224,254,199,170,2,20251029_115314
1761735168.0232527,5460618,1397918208,1397.918208,2,199,170,2,20251029_115314
1761735168.0332367,5460657,1397928192,1397.928192,5,199,170,2,20251029_115314
1761735168.0432208,5460696,1397938176,1397.938176,7,199,171,2,20251029_115314
1761735168.0532048,5460735,1397948160,1397.94816,10,199,171,2,20251029_115314
1761735168.0634449,5460775,1397958400,1397.9584,13,199,170,2,20251029_115314
1761735168.0734289,5460814,1397968384,1397.968384,15,199,171,2,20251029_115314
1761735168.083413,5460853,1397978368,1397.978368,18,199,170,2,20251029_115314
1761735168.093397,5460892,1397988352,1397.988352,20,199,170,2,20251029_115314
1761735168.103381,5460931,1397998336,1397.998336,23,200,171,2,20251029_115314
1761735168.113365,5460970,1398008320,1398.00832,25,199,170,2,20251029_115314
1761735168.123349,5461009,1398018304,1398.018304,27,200,171,2,20251029_115314
1761735168.1333327,5461048,1398028288,1398.028288,30,199,170,2,20251029_115314
1761735168.1433167,5461087,1398038272,1398.038272,32,199,170,2,20251029_115314
1761735168.1533008,5461126,1398048256,1398.048256,34,199,170,2,20251029_115314
1761735168.1632848,5461165,1398058240,1398.05824,37,199,170,2,20251029_115314
1761735168.1732688,5461204,1398068224,1398.068224,39,199,170,2,20251029_115314
1761735168.1832528,5461243,1398078208,1398.078208,41,200,169,2,20251029_115314
1761735168.1932368,5461282,1398088192,1398.088192,43,199,169,2,20251029_115314
1761735168.203477,5461322,1398098432,1398.098432,46,200,168,2,20251029_115314
1761735168.213461,5461361,1398108416,1398.108416,48,200,165,2,20251029_115314
1761735168.223445,5461400,1398118400,1398.1184,51,199,162,2,20251029_115314
1761735168.233429,5461439,1398128384,1398.128384,54,200,160,2,20251029_115314
1761735168.2434127,5461478,1398138368,1398.138368,56,199,157,2,20251029_115314
1761735168.2533967,5461517,1398148352,1398.148352,59,200,153,2,20251029_115314
1761735168.2633808,5461556,1398158336,1398.158336,63,200,150,2,20251029_115314
1761735168.2733648,5461595,1398168320,1398.16832,66,199,147,2,20251029_115314
1761735168.2833488,5461634,1398178304,1398.178304,70,199,144,2,20251029_115314
1761735168.2933328,5461673,1398188288,1398.188288,73,199,141,2,20251029_115314
1761735168.3033168,5461712,1398198272,1398.198272,77,199,137,2,20251029_115314
1761735168.3133008,5461751,1398208256,1398.208256,81,200,135,2,20251029_115314
1761735168.3232849,5461790,1398218240,1398.21824,85,199,135,2,20251029_115314
1761735168.333269,5461829,1398228224,1398.228224,89,199,135,2,20251029_115314
1761735168.343253,5461868,1398238208,1398.238208,92,199,134,2,20251029_115314
1761735168.3534927,5461908,1398248448,1398.248448,96,199,135,2,20251029_115314
1761735168.3634768,5461947,1398258432,1398.258432,100,199,134,2,20251029_115314
1761735168.3734608,5461986,1398268416,1398.268416,103,199,135,2,20251029_115314
1761735168.3834448,5462025,1398278400,1398.2784,107,199,134,2,20251029_115314
1761735168.3934288,5462064,1398288384,1398.288384,110,199,134,2,20251029_115314
1761735168.4034128,5462103,1398298368,1398.298368,113,199,134,2,20251029_115314
1761735168.4133968,5462142,1398308352,1398.308352,116,199,134,2,20251029_115314
1761735168.4233809,5462181,1398318336,1398.318336,119,199,135,2,20251029_115314
1761735168.4333649,5462220,1398328320,1398.32832,122,199,136,2,20251029_115314
1761735168.443349,5462259,1398338304,1398.338304,125,199,135,2,20251029_115314
1761735168.453333,5462298,1398348288,1398.348288,128,199,135,2,20251029_115314
1761735168.463317,5462337,1398358272,1398.358272,131,199,136,2,20251029_115314
1761735168.473301,5462376,1398368256,1398.368256,134,199,135,2,20251029_115314
1761735168.483285,5462415,1398378240,1398.37824,137,199,136,2,20251029_115314
1761735168.4935248,5462455,1398388480,1398.38848,139,199,136,2,20251029_115314
1761735168.5035088,5462494,1398398464,1398.398464,142,199,137,2,20251029_115314
1761735168.5134928,5462533,1398408448,1398.408448,145,199,137,2,20251029_115314
1761735168.5234768,5462572,1398418432,1398.418432,147,199,138,2,20251029_115314
1761735168.5334609,5462611,1398428416,1398.428416,150,199,139,2,20251029_115314
1761735168.5434449,5462650,1398438400,1398.4384,152,199,139,2,20251029_115314
1761735168.553429,5462689,1398448384,1398.448384,155,199,140,2,20251029_115314
1761735168.563413,5462728,1398458368,1398.458368,158,199,142,2,20251029_115314
1761735168.573397,5462767,1398468352,1398.468352,160,199,142,2,20251029_115314
1761735168.583381,5462806,1398478336,1398.478336,163,199,144,2,20251029_115314
1761735168.593365,5462845,1398488320,1398.48832,166,199,145,2,20251029_115314
1761735168.6033487,5462884,1398498304,1398.498304,169,199,148,2,20251029_115314
1761735168.6133327,5462923,1398508288,1398.508288,172,199,150,2,20251029_115314
1761735168.6233168,5462962,1398518272,1398.518272,175,199,153,2,20251029_115314
1761735168.6333008,5463001,1398528256,1398.528256,178,199,156,2,20251029_115314
1761735168.6435409,5463041,1398538496,1398.538496,182,199,159,2,20251029_115314
1761735168.6535249,5463080,1398548480,1398.54848,185,201,162,2,20251029_115314
1761735168.663509,5463119,1398558464,1398.558464,189,199,164,2,20251029_115314
1761735168.673493,5463158,1398568448,1398.568448,193,199,165,2,20251029_115314
1761735168.683477,5463197,1398578432,1398.578432,197,199,166,2,20251029_115314
1761735168.693461,5463236,1398588416,1398.588416,201,199,167,2,20251029_115314
1761735168.703445,5463275,1398598400,1398.5984,204,199,169,2,20251029_115314
1761735168.7134287,5463314,1398608384,1398.608384,208,199,169,2,20251029_115314
1761735168.7234128,5463353,1398618368,1398.618368,212,199,169,2,20251029_115314
1761735168.7333968,5463392,1398628352,1398.628352,216,199,169,2,20251029_115314
1761735168.7433808,5463431,1398638336,1398.638336,220,200,169,2,20251029_115314
1761735168.7533648,5463470,1398648320,1398.64832,223,199,169,2,20251029_115314
1761735168.7633488,5463509,1398658304,1398.658304,227,199,170,2,20251029_115314
1761735168.7733328,5463548,1398668288,1398.668288,230,199,170,2,20251029_115314
1761735168.783573,5463588,1398678528,1398.678528,234,199,170,2,20251029_115314
1761735168.793557,5463627,1398688512,1398.688512,237,199,170,2,20251029_115314
1761735168.803541,5463666,1398698496,1398.698496,240,199,170,2,20251029_115314
1761735168.8135247,5463705,1398708480,1398.70848,244,200,170,2,20251029_115314
1761735168.8235087,5463744,1398718464,1398.718464,247,199,170,2,20251029_115314
1761735168.8334928,5463783,1398728448,1398.728448,250,199,172,2,20251029_115314
1761735168.8434768,5463822,1398738432,1398.738432,253,200,170,2,20251029_115314
1761735168.8534608,5463861,1398748416,1398.748416,1,200,170,2,20251029_115314
1761735168.8634448,5463900,1398758400,1398.7584,3,199,170,2,20251029_115314
1761735168.8734288,5463939,1398768384,1398.768384,6,199,172,2,20251029_115314
1761735168.8834128,5463978,1398778368,1398.778368,9,199,170,2,20251029_115314
1761735168.8933969,5464017,1398788352,1398.788352,11,199,170,2,20251029_115314
1761735168.9033809,5464056,1398798336,1398.798336,14,199,170,2,20251029_115314
1761735168.913365,5464095,1398808320,1398.80832,17,200,170,2,20251029_115314
1761735168.923349,5464134,1398818304,1398.818304,19,199,171,2,20251029_115314
1761735168.9335887,5464174,1398828544,1398.828544,22,199,170,2,20251029_115314
1761735168.9435728,5464213,1398838528,1398.838528,24,200,170,2,20251029_115314
1761735168.9535568,5464252,1398848512,1398.848512,26,199,170,2,20251029_115314
1761735168.9635408,5464291,1398858496,1398.858496,29,199,169,2,20251029_115314
1761735168.9735248,5464330,1398868480,1398.86848,31,201,169,2,20251029_115314
1761735168.9835088,5464369,1398878464,1398.878464,34,200,168,2,20251029_115314
1761735168.9934928,5464408,1398888448,1398.888448,36,199,167,2,20251029_115314
1761735169.0034769,5464447,1398898432,1398.898432,38,199,166,2,20251029_115314
1761735169.0134609,5464486,1398908416,1398.908416,41,199,165,2,20251029_115314
1761735169.023445,5464525,1398918400,1398.9184,43,200,164,2,20251029_115314
1761735169.033429,5464564,1398928384,1398.928384,46,199,161,2,20251029_115314
1761735169.043413,5464603,1398938368,1398.938368,49,200,159,2,20251029_115314
1761735169.053397,5464642,1398948352,1398.948352,52,199,156,2,20251029_115314
1761735169.063381,5464681,1398958336,1398.958336,55,199,154,2,20251029_115314
1761735169.0736208,5464721,1398968576,1398.968576,58,200,153,2,20251029_115314
1761735169.0836048,5464760,1398978560,1398.97856,61,199,150,2,20251029_115314
1761735169.0935888,5464799,1398988544,1398.988544,65,199,147,2,20251029_115314
1761735169.1035728,5464838,1398998528,1398.998528,68,199,145,2,20251029_115314
1761735169.1135569,5464877,1399008512,1399.008512,72,199,144,2,20251029_115314
1761735169.1235409,5464916,1399018496,1399.018496,76,200,142,2,20251029_115314
1761735169.133525,5464955,1399028480,1399.02848,79,200,139,2,20251029_115314
1761735169.143509,5464994,1399038464,1399.038464,83,199,137,2,20251029_115314
1761735169.153493,5465033,1399048448,1399.048448,87,199,135,2,20251029_115314
1761735169.163477,5465072,1399058432,1399.058432,91,199,134,2,20251029_115314
1761735169.173461,5465111,1399068416,1399.068416,94,199,134,2,20251029_115314
1761735169.1834447,5465150,1399078400,1399.0784,98,199,134,2,20251029_115314
1761735169.1934288,5465189,1399088384,1399.088384,101,199,135,2,20251029_115314
1761735169.2034128,5465228,1399098368,1399.098368,105,199,134,2,20251029_115314
1761735169.2136528,5465268,1399108608,1399.108608,108,199,135,2,20251029_115314
1761735169.2236369,5465307,1399118592,1399.118592,112,199,135,2,20251029_115314
1761735169.233621,5465346,1399128576,1399.128576,115,199,135,2,20251029_115314
1761735169.243605,5465385,1399138560,1399.13856,118,199,136,2,20251029_115314
1761735169.253589,5465424,1399148544,1399.148544,121,199,138,2,20251029_115314
1761735169.263573,5465463,1399158528,1399.158528,124,199,138,2,20251029_115314
1761735169.273557,5465502,1399168512,1399.168512,127,199,138,2,20251029_115314
1761735169.2835407,5465541,1399178496,1399.178496,130,199,140,2,20251029_115314
1761735169.2935247,5465580,1399188480,1399.18848,133,199,142,2,20251029_115314
1761735169.3035088,5465619,1399198464,1399.198464,136,199,143,2,20251029_115314
1761735169.3134928,5465658,1399208448,1399.208448,139,199,145,2,20251029_115314
1761735169.3234768,5465697,1399218432,1399.218432,142,199,147,2,20251029_115314
1761735169.3334608,5465736,1399228416,1399.228416,145,199,150,2,20251029_115314
1761735169.3434448,5465775,1399238400,1399.2384,148,199,155,2,20251029_115314
1761735169.353685,5465815,1399248640,1399.24864,151,199,157,2,20251029_115314
1761735169.363669,5465854,1399258624,1399.258624,155,199,160,2,20251029_115314
1761735169.373653,5465893,1399268608,1399.268608,158,199,163,2,20251029_115314
1761735169.383637,5465932,1399278592,1399.278592,162,199,166,2,20251029_115314
1761735169.3936207,5465971,1399288576,1399.288576,166,199,165,2,20251029_115314
1761735169.4036047,5466010,1399298560,1399.29856,170,199,167,2,20251029_115314
1761735169.4135888,5466049,1399308544,1399.308544,174,199,168,2,20251029_115314
1761735169.4235728,5466088,1399318528,1399.318528,178,199,169,2,20251029_115314
1761735169.4335568,5466127,1399328512,1399.328512,182,199,169,2,20251029_115314
1761735169.4435408,5466166,1399338496,1399.338496,186,199,169,2,20251029_115314
1761735169.4535248,5466205,1399348480,1399.34848,190,199,169,2,20251029_115314
1761735169.4635088,5466244,1399358464,1399.358464,195,199,169,2,20251029_115314
1761735169.4734929,5466283,1399368448,1399.368448,199,199,169,2,20251029_115314
1761735169.4834769,5466322,1399378432,1399.378432,203,199,169,2,20251029_115314
1761735169.493717,5466362,1399388672,1399.388672,207,200,170,2,20251029_115314
1761735169.5037007,5466401,1399398656,1399.398656,210,199,170,2,20251029_115314
1761735169.5136847,5466440,1399408640,1399.40864,214,199,170,2,20251029_115314
1761735169.5236688,5466479,1399418624,1399.418624,218,199,170,2,20251029_115314
1761735169.5336528,5466518,1399428608,1399.428608,222,199,170,2,20251029_115314
1761735169.5436368,5466557,1399438592,1399.438592,225,199,171,2,20251029_115314
1761735169.5536208,5466596,1399448576,1399.448576,229,200,170,2,20251029_115314
1761735169.5636048,5466635,1399458560,1399.45856,232,199,170,2,20251029_115314
1761735169.5735888,5466674,1399468544,1399.468544,236,200,170,2,20251029_115314
1761735169.5835729,5466713,1399478528,1399.478528,239,199,171,2,20251029_115314
1761735169.593557,5466752,1399488512,1399.488512,242,199,171,2,20251029_115314
1761735169.603541,5466791,1399498496,1399.498496,245,199,170,2,20251029_115314
1761735169.613525,5466830,1399508480,1399.50848,248,199,171,2,20251029_115314
1761735169.623509,5466869,1399518464,1399.518464,251,199,171,2,20251029_115314
1761735169.633493,5466908,1399528448,1399.528448,254,199,171,2,20251029_115314
1761735169.6437328,5466948,1399538688,1399.538688,2,199,171,2,20251029_115314
1761735169.6537168,5466987,1399548672,1399.548672,5,199,171,2,20251029_115314
1761735169.6637008,5467026,1399558656,1399.558656,8,199,171,2,20251029_115314
1761735169.6736848,5467065,1399568640,1399.56864,10,200,172,2,20251029_115314
1761735169.6836689,5467104,1399578624,1399.578624,13,199,171,2,20251029_115314
1761735169.6936529,5467143,1399588608,1399.588608,15,199,170,2,20251029_115314
1761735169.703637,5467182,1399598592,1399.598592,18,199,170,2,20251029_115314
1761735169.713621,5467221,1399608576,1399.608576,20,199,170,2,20251029_115314
1761735169.723605,5467260,1399618560,1399.61856,23,199,170,2,20251029_115314
1761735169.733589,5467299,1399628544,1399.628544,25,199,170,2,20251029_115314
1761735169.743573,5467338,1399638528,1399.638528,28,199,169,2,20251029_115314
1761735169.7535567,5467377,1399648512,1399.648512,30,200,169,2,20251029_115314
1761735169.7635407,5467416,1399658496,1399.658496,32,199,166,2,20251029_115314
1761735169.7735248,5467455,1399668480,1399.66848,35,200,164,2,20251029_115314
1761735169.7837648,5467495,1399678720,1399.67872,38,200,160,2,20251029_115314
1761735169.7937489,5467534,1399688704,1399.688704,41,199,157,2,20251029_115314
1761735169.8037329,5467573,1399698688,1399.698688,44,199,154,2,20251029_115314
1761735169.813717,5467612,1399708672,1399.708672,47,200,150,2,20251029_115314
1761735169.823701,5467651,1399718656,1399.718656,50,200,148,2,20251029_115314
1761735169.833685,5467690,1399728640,1399.72864,54,200,144,2,20251029_115314
1761735169.843669,5467729,1399738624,1399.738624,58,200,141,2,20251029_115314
1761735169.853653,5467768,1399748608,1399.748608,62,200,138,2,20251029_115314
1761735169.8636367,5467807,1399758592,1399.758592,66,199,135,2,20251029_115314
1761735169.8736207,5467846,1399768576,1399.768576,70,200,135,2,20251029_115314
1761735169.8836048,5467885,1399778560,1399.77856,74,200,135,2,20251029_115314
1761735169.8935888,5467924,1399788544,1399.788544,78,199,134,2,20251029_115314
1761735169.9035728,5467963,1399798528,1399.798528,82,200,133,2,20251029_115314
1761735169.9135568,5468002,1399808512,1399.808512,86,199,133,2,20251029_115314
1761735169.9235408,5468041,1399818496,1399.818496,90,199,134,2,20251029_115314
1761735169.933781,5468081,1399828736,1399.828736,93,199,134,2,20251029_115314
1761735169.943765,5468120,1399838720,1399.83872,97,199,134,2,20251029_115314
1761735169.953749,5468159,1399848704,1399.848704,101,199,134,2,20251029_115314
1761735169.963733,5468198,1399858688,1399.858688,104,199,134,2,20251029_115314
1761735169.9737167,5468237,1399868672,1399.868672,107,199,134,2,20251029_115314
1761735169.9837008,5468276,1399878656,1399.878656,111,199,133,2,20251029_115314
1761735169.9936848,5468315,1399888640,1399.88864,114,199,134,2,20251029_115314
1761735170.0036688,5468354,1399898624,1399.898624,117,200,135,2,20251029_115314
1761735170.0136528,5468393,1399908608,1399.908608,120,199,135,2,20251029_115314
1761735170.0236368,5468432,1399918592,1399.918592,123,199,136,2,20251029_115314
1761735170.0336208,5468471,1399928576,1399.928576,126,199,136,2,20251029_115314
1761735170.0436049,5468510,1399938560,1399.93856,129,199,138,2,20251029_115314
1761735170.0535889,5468549,1399948544,1399.948544,132,199,139,2,20251029_115314
1761735170.063573,5468588,1399958528,1399.958528,135,199,140,2,20251029_115314
1761735170.073557,5468627,1399968512,1399.968512,138,199,142,2,20251029_115314
1761735170.0837967,5468667,1399978752,1399.978752,141,199,145,2,20251029_115314
1761735170.0937808,5468706,1399988736,1399.988736,144,199,148,2,20251029_115314
1761735170.1037648,5468745,1399998720,1399.99872,147,199,153,2,20251029_115314
1761735170.1137488,5468784,1400008704,1400.008704,150,199,155,2,20251029_115314
1761735170.1237328,5468823,1400018688,1400.018688,153,199,162,2,20251029_115314
1761735170.1337168,5468862,1400028672,1400.028672,157,199,164,2,20251029_115314
1761735170.1437008,5468901,1400038656,1400.038656,161,199,166,2,20251029_115314
1761735170.1536849,5468940,1400048640,1400.04864,165,199,167,2,20251029_115314
1761735170.1636689,5468979,1400058624,1400.058624,169,199,168,2,20251029_115314
1761735170.173653,5469018,1400068608,1400.068608,173,199,169,2,20251029_115314
1761735170.183637,5469057,1400078592,1400.078592,177,199,170,2,20251029_115314
1761735170.193621,5469096,1400088576,1400.088576,181,199,169,2,20251029_115314
1761735170.203605,5469135,1400098560,1400.09856,185,199,169,2,20251029_115314
1761735170.213589,5469174,1400108544,1400.108544,190,199,171,2,20251029_115314
1761735170.2238288,5469214,1400118784,1400.118784,194,199,170,2,20251029_115314
1761735170.2338128,5469253,1400128768,1400.128768,198,199,170,2,20251029_115314
1761735170.2437968,5469292,1400138752,1400.138752,202,199,170,2,20251029_115314
1761735170.2537808,5469331,1400148736,1400.148736,206,199,170,2,20251029_115314
1761735170.2637649,5469370,1400158720,1400.15872,210,199,170,2,20251029_115314
1761735170.2737489,5469409,1400168704,1400.168704,214,199,170,2,20251029_115314
1761735170.283733,5469448,1400178688,1400.178688,217,199,170,2,20251029_115314
1761735170.293717,5469487,1400188672,1400.188672,221,199,170,2,20251029_115314
1761735170.303701,5469526,1400198656,1400.198656,225,200,172,2,20251029_115314
1761735170.313685,5469565,1400208640,1400.20864,228,199,171,2,20251029_115314
1761735170.323669,5469604,1400218624,1400.218624,232,199,171,2,20251029_115314
1761735170.3336527,5469643,1400228608,1400.228608,235,199,170,2,20251029_115314
1761735170.3436368,5469682,1400238592,1400.238592,238,199,171,2,20251029_115314
1761735170.3536208,5469721,1400248576,1400.248576,242,199,170,2,20251029_115314
1761735170.3638608,5469761,1400258816,1400.258816,245,199,171,2,20251029_115314
1761735170.3738449,5469800,1400268800,1400.2688,248,200,171,2,20251029_115314
1761735170.3838289,5469839,1400278784,1400.278784,251,199,171,2,20251029_115314
1761735170.393813,5469878,1400288768,1400.288768,254,199,171,2,20251029_115314
1761735170.403797,5469917,1400298752,1400.298752,2,199,171,2,20251029_115314
1761735170.413781,5469956,1400308736,1400.308736,4,199,171,2,20251029_115314
1761735170.423765,5469995,1400318720,1400.31872,7,199,171,2,20251029_115314
1761735170.433749,5470034,1400328704,1400.328704,10,200,170,2,20251029_115314
1761735170.4437327,5470073,1400338688,1400.338688,12,199,171,2,20251029_115314
1761735170.4537168,5470112,1400348672,1400.348672,15,199,171,2,20251029_115314
1761735170.4637008,5470151,1400358656,1400.358656,17,200,170,2,20251029_115314
1761735170.4736848,5470190,1400368640,1400.36864,20,200,171,2,20251029_115314
1761735170.4836688,5470229,1400378624,1400.378624,22,199,170,2,20251029_115314
1761735170.4936528,5470268,1400388608,1400.388608,25,201,172,2,20251029_115314
1761735170.503893,5470308,1400398848,1400.398848,27,200,170,2,20251029_115314
1761735170.513877,5470347,1400408832,1400.408832,29,199,170,2,20251029_115314
1761735170.523861,5470386,1400418816,1400.418816,32,199,169,2,20251029_115314
1761735170.533845,5470425,1400428800,1400.4288,34,199,169,2,20251029_115314
1761735170.5438287,5470464,1400438784,1400.438784,37,200,168,2,20251029_115314
1761735170.5538127,5470503,1400448768,1400.448768,39,199,166,2,20251029_115314
1761735170.5637968,5470542,1400458752,1400.458752,42,199,163,2,20251029_115314
1761735170.5737808,5470581,1400468736,1400.468736,44,199,160,2,20251029_115314
1761735170.5837648,5470620,1400478720,1400.47872,47,199,156,2,20251029_115314
1761735170.5937488,5470659,1400488704,1400.488704,50,199,152,2,20251029_115314
1761735170.6037328,5470698,1400498688,1400.498688,54,200,149,2,20251029_115314
1761735170.6137168,5470737,1400508672,1400.508672,57,199,146,2,20251029_115314
1761735170.6237009,5470776,1400518656,1400.518656,61,200,143,2,20251029_115314
1761735170.6336849,5470815,1400528640,1400.52864,65,199,139,2,20251029_115314
1761735170.643669,5470854,1400538624,1400.538624,69,199,136,2,20251029_115314
1761735170.6539087,5470894,1400548864,1400.548864,73,200,135,2,20251029_115314
1761735170.6638927,5470933,1400558848,1400.558848,77,199,135,2,20251029_115314
1761735170.6738768,5470972,1400568832,1400.568832,81,199,135,2,20251029_115314
1761735170.6838608,5471011,1400578816,1400.578816,85,199,134,2,20251029_115314
1761735170.6938448,5471050,1400588800,1400.5888,88,199,135,2,20251029_115314
1761735170.7038288,5471089,1400598784,1400.598784,92,199,134,2,20251029_115314
1761735170.7138128,5471128,1400608768,1400.608768,96,199,134,2,20251029_115314
1761735170.7237968,5471167,1400618752,1400.618752,99,199,133,2,20251029_115314
1761735170.7337809,5471206,1400628736,1400.628736,103,199,134,2,20251029_115314
1761735170.7437649,5471245,1400638720,1400.63872,106,199,134,2,20251029_115314
1761735170.753749,5471284,1400648704,1400.648704,110,199,133,2,20251029_115314
1761735170.763733,5471323,1400658688,1400.658688,113,199,134,2,20251029_115314
1761735170.773717,5471362,1400668672,1400.668672,116,199,134,2,20251029_115314
1761735170.783701,5471401,1400678656,1400.678656,119,199,135,2,20251029_115314
1761735170.7939408,5471441,1400688896,1400.688896,122,199,133,2,20251029_115314
1761735170.8039248,5471480,1400698880,1400.69888,125,199,134,2,20251029_115314
1761735170.8139088,5471519,1400708864,1400.708864,128,199,134,2,20251029_115314
1761735170.8238928,5471558,1400718848,1400.718848,131,199,134,2,20251029_115314
1761735170.8338768,5471597,1400728832,1400.728832,134,199,134,2,20251029_115314
1761735170.8438609,5471636,1400738816,1400.738816,136,199,135,2,20251029_115314
1761735170.853845,5471675,1400748800,1400.7488,139,199,135,2,20251029_115314
1761735170.863829,5471714,1400758784,1400.758784,142,199,136,2,20251029_115314
1761735170.873813,5471753,1400768768,1400.768768,144,199,137,2,20251029_115314
1761735170.883797,5471792,1400778752,1400.778752,147,199,137,2,20251029_115314
1761735170.893781,5471831,1400788736,1400.788736,149,199,137,2,20251029_115314
1761735170.9037647,5471870,1400798720,1400.79872,152,199,138,2,20251029_115314
1761735170.9137487,5471909,1400808704,1400.808704,155,199,140,2,20251029_115314
1761735170.9237328,5471948,1400818688,1400.818688,157,199,140,2,20251029_115314
1761735170.9337168,5471987,1400828672,1400.828672,160,199,141,2,20251029_115314
1761735170.9439569,5472027,1400838912,1400.838912,162,199,142,2,20251029_115314
1761735170.9539409,5472066,1400848896,1400.848896,165,199,143,2,20251029_115314
1761735170.963925,5472105,1400858880,1400.85888,168,199,146,2,20251029_115314
1761735170.973909,5472144,1400868864,1400.868864,171,199,148,2,20251029_115314
1761735170.983893,5472183,1400878848,1400.878848,174,199,152,2,20251029_115314
1761735170.993877,5472222,1400888832,1400.888832,177,199,153,2,20251029_115314
1761735171.003861,5472261,1400898816,1400.898816,180,199,154,2,20251029_115314
1761735171.0138447,5472300,1400908800,1400.9088,184,199,160,2,20251029_115314
1761735171.0238287,5472339,1400918784,1400.918784,187,199,163,2,20251029_115314
1761735171.0338128,5472378,1400928768,1400.928768,191,199,164,2,20251029_115314
1761735171.0437968,5472417,1400938752,1400.938752,195,199,165,2,20251029_115314
1761735171.0537808,5472456,1400948736,1400.948736,199,199,166,2,20251029_115314
1761735171.0637648,5472495,1400958720,1400.95872,203,199,168,2,20251029_115314
1761735171.0737488,5472534,1400968704,1400.968704,207,199,169,2,20251029_115314
1761735171.083989,5472574,1400978944,1400.978944,210,199,169,2,20251029_115314
1761735171.093973,5472613,1400988928,1400.988928,214,199,169,2,20251029_115314
1761735171.103957,5472652,1400998912,1400.998912,218,199,169,2,20251029_115314
1761735171.113941,5472691,1401008896,1401.008896,222,199,169,2,20251029_115314
1761735171.1239247,5472730,1401018880,1401.01888,225,199,169,2,20251029_115314
1761735171.1339087,5472769,1401028864,1401.028864,229,199,169,2,20251029_115314
1761735171.1438928,5472808,1401038848,1401.038848,232,199,169,2,20251029_115314
1761735171.1538768,5472847,1401048832,1401.048832,236,200,169,2,20251029_115314
1761735171.1638608,5472886,1401058816,1401.058816,239,200,170,2,20251029_115314
1761735171.1738448,5472925,1401068800,1401.0688,242,199,170,2,20251029_115314
1761735171.1838288,5472964,1401078784,1401.078784,245,199,170,2,20251029_115314
1761735171.1938128,5473003,1401088768,1401.088768,248,200,170,2,20251029_115314
1761735171.2037969,5473042,1401098752,1401.098752,251,199,170,2,20251029_115314
1761735171.2137809,5473081,1401108736,1401.108736,254,199,170,2,20251029_115314
1761735171.224021,5473121,1401118976,1401.118976,2,200,170,2,20251029_115314
1761735171.2340047,5473160,1401128960,1401.12896,5,199,170,2,20251029_115314
1761735171.2439888,5473199,1401138944,1401.138944,8,199,170,2,20251029_115314
1761735171.2539728,5473238,1401148928,1401.148928,10,199,170,2,20251029_115314
1761735171.2639568,5473277,1401158912,1401.158912,13,199,170,2,20251029_115314
1761735171.2739408,5473316,1401168896,1401.168896,15,199,170,2,20251029_115314
1761735171.2839248,5473355,1401178880,1401.17888,18,199,170,2,20251029_115314
1761735171.2939088,5473394,1401188864,1401.188864,20,199,171,2,20251029_115314
1761735171.3038929,5473433,1401198848,1401.198848,23,199,171,2,20251029_115314
1761735171.3138769,5473472,1401208832,1401.208832,25,199,170,2,20251029_115314
1761735171.323861,5473511,1401218816,1401.218816,28,199,170,2,20251029_115314
1761735171.333845,5473550,1401228800,1401.2288,30,199,169,2,20251029_115314
1761735171.343829,5473589,1401238784,1401.238784,32,199,170,2,20251029_115314
1761735171.353813,5473628,1401248768,1401.248768,35,199,169,2,20251029_115314
1761735171.363797,5473667,1401258752,1401.258752,37,199,168,2,20251029_115314
1761735171.3740368,5473707,1401268992,1401.268992,39,200,168,2,20251029_115314
1761735171.3840208,5473746,1401278976,1401.278976,42,199,167,2,20251029_115314
1761735171.3940048,5473785,1401288960,1401.28896,44,200,166,2,20251029_115314
1761735171.4039888,5473824,1401298944,1401.298944,47,200,164,2,20251029_115314
1761735171.4139729,5473863,1401308928,1401.308928,49,200,163,2,20251029_115314
1761735171.4239569,5473902,1401318912,1401.318912,52,199,160,2,20251029_115314
1761735171.433941,5473941,1401328896,1401.328896,55,201,160,2,20251029_115314
1761735171.443925,5473980,1401338880,1401.33888,58,199,156,2,20251029_115314
1761735171.453909,5474019,1401348864,1401.348864,61,199,154,2,20251029_115314
1761735171.463893,5474058,1401358848,1401.358848,64,199,152,2,20251029_115314
1761735171.473877,5474097,1401368832,1401.368832,67,199,150,2,20251029_115314
1761735171.4838607,5474136,1401378816,1401.378816,71,200,148,2,20251029_115314
1761735171.4938447,5474175,1401388800,1401.3888,74,200,146,2,20251029_115314
1761735171.5038288,5474214,1401398784,1401.398784,78,200,145,2,20251029_115314
1761735171.5138128,5474253,1401408768,1401.408768,81,199,143,2,20251029_115314
1761735171.5240529,5474293,1401419008,1401.419008,85,199,143,2,20251029_115314
1761735171.5340369,5474332,1401428992,1401.428992,88,199,139,2,20251029_115314
1761735171.544021,5474371,1401438976,1401.438976,92,199,137,2,20251029_115314
1761735171.554005,5474410,1401448960,1401.44896,96,199,136,2,20251029_115314
1761735171.563989,5474449,1401458944,1401.458944,99,199,134,2,20251029_115314
1761735171.573973,5474488,1401468928,1401.468928,103,199,134,2,20251029_115314
1761735171.583957,5474527,1401478912,1401.478912,106,199,135,2,20251029_115314
1761735171.5939407,5474566,1401488896,1401.488896,109,199,135,2,20251029_115314
1761735171.6039248,5474605,1401498880,1401.49888,113,199,134,2,20251029_115314
1761735171.6139088,5474644,1401508864,1401.508864,116,199,134,2,20251029_115314
1761735171.6238928,5474683,1401518848,1401.518848,119,199,136,2,20251029_115314
1761735171.6338768,5474722,1401528832,1401.528832,122,199,136,2,20251029_115314
1761735171.6438608,5474761,1401538816,1401.538816,125,199,137,2,20251029_115314
1761735171.6538448,5474800,1401548800,1401.5488,128,199,138,2,20251029_115314
1761735171.664085,5474840,1401559040,1401.55904,131,199,138,2,20251029_115314
1761735171.674069,5474879,1401569024,1401.569024,134,199,140,2,20251029_115314
1761735171.684053,5474918,1401579008,1401.579008,137,199,140,2,20251029_115314
1761735171.694037,5474957,1401588992,1401.588992,139,199,141,2,20251029_115314
1761735171.7040207,5474996,1401598976,1401.598976,142,199,143,2,20251029_115314
1761735171.7140048,5475035,1401608960,1401.60896,145,199,144,2,20251029_115314
1761735171.7239888,5475074,1401618944,1401.618944,148,199,146,2,20251029_115314
1761735171.7339728,5475113,1401628928,1401.628928,151,199,148,2,20251029_115314
1761735171.7439568,5475152,1401638912,1401.638912,154,199,152,2,20251029_115314
1761735171.7539408,5475191,1401648896,1401.648896,157,199,154,2,20251029_115314
1761735171.7639248,5475230,1401658880,1401.65888,161,199,158,2,20251029_115314
1761735171.7739089,5475269,1401668864,1401.668864,164,199,161,2,20251029_115314
1761735171.7838929,5475308,1401678848,1401.678848,168,199,164,2,20251029_115314
1761735171.793877,5475347,1401688832,1401.688832,172,199,165,2,20251029_115314
1761735171.803861,5475386,1401698816,1401.698816,176,199,168,2,20251029_115314
1761735171.8141007,5475426,1401709056,1401.709056,180,199,167,2,20251029_115314
1761735171.8240848,5475465,1401719040,1401.71904,184,199,168,2,20251029_115314
1761735171.8340688,5475504,1401729024,1401.729024,188,199,169,2,20251029_115314
1761735171.8440528,5475543,1401739008,1401.739008,192,199,169,2,20251029_115314
1761735171.8540368,5475582,1401748992,1401.748992,196,199,169,2,20251029_115314
1761735171.8640208,5475621,1401758976,1401.758976,200,199,169,2,20251029_115314
1761735171.8740048,5475660,1401768960,1401.76896,204,199,169,2,20251029_115314
1761735171.8839889,5475699,1401778944,1401.778944,208,199,169,2,20251029_115314
1761735171.8939729,5475738,1401788928,1401.788928,212,199,170,2,20251029_115314
1761735171.903957,5475777,1401798912,1401.798912,216,199,170,2,20251029_115314
1761735171.9141967,5475817,1401809152,1401.809152,219,199,170,2,20251029_115314
1761735171.9241807,5475856,1401819136,1401.819136,223,199,170,2,20251029_115314
1761735171.9341648,5475895,1401829120,1401.82912,227,199,171,2,20251029_115314
1761735171.9441488,5475934,1401839104,1401.839104,230,199,170,2,20251029_115314
1761735171.9541328,5475973,1401849088,1401.849088,234,199,171,2,20251029_115314
1761735171.9641168,5476012,1401859072,1401.859072,237,199,170,2,20251029_115314
1761735171.9741008,5476051,1401869056,1401.869056,240,200,170,2,20251029_115314
1761735171.984341,5476091,1401879296,1401.879296,243,200,171,2,20251029_115314
1761735171.994325,5476130,1401889280,1401.88928,247,199,170,2,20251029_115314
1761735172.004309,5476169,1401899264,1401.899264,250,199,171,2,20251029_115314
1761735172.014293,5476208,1401909248,1401.909248,253,200,170,2,20251029_115314
1761735172.0242767,5476247,1401919232,1401.919232,0,200,171,2,20251029_115314
1761735172.0342607,5476286,1401929216,1401.929216,3,199,170,2,20251029_115314
1761735172.0445008,5476326,1401939456,1401.939456,6,200,170,2,20251029_115314
1761735172.0544848,5476365,1401949440,1401.94944,9,199,170,2,20251029_115314
1761735172.0644689,5476404,1401959424,1401.959424,11,199,170,2,20251029_115314
1761735172.0744529,5476443,1401969408,1401.969408,14,200,170,2,20251029_115314
1761735172.084437,5476482,1401979392,1401.979392,17,199,170,2,20251029_115314
1761735172.094421,5476521,1401989376,1401.989376,19,199,170,2,20251029_115314
1761735172.104405,5476560,1401999360,1401.99936,21,199,170,2,20251029_115314
1761735172.114389,5476599,1402009344,1402.009344,24,200,170,2,20251029_115314
1761735172.1246288,5476639,1402019584,1402.019584,26,200,171,2,20251029_115314
1761735172.1346128,5476678,1402029568,1402.029568,29,199,169,2,20251029_115314
1761735172.1445968,5476717,1402039552,1402.039552,31,199,167,2,20251029_115314
1761735172.1545808,5476756,1402049536,1402.049536,34,199,165,2,20251029_115314
1761735172.1645648,5476795,1402059520,1402.05952,36,199,161,2,20251029_115314
1761735172.1745489,5476834,1402069504,1402.069504,39,200,158,2,20251029_115314
1761735172.1845329,5476873,1402079488,1402.079488,42,199,154,2,20251029_115314
1761735172.194517,5476912,1402089472,1402.089472,45,199,151,2,20251029_115314
1761735172.204501,5476951,1402099456,1402.099456,49,200,148,2,20251029_115314
1761735172.214485,5476990,1402109440,1402.10944,52,199,144,2,20251029_115314
1761735172.224469,5477029,1402119424,1402.119424,56,199,142,2,20251029_115314
1761735172.2344527,5477068,1402129408,1402.129408,60,199,138,2,20251029_115314
1761735172.2444367,5477107,1402139392,1402.139392,64,199,136,2,20251029_115314
1761735172.2544208,5477146,1402149376,1402.149376,68,199,135,2,20251029_115314
1761735172.2646608,5477186,1402159616,1402.159616,72,200,134,2,20251029_115314
1761735172.2746449,5477225,1402169600,1402.1696,76,199,137,2,20251029_115314
1761735172.2846289,5477264,1402179584,1402.179584,80,200,135,2,20251029_115314
1761735172.294613,5477303,1402189568,1402.189568,84,199,134,2,20251029_115314
1761735172.304597,5477342,1402199552,1402.199552,88,199,134,2,20251029_115314
1761735172.314581,5477381,1402209536,1402.209536,92,199,134,2,20251029_115314
1761735172.324565,5477420,1402219520,1402.21952,95,199,134,2,20251029_115314
1761735172.334549,5477459,1402229504,1402.229504,99,199,135,2,20251029_115314
1761735172.3445327,5477498,1402239488,1402.239488,103,199,133,2,20251029_115314
1761735172.3545167,5477537,1402249472,1402.249472,106,199,134,2,20251029_115314
1761735172.3645008,5477576,1402259456,1402.259456,109,199,134,2,20251029_115314
1761735172.3744848,5477615,1402269440,1402.26944,113,199,134,2,20251029_115314
1761735172.3844688,5477654,1402279424,1402.279424,116,199,134,2,20251029_115314
1761735172.3944528,5477693,1402289408,1402.289408,119,199,134,2,20251029_115314
1761735172.4044368,5477732,1402299392,1402.299392,122,199,136,2,20251029_115314
1761735172.414677,5477772,1402309632,1402.309632,125,199,138,2,20251029_115314
1761735172.424661,5477811,1402319616,1402.319616,128,199,139,2,20251029_115314
1761735172.434645,5477850,1402329600,1402.3296,131,199,139,2,20251029_115314
1761735172.444629,5477889,1402339584,1402.339584,134,199,142,2,20251029_115314
1761735172.4546127,5477928,1402349568,1402.349568,137,199,143,2,20251029_115314
1761735172.4645967,5477967,1402359552,1402.359552,140,199,147,2,20251029_115314
1761735172.4745808,5478006,1402369536,1402.369536,143,199,152,2,20251029_115314
1761735172.4845648,5478045,1402379520,1402.37952,146,199,156,2,20251029_115314
1761735172.4945488,5478084,1402389504,1402.389504,149,199,161,2,20251029_115314
1761735172.5045328,5478123,1402399488,1402.399488,153,199,164,2,20251029_115314
1761735172.5145168,5478162,1402409472,1402.409472,157,199,165,2,20251029_115314
1761735172.5245008,5478201,1402419456,1402.419456,161,199,166,2,20251029_115314
1761735172.5344849,5478240,1402429440,1402.42944,165,199,168,2,20251029_115314
1761735172.5444689,5478279,1402439424,1402.439424,169,199,168,2,20251029_115314
1761735172.554709,5478319,1402449664,1402.449664,173,199,169,2,20251029_115314
1761735172.5646927,5478358,1402459648,1402.459648,177,199,169,2,20251029_115314
1761735172.5746768,5478397,1402469632,1402.469632,181,199,169,2,20251029_115314
1761735172.5846608,5478436,1402479616,1402.479616,185,199,169,2,20251029_115314
1761735172.5946448,5478475,1402489600,1402.4896,189,199,169,2,20251029_115314
1761735172.6046288,5478514,1402499584,1402.499584,194,199,170,2,20251029_115314
1761735172.6146128,5478553,1402509568,1402.509568,198,199,170,2,20251029_115314
1761735172.6245968,5478592,1402519552,1402.519552,202,199,170,2,20251029_115314
1761735172.6345809,5478631,1402529536,1402.529536,206,199,170,2,20251029_115314
1761735172.6445649,5478670,1402539520,1402.53952,210,199,171,2,20251029_115314
1761735172.654549,5478709,1402549504,1402.549504,213,199,170,2,20251029_115314
1761735172.664533,5478748,1402559488,1402.559488,217,199,170,2,20251029_115314
1761735172.674517,5478787,1402569472,1402.569472,221,199,170,2,20251029_115314
1761735172.6847568,5478827,1402579712,1402.579712,225,199,170,2,20251029_115314
1761735172.6947408,5478866,1402589696,1402.589696,228,199,171,2,20251029_115314
1761735172.7047248,5478905,1402599680,1402.59968,232,199,170,2,20251029_115314
1761735172.7147088,5478944,1402609664,1402.609664,235,199,171,2,20251029_115314
1761735172.7246928,5478983,1402619648,1402.619648,238,199,170,2,20251029_115314
1761735172.7346768,5479022,1402629632,1402.629632,242,199,170,2,20251029_115314
1761735172.7446609,5479061,1402639616,1402.639616,245,199,170,2,20251029_115314
1761735172.7546449,5479100,1402649600,1402.6496,248,199,170,2,20251029_115314
1761735172.764885,5479140,1402659840,1402.65984,251,200,170,2,20251029_115314
1761735172.7748687,5479179,1402669824,1402.669824,254,200,171,2,20251029_115314
1761735172.7848527,5479218,1402679808,1402.679808,2,199,171,2,20251029_115314
1761735172.7948368,5479257,1402689792,1402.689792,4,199,171,2,20251029_115314
1761735172.8048208,5479296,1402699776,1402.699776,7,199,171,2,20251029_115314
1761735172.8148048,5479335,1402709760,1402.70976,10,199,171,2,20251029_115314
1761735172.8247888,5479374,1402719744,1402.719744,12,199,171,2,20251029_115314
1761735172.8347728,5479413,1402729728,1402.729728,15,199,171,2,20251029_115314
1761735172.845013,5479453,1402739968,1402.739968,18,200,171,2,20251029_115314
1761735172.854997,5479492,1402749952,1402.749952,20,199,171,2,20251029_115314
1761735172.864981,5479531,1402759936,1402.759936,22,200,170,2,20251029_115314
1761735172.874965,5479570,1402769920,1402.76992,25,199,170,2,20251029_115314
1761735172.8849487,5479609,1402779904,1402.779904,27,199,170,2,20251029_115314
1761735172.8949327,5479648,1402789888,1402.789888,29,199,170,2,20251029_115314
1761735172.9049168,5479687,1402799872,1402.799872,32,200,168,2,20251029_115314
1761735172.9149008,5479726,1402809856,1402.809856,34,199,168,2,20251029_115314
1761735172.9248848,5479765,1402819840,1402.81984,37,199,166,2,20251029_115314
1761735172.9348688,5479804,1402829824,1402.829824,39,199,166,2,20251029_115314
1761735172.9448528,5479843,1402839808,1402.839808,42,200,161,2,20251029_115314
1761735172.955093,5479883,1402850048,1402.850048,45,199,158,2,20251029_115314
1761735172.965077,5479922,1402860032,1402.860032,48,200,154,2,20251029_115314
1761735172.975061,5479961,1402870016,1402.870016,51,199,150,2,20251029_115314
1761735172.985045,5480000,1402880000,1402.88,54,200,147,2,20251029_115314
1761735172.9950287,5480039,1402889984,1402.889984,58,200,144,2,20251029_115314
1761735173.0050128,5480078,1402899968,1402.899968,62,199,141,2,20251029_115314
1761735173.0149968,5480117,1402909952,1402.909952,66,199,138,2,20251029_115314
1761735173.0249808,5480156,1402919936,1402.919936,70,199,135,2,20251029_115314
1761735173.0349648,5480195,1402929920,1402.92992,74,199,135,2,20251029_115314
1761735173.0449488,5480234,1402939904,1402.939904,78,200,135,2,20251029_115314
1761735173.0549328,5480273,1402949888,1402.949888,82,199,135,2,20251029_115314
1761735173.0649168,5480312,1402959872,1402.959872,86,200,135,2,20251029_115314
1761735173.0749009,5480351,1402969856,1402.969856,89,199,135,2,20251029_115314
1761735173.084885,5480390,1402979840,1402.97984,93,199,134,2,20251029_115314
1761735173.095125,5480430,1402990080,1402.99008,97,199,134,2,20251029_115314
1761735173.1051087,5480469,1403000064,1403.000064,100,199,134,2,20251029_115314
1761735173.1150928,5480508,1403010048,1403.010048,104,199,134,2,20251029_115314
1761735173.1250768,5480547,1403020032,1403.020032,107,199,134,2,20251029_115314
1761735173.1350608,5480586,1403030016,1403.030016,111,199,134,2,20251029_115314
1761735173.1450448,5480625,1403040000,1403.04,114,199,134,2,20251029_115314
1761735173.1550288,5480664,1403049984,1403.049984,117,199,134,2,20251029_115314
1761735173.1650128,5480703,1403059968,1403.059968,120,199,134,2,20251029_115314
1761735173.1749969,5480742,1403069952,1403.069952,123,199,134,2,20251029_115314
1761735173.1849809,5480781,1403079936,1403.079936,126,199,134,2,20251029_115314
1761735173.194965,5480820,1403089920,1403.08992,129,199,134,2,20251029_115314
1761735173.204949,5480859,1403099904,1403.099904,132,199,134,2,20251029_115314
1761735173.214933,5480898,1403109888,1403.109888,134,200,134,2,20251029_115314
1761735173.224917,5480937,1403119872,1403.119872,137,199,135,2,20251029_115314
1761735173.234901,5480976,1403129856,1403.129856,140,199,136,2,20251029_115314
1761735173.2451408,5481016,1403140096,1403.140096,142,199,136,2,20251029_115314
1761735173.2551248,5481055,1403150080,1403.15008,145,199,136,2,20251029_115314
1761735173.2651088,5481094,1403160064,1403.160064,147,199,137,2,20251029_115314
1761735173.2750928,5481133,1403170048,1403.170048,150,199,137,2,20251029_115314
1761735173.2850769,5481172,1403180032,1403.180032,152,199,138,2,20251029_115314
1761735173.2950609,5481211,1403190016,1403.190016,155,199,138,2,20251029_115314
1761735173.305045,5481250,1403200000,1403.2,158,199,139,2,20251029_115314
1761735173.315029,5481289,1403209984,1403.209984,160,199,140,2,20251029_115314
1761735173.325013,5481328,1403219968,1403.219968,163,199,141,2,20251029_115314
1761735173.334997,5481367,1403229952,1403.229952,165,199,143,2,20251029_115314
1761735173.344981,5481406,1403239936,1403.239936,168,199,145,2,20251029_115314
1761735173.3549647,5481445,1403249920,1403.24992,171,199,147,2,20251029_115314
1761735173.3649487,5481484,1403259904,1403.259904,174,199,149,2,20251029_115314
1761735173.3749328,5481523,1403269888,1403.269888,177,199,150,2,20251029_115314
1761735173.3851728,5481563,1403280128,1403.280128,180,199,153,2,20251029_115314
1761735173.3951569,5481602,1403290112,1403.290112,183,199,157,2,20251029_115314
1761735173.4051409,5481641,1403300096,1403.300096,187,199,160,2,20251029_115314
1761735173.415125,5481680,1403310080,1403.31008,191,199,163,2,20251029_115314
1761735173.425109,5481719,1403320064,1403.320064,194,199,164,2,20251029_115314
1761735173.435093,5481758,1403330048,1403.330048,198,199,166,2,20251029_115314
1761735173.445077,5481797,1403340032,1403.340032,202,199,167,2,20251029_115314
1761735173.455061,5481836,1403350016,1403.350016,206,199,168,2,20251029_115314
1761735173.4650447,5481875,1403360000,1403.36,210,199,169,2,20251029_115314
1761735173.4750288,5481914,1403369984,1403.369984,214,199,169,2,20251029_115314
1761735173.4850128,5481953,1403379968,1403.379968,217,199,170,2,20251029_115314
1761735173.4949968,5481992,1403389952,1403.389952,221,199,169,2,20251029_115314
1761735173.5052369,5482032,1403400192,1403.400192,225,199,169,2,20251029_115314
1761735173.5152209,5482071,1403410176,1403.410176,228,199,169,2,20251029_115314
1761735173.525205,5482110,1403420160,1403.42016,232,199,170,2,20251029_115314
1761735173.535189,5482149,1403430144,1403.430144,235,199,170,2,20251029_115314
1761735173.545173,5482188,1403440128,1403.440128,238,199,170,2,20251029_115314
1761735173.555157,5482227,1403450112,1403.450112,242,199,170,2,20251029_115314
1761735173.5651407,5482266,1403460096,1403.460096,245,199,170,2,20251029_115314
1761735173.5751247,5482305,1403470080,1403.47008,248,200,169,2,20251029_115314
1761735173.5851088,5482344,1403480064,1403.480064,251,199,170,2,20251029_115314
1761735173.5950928,5482383,1403490048,1403.490048,254,200,171,2,20251029_115314
1761735173.6050768,5482422,1403500032,1403.500032,2,199,170,2,20251029_115314
1761735173.6150608,5482461,1403510016,1403.510016,4,199,170,2,20251029_115314
1761735173.6250448,5482500,1403520000,1403.52,7,199,170,2,20251029_115314
1761735173.6350288,5482539,1403529984,1403.529984,10,199,170,2,20251029_115314
1761735173.6450129,5482578,1403539968,1403.539968,12,199,170,2,20251029_115314
1761735173.655253,5482618,1403550208,1403.550208,15,199,170,2,20251029_115314
1761735173.665237,5482657,1403560192,1403.560192,17,199,170,2,20251029_115314
1761735173.6752207,5482696,1403570176,1403.570176,20,199,170,2,20251029_115314
1761735173.6852047,5482735,1403580160,1403.58016,22,200,171,2,20251029_115314
1761735173.6951888,5482774,1403590144,1403.590144,25,199,170,2,20251029_115314
1761735173.7051728,5482813,1403600128,1403.600128,27,199,170,2,20251029_115314
1761735173.7151568,5482852,1403610112,1403.610112,30,199,170,2,20251029_115314
1761735173.7251408,5482891,1403620096,1403.620096,32,200,170,2,20251029_115314
1761735173.7351248,5482930,1403630080,1403.63008,34,199,170,2,20251029_115314
1761735173.7451088,5482969,1403640064,1403.640064,36,199,169,2,20251029_115314
1761735173.7550929,5483008,1403650048,1403.650048,39,200,170,2,20251029_115314
1761735173.7650769,5483047,1403660032,1403.660032,41,199,170,2,20251029_115314
1761735173.775061,5483086,1403670016,1403.670016,43,199,170,2,20251029_115314
1761735173.785045,5483125,1403680000,1403.68,45,200,170,2,20251029_115314
1761735173.7952847,5483165,1403690240,1403.69024,48,200,169,2,20251029_115314
1761735173.8052688,5483204,1403700224,1403.700224,50,199,169,2,20251029_115314
1761735173.8152528,5483243,1403710208,1403.710208,52,199,169,2,20251029_115314
1761735173.8252368,5483282,1403720192,1403.720192,54,199,168,2,20251029_115314
1761735173.8352208,5483321,1403730176,1403.730176,57,199,168,2,20251029_115314
1761735173.8452048,5483360,1403740160,1403.74016,59,199,167,2,20251029_115314
1761735173.8551888,5483399,1403750144,1403.750144,61,200,167,2,20251029_115314
1761735173.8651729,5483438,1403760128,1403.760128,64,200,166,2,20251029_115314
1761735173.8751569,5483477,1403770112,1403.770112,66,200,165,2,20251029_115314
1761735173.885141,5483516,1403780096,1403.780096,69,199,164,2,20251029_115314
1761735173.895125,5483555,1403790080,1403.79008,72,199,162,2,20251029_115314
1761735173.905109,5483594,1403800064,1403.800064,74,200,161,2,20251029_115314
1761735173.915093,5483633,1403810048,1403.810048,77,200,159,2,20251029_115314
1761735173.9250767,5483672,1403820032,1403.820032,80,199,156,2,20251029_115314
1761735173.9353168,5483712,1403830272,1403.830272,83,199,155,2,20251029_115314
1761735173.9453008,5483751,1403840256,1403.840256,86,199,152,2,20251029_115314
1761735173.9552848,5483790,1403850240,1403.85024,90,199,151,2,20251029_115314
1761735173.9652689,5483829,1403860224,1403.860224,93,199,148,2,20251029_115314
1761735173.9752529,5483868,1403870208,1403.870208,96,199,147,2,20251029_115314
1761735173.985237,5483907,1403880192,1403.880192,99,199,145,2,20251029_115314
1761735173.995221,5483946,1403890176,1403.890176,103,199,141,2,20251029_115314
1761735174.005205,5483985,1403900160,1403.90016,106,199,141,2,20251029_115314
1761735174.015189,5484024,1403910144,1403.910144,109,199,139,2,20251029_115314
1761735174.025173,5484063,1403920128,1403.920128,113,199,137,2,20251029_115314
1761735174.0351567,5484102,1403930112,1403.930112,116,199,136,2,20251029_115314
1761735174.0451407,5484141,1403940096,1403.940096,119,199,136,2,20251029_115314
1761735174.0551248,5484180,1403950080,1403.95008,122,199,134,2,20251029_115314
1761735174.0651088,5484219,1403960064,1403.960064,125,199,134,2,20251029_115314
1761735174.0750928,5484258,1403970048,1403.970048,128,199,134,2,20251029_115314
1761735174.0853329,5484298,1403980288,1403.980288,131,199,134,2,20251029_115314
1761735174.095317,5484337,1403990272,1403.990272,133,199,134,2,20251029_115314
1761735174.105301,5484376,1404000256,1404.000256,136,199,134,2,20251029_115314
1761735174.115285,5484415,1404010240,1404.01024,139,199,134,2,20251029_115314
1761735174.125269,5484454,1404020224,1404.020224,141,199,135,2,20251029_115314
1761735174.135253,5484493,1404030208,1404.030208,144,199,135,2,20251029_115314
1761735174.1452367,5484532,1404040192,1404.040192,146,199,136,2,20251029_115314
1761735174.1552207,5484571,1404050176,1404.050176,149,199,138,2,20251029_115314
1761735174.1652048,5484610,1404060160,1404.06016,152,199,138,2,20251029_115314
1761735174.1751888,5484649,1404070144,1404.070144,154,199,139,2,20251029_115314
1761735174.1851728,5484688,1404080128,1404.080128,157,199,139,2,20251029_115314
1761735174.1951568,5484727,1404090112,1404.090112,159,199,141,2,20251029_115314
1761735174.2051408,5484766,1404100096,1404.100096,162,200,142,2,20251029_115314
1761735174.2151248,5484805,1404110080,1404.11008,165,199,144,2,20251029_115314
1761735174.225365,5484845,1404120320,1404.12032,167,199,146,2,20251029_115314
1761735174.235349,5484884,1404130304,1404.130304,170,198,149,2,20251029_115314
1761735174.245333,5484923,1404140288,1404.140288,173,199,151,2,20251029_115314
1761735174.2553167,5484962,1404150272,1404.150272,177,199,154,2,20251029_115314
1761735174.2653008,5485001,1404160256,1404.160256,180,199,158,2,20251029_115314
1761735174.2752848,5485040,1404170240,1404.17024,184,199,162,2,20251029_115314
1761735174.2852688,5485079,1404180224,1404.180224,187,199,163,2,20251029_115314
1761735174.2952528,5485118,1404190208,1404.190208,191,199,165,2,20251029_115314
1761735174.3052368,5485157,1404200192,1404.200192,195,199,166,2,20251029_115314
1761735174.3152208,5485196,1404210176,1404.210176,199,199,167,2,20251029_115314
1761735174.3252048,5485235,1404220160,1404.22016,203,199,169,2,20251029_115314
1761735174.3351889,5485274,1404230144,1404.230144,207,199,169,2,20251029_115314
1761735174.345173,5485313,1404240128,1404.240128,211,199,169,2,20251029_115314
1761735174.355157,5485352,1404250112,1404.250112,215,199,169,2,20251029_115314
1761735174.365141,5485391,1404260096,1404.260096,218,200,169,2,20251029_115314
1761735174.3753808,5485431,1404270336,1404.270336,222,199,169,2,20251029_115314
1761735174.3853648,5485470,1404280320,1404.28032,226,199,170,2,20251029_115314
1761735174.3953488,5485509,1404290304,1404.290304,229,199,170,2,20251029_115314
1761735174.4053328,5485548,1404300288,1404.300288,233,200,170,2,20251029_115314
1761735174.4153168,5485587,1404310272,1404.310272,236,199,170,2,20251029_115314
1761735174.4253008,5485626,1404320256,1404.320256,239,199,170,2,20251029_115314
1761735174.4352849,5485665,1404330240,1404.33024,242,200,170,2,20251029_115314
1761735174.4452689,5485704,1404340224,1404.340224,246,199,170,2,20251029_115314
1761735174.455253,5485743,1404350208,1404.350208,249,199,170,2,20251029_115314
1761735174.465237,5485782,1404360192,1404.360192,252,200,170,2,20251029_115314
1761735174.475221,5485821,1404370176,1404.370176,254,200,171,2,20251029_115314
1761735174.485205,5485860,1404380160,1404.38016,2,200,171,2,20251029_115314
1761735174.495189,5485899,1404390144,1404.390144,5,199,171,2,20251029_115314
1761735174.5054288,5485939,1404400384,1404.400384,8,200,170,2,20251029_115314
1761735174.5154128,5485978,1404410368,1404.410368,10,199,170,2,20251029_115314
1761735174.5253968,5486017,1404420352,1404.420352,13,199,170,2,20251029_115314
1761735174.5353808,5486056,1404430336,1404.430336,16,199,171,2,20251029_115314
1761735174.5453649,5486095,1404440320,1404.44032,18,199,169,2,20251029_115314
1761735174.5553489,5486134,1404450304,1404.450304,21,199,169,2,20251029_115314
1761735174.565333,5486173,1404460288,1404.460288,23,199,169,2,20251029_115314
1761735174.575317,5486212,1404470272,1404.470272,26,199,170,2,20251029_115314
1761735174.585301,5486251,1404480256,1404.480256,28,199,168,2,20251029_115314
1761735174.595285,5486290,1404490240,1404.49024,30,199,167,2,20251029_115314
1761735174.605269,5486329,1404500224,1404.500224,33,200,165,2,20251029_115314
1761735174.6152527,5486368,1404510208,1404.510208,35,200,162,2,20251029_115314
1761735174.6252367,5486407,1404520192,1404.520192,38,199,159,2,20251029_115314
1761735174.6352208,5486446,1404530176,1404.530176,41,200,156,2,20251029_115314
1761735174.6452048,5486485,1404540160,1404.54016,44,199,154,2,20251029_115314
1761735174.6554449,5486525,1404550400,1404.5504,47,200,150,2,20251029_115314
1761735174.6654289,5486564,1404560384,1404.560384,51,200,148,2,20251029_115314
1761735174.675413,5486603,1404570368,1404.570368,54,199,146,2,20251029_115314
1761735174.685397,5486642,1404580352,1404.580352,58,199,143,2,20251029_115314
1761735174.695381,5486681,1404590336,1404.590336,62,199,140,2,20251029_115314
1761735174.705365,5486720,1404600320,1404.60032,66,199,138,2,20251029_115314
1761735174.715349,5486759,1404610304,1404.610304,70,199,135,2,20251029_115314
1761735174.7253327,5486798,1404620288,1404.620288,74,199,135,2,20251029_115314
1761735174.7353168,5486837,1404630272,1404.630272,78,199,135,2,20251029_115314
1761735174.7453008,5486876,1404640256,1404.640256,82,199,135,2,20251029_115314
1761735174.7552848,5486915,1404650240,1404.65024,86,199,135,2,20251029_115314
1761735174.7652688,5486954,1404660224,1404.660224,89,200,135,2,20251029_115314
1761735174.7752528,5486993,1404670208,1404.670208,93,199,134,2,20251029_115314
1761735174.7852368,5487032,1404680192,1404.680192,97,199,134,2,20251029_115314
1761735174.795477,5487072,1404690432,1404.690432,100,199,135,2,20251029_115314
1761735174.805461,5487111,1404700416,1404.700416,104,199,135,2,20251029_115314
1761735174.815445,5487150,1404710400,1404.7104,107,199,135,2,20251029_115314
1761735174.8254287,5487189,1404720384,1404.720384,110,199,136,2,20251029_115314
1761735174.8354127,5487228,1404730368,1404.730368,114,199,136,2,20251029_115314
1761735174.8453968,5487267,1404740352,1404.740352,117,199,137,2,20251029_115314
1761735174.8553808,5487306,1404750336,1404.750336,120,198,137,2,20251029_115314
1761735174.8653648,5487345,1404760320,1404.76032,123,199,140,2,20251029_115314
1761735174.8753488,5487384,1404770304,1404.770304,126,199,141,2,20251029_115314
1761735174.8853328,5487423,1404780288,1404.780288,129,199,143,2,20251029_115314
1761735174.8953168,5487462,1404790272,1404.790272,132,199,145,2,20251029_115314
1761735174.9053009,5487501,1404800256,1404.800256,135,199,147,2,20251029_115314
1761735174.9152849,5487540,1404810240,1404.81024,138,199,151,2,20251029_115314
1761735174.925269,5487579,1404820224,1404.820224,141,199,156,2,20251029_115314
1761735174.9355087,5487619,1404830464,1404.830464,145,199,161,2,20251029_115314
1761735174.9454927,5487658,1404840448,1404.840448,148,199,164,2,20251029_115314
1761735174.9554768,5487697,1404850432,1404.850432,152,199,165,2,20251029_115314
1761735174.9654608,5487736,1404860416,1404.860416,156,199,166,2,20251029_115314
1761735174.9754448,5487775,1404870400,1404.8704,160,199,167,2,20251029_115314
1761735174.9854288,5487814,1404880384,1404.880384,164,199,168,2,20251029_115314
1761735174.9954128,5487853,1404890368,1404.890368,168,199,169,2,20251029_115314
1761735175.0053968,5487892,1404900352,1404.900352,172,199,170,2,20251029_115314
1761735175.0153809,5487931,1404910336,1404.910336,176,199,169,2,20251029_115314
1761735175.0253649,5487970,1404920320,1404.92032,180,199,169,2,20251029_115314
1761735175.035349,5488009,1404930304,1404.930304,185,199,169,2,20251029_115314
1761735175.045333,5488048,1404940288,1404.940288,189,199,170,2,20251029_115314
1761735175.055317,5488087,1404950272,1404.950272,193,199,170,2,20251029_115314
1761735175.065301,5488126,1404960256,1404.960256,197,199,170,2,20251029_115314
1761735175.075285,5488165,1404970240,1404.97024,201,199,170,2,20251029_115314
1761735175.0855248,5488205,1404980480,1404.98048,205,199,171,2,20251029_115314
1761735175.0955088,5488244,1404990464,1404.990464,209,199,171,2,20251029_115314
1761735175.1054928,5488283,1405000448,1405.000448,213,199,170,2,20251029_115314
1761735175.1154768,5488322,1405010432,1405.010432,217,199,171,2,20251029_115314
1761735175.1254609,5488361,1405020416,1405.020416,220,199,170,2,20251029_115314
1761735175.1354449,5488400,1405030400,1405.0304,224,199,170,2,20251029_115314
1761735175.145429,5488439,1405040384,1405.040384,228,199,170,2,20251029_115314
1761735175.155413,5488478,1405050368,1405.050368,231,199,170,2,20251029_115314
1761735175.165397,5488517,1405060352,1405.060352,234,199,171,2,20251029_115314
1761735175.175381,5488556,1405070336,1405.070336,238,199,170,2,20251029_115314
1761735175.1853647,5488595,1405080320,1405.08032,241,199,170,2,20251029_115314
1761735175.1953487,5488634,1405090304,1405.090304,244,200,170,2,20251029_115314
1761735175.2055888,5488674,1405100544,1405.100544,247,200,171,2,20251029_115314
1761735175.2155728,5488713,1405110528,1405.110528,250,200,170,2,20251029_115314
1761735175.2255569,5488752,1405120512,1405.120512,253,199,170,2,20251029_115314
1761735175.2355409,5488791,1405130496,1405.130496,1,199,171,2,20251029_115314
1761735175.245525,5488830,1405140480,1405.14048,4,199,171,2,20251029_115314
1761735175.255509,5488869,1405150464,1405.150464,7,199,172,2,20251029_115314
1761735175.265493,5488908,1405160448,1405.160448,9,199,171,2,20251029_115314
1761735175.275477,5488947,1405170432,1405.170432,12,199,171,2,20251029_115314
1761735175.285461,5488986,1405180416,1405.180416,15,199,170,2,20251029_115314
1761735175.2954447,5489025,1405190400,1405.1904,17,200,170,2,20251029_115314
1761735175.3054287,5489064,1405200384,1405.200384,20,199,169,2,20251029_115314
1761735175.3154128,5489103,1405210368,1405.210368,22,199,170,2,20251029_115314
1761735175.3253968,5489142,1405220352,1405.220352,24,199,170,2,20251029_115314
1761735175.3353808,5489181,1405230336,1405.230336,27,199,169,2,20251029_115314
1761735175.3456209,5489221,1405240576,1405.240576,29,199,169,2,20251029_115314
1761735175.355605,5489260,1405250560,1405.25056,31,200,169,2,20251029_115314
1761735175.365589,5489299,1405260544,1405.260544,34,200,166,2,20251029_115314
1761735175.375573,5489338,1405270528,1405.270528,36,200,164,2,20251029_115314
1761735175.385557,5489377,1405280512,1405.280512,39,199,161,2,20251029_115314
1761735175.395541,5489416,1405290496,1405.290496,42,200,159,2,20251029_115314
1761735175.4055247,5489455,1405300480,1405.30048,45,200,156,2,20251029_115314
1761735175.4155087,5489494,1405310464,1405.310464,48,199,151,2,20251029_115314
1761735175.4254928,5489533,1405320448,1405.320448,51,200,148,2,20251029_115314
1761735175.4354768,5489572,1405330432,1405.330432,55,199,145,2,20251029_115314
1761735175.4454608,5489611,1405340416,1405.340416,59,199,141,2,20251029_115314
1761735175.4554448,5489650,1405350400,1405.3504,63,199,139,2,20251029_115314
1761735175.4654288,5489689,1405360384,1405.360384,67,199,136,2,20251029_115314
1761735175.4754128,5489728,1405370368,1405.370368,71,200,136,2,20251029_115314
1761735175.485653,5489768,1405380608,1405.380608,75,199,135,2,20251029_115314
1761735175.495637,5489807,1405390592,1405.390592,79,199,135,2,20251029_115314
1761735175.505621,5489846,1405400576,1405.400576,83,199,134,2,20251029_115314
1761735175.5156047,5489885,1405410560,1405.41056,87,199,134,2,20251029_115314
1761735175.5255888,5489924,1405420544,1405.420544,90,199,134,2,20251029_115314
1761735175.5355728,5489963,1405430528,1405.430528,94,199,134,2,20251029_115314
1761735175.5455568,5490002,1405440512,1405.440512,98,199,134,2,20251029_115314
1761735175.5555408,5490041,1405450496,1405.450496,101,199,134,2,20251029_115314
1761735175.5655248,5490080,1405460480,1405.46048,105,199,134,2,20251029_115314
1761735175.5755088,5490119,1405470464,1405.470464,108,199,134,2,20251029_115314
1761735175.5854928,5490158,1405480448,1405.480448,111,199,134,2,20251029_115314
1761735175.5954769,5490197,1405490432,1405.490432,115,199,134,2,20251029_115314
1761735175.605461,5490236,1405500416,1405.500416,118,199,135,2,20251029_115314
1761735175.615445,5490275,1405510400,1405.5104,121,199,136,2,20251029_115314
1761735175.625429,5490314,1405520384,1405.520384,124,199,136,2,20251029_115314
1761735175.6356688,5490354,1405530624,1405.530624,127,199,137,2,20251029_115314
1761735175.6456528,5490393,1405540608,1405.540608,130,199,138,2,20251029_115314
1761735175.6556368,5490432,1405550592,1405.550592,133,199,139,2,20251029_115314
1761735175.6656208,5490471,1405560576,1405.560576,135,199,140,2,20251029_115314
1761735175.6756048,5490510,1405570560,1405.57056,138,199,141,2,20251029_115314
1761735175.6855888,5490549,1405580544,1405.580544,141,199,143,2,20251029_115314
1761735175.6955729,5490588,1405590528,1405.590528,144,199,145,2,20251029_115314
1761735175.7055569,5490627,1405600512,1405.600512,147,199,148,2,20251029_115314
1761735175.715541,5490666,1405610496,1405.610496,150,199,151,2,20251029_115314
1761735175.725525,5490705,1405620480,1405.62048,153,199,154,2,20251029_115314
1761735175.735509,5490744,1405630464,1405.630464,157,199,157,2,20251029_115314
1761735175.745493,5490783,1405640448,1405.640448,160,199,161,2,20251029_115314
1761735175.755477,5490822,1405650432,1405.650432,164,199,165,2,20251029_115314
1761735175.7654607,5490861,1405660416,1405.660416,168,199,165,2,20251029_115314
1761735175.7757008,5490901,1405670656,1405.670656,172,199,166,2,20251029_115314
1761735175.7856848,5490940,1405680640,1405.68064,176,199,168,2,20251029_115314
1761735175.7956688,5490979,1405690624,1405.690624,180,199,168,2,20251029_115314
1761735175.8056529,5491018,1405700608,1405.700608,184,199,169,2,20251029_115314
1761735175.8156369,5491057,1405710592,1405.710592,188,199,170,2,20251029_115314
1761735175.825621,5491096,1405720576,1405.720576,192,199,169,2,20251029_115314
1761735175.835605,5491135,1405730560,1405.73056,196,199,170,2,20251029_115314
1761735175.845589,5491174,1405740544,1405.740544,200,199,170,2,20251029_115314
1761735175.855573,5491213,1405750528,1405.750528,204,199,170,2,20251029_115314
1761735175.865557,5491252,1405760512,1405.760512,208,199,170,2,20251029_115314
1761735175.8755407,5491291,1405770496,1405.770496,212,199,170,2,20251029_115314
1761735175.8855247,5491330,1405780480,1405.78048,216,199,170,2,20251029_115314
1761735175.8955088,5491369,1405790464,1405.790464,219,199,170,2,20251029_115314
1761735175.9054928,5491408,1405800448,1405.800448,223,199,172,2,20251029_115314
1761735175.9154768,5491447,1405810432,1405.810432,227,199,170,2,20251029_115314
1761735175.9257169,5491487,1405820672,1405.820672,230,198,170,2,20251029_115314
1761735175.935701,5491526,1405830656,1405.830656,234,199,170,2,20251029_115314
1761735175.945685,5491565,1405840640,1405.84064,237,199,170,2,20251029_115314
1761735175.955669,5491604,1405850624,1405.850624,240,199,170,2,20251029_115314
1761735175.965653,5491643,1405860608,1405.860608,243,199,171,2,20251029_115314
1761735175.975637,5491682,1405870592,1405.870592,247,199,170,2,20251029_115314
1761735175.9856207,5491721,1405880576,1405.880576,250,199,171,2,20251029_115314
1761735175.9956048,5491760,1405890560,1405.89056,253,200,170,2,20251029_115314
1761735176.0055888,5491799,1405900544,1405.900544,0,199,171,2,20251029_115314
1761735176.0155728,5491838,1405910528,1405.910528,3,200,171,2,20251029_115314
1761735176.0255568,5491877,1405920512,1405.920512,6,200,170,2,20251029_115314
1761735176.0355408,5491916,1405930496,1405.930496,9,200,171,2,20251029_115314
1761735176.0455248,5491955,1405940480,1405.94048,11,200,171,2,20251029_115314
1761735176.0555089,5491994,1405950464,1405.950464,14,199,170,2,20251029_115314
1761735176.065749,5492034,1405960704,1405.960704,16,199,171,2,20251029_115314
1761735176.075733,5492073,1405970688,1405.970688,19,199,171,2,20251029_115314
1761735176.0857167,5492112,1405980672,1405.980672,21,199,170,2,20251029_115314
1761735176.0957007,5492151,1405990656,1405.990656,24,199,170,2,20251029_115314
1761735176.1056848,5492190,1406000640,1406.00064,26,199,170,2,20251029_115314
1761735176.1156688,5492229,1406010624,1406.010624,29,199,169,2,20251029_115314
1761735176.1256528,5492268,1406020608,1406.020608,31,199,169,2,20251029_115314
1761735176.1356368,5492307,1406030592,1406.030592,33,199,168,2,20251029_115314
1761735176.1456208,5492346,1406040576,1406.040576,36,199,166,2,20251029_115314
1761735176.1556048,5492385,1406050560,1406.05056,38,199,165,2,20251029_115314
1761735176.1655889,5492424,1406060544,1406.060544,41,199,162,2,20251029_115314
1761735176.1755729,5492463,1406070528,1406.070528,44,199,158,2,20251029_115314
1761735176.185557,5492502,1406080512,1406.080512,47,199,154,2,20251029_115314
1761735176.195541,5492541,1406090496,1406.090496,50,199,148,2,20251029_115314
1761735176.205525,5492580,1406100480,1406.10048,54,200,145,2,20251029_115314
1761735176.2157648,5492620,1406110720,1406.11072,57,199,142,2,20251029_115314
1761735176.2257488,5492659,1406120704,1406.120704,61,200,140,2,20251029_115314
1761735176.2357328,5492698,1406130688,1406.130688,65,199,136,2,20251029_115314
1761735176.2457168,5492737,1406140672,1406.140672,69,200,137,2,20251029_115314
1761735176.2557008,5492776,1406150656,1406.150656,73,200,137,2,20251029_115314
1761735176.2656848,5492815,1406160640,1406.16064,77,200,136,2,20251029_115314
1761735176.2756689,5492854,1406170624,1406.170624,81,200,136,2,20251029_115314
1761735176.2856529,5492893,1406180608,1406.180608,85,200,137,2,20251029_115314
1761735176.295637,5492932,1406190592,1406.190592,89,200,137,2,20251029_115314
1761735176.305621,5492971,1406200576,1406.200576,92,199,137,2,20251029_115314
1761735176.315605,5493010,1406210560,1406.21056,96,199,137,2,20251029_115314
1761735176.325589,5493049,1406220544,1406.220544,99,199,137,2,20251029_115314
1761735176.335573,5493088,1406230528,1406.230528,103,199,137,2,20251029_115314
1761735176.3455567,5493127,1406240512,1406.240512,106,199,138,2,20251029_115314
1761735176.3557968,5493167,1406250752,1406.250752,110,199,137,2,20251029_115314
1761735176.3657808,5493206,1406260736,1406.260736,113,199,137,2,20251029_115314
1761735176.3757648,5493245,1406270720,1406.27072,116,199,138,2,20251029_115314
1761735176.3857489,5493284,1406280704,1406.280704,119,199,137,2,20251029_115314
1761735176.3957329,5493323,1406290688,1406.290688,122,199,138,2,20251029_115314
1761735176.405717,5493362,1406300672,1406.300672,125,199,139,2,20251029_115314
1761735176.415701,5493401,1406310656,1406.310656,128,199,139,2,20251029_115314
1761735176.425685,5493440,1406320640,1406.32064,131,199,140,2,20251029_115314
1761735176.435669,5493479,1406330624,1406.330624,134,199,140,2,20251029_115314
1761735176.4456527,5493518,1406340608,1406.340608,137,199,141,2,20251029_115314
1761735176.4556367,5493557,1406350592,1406.350592,140,199,142,2,20251029_115314
1761735176.4656208,5493596,1406360576,1406.360576,142,199,143,2,20251029_115314
1761735176.4756048,5493635,1406370560,1406.37056,145,199,144,2,20251029_115314
1761735176.4855888,5493674,1406380544,1406.380544,148,199,145,2,20251029_115314
1761735176.4955728,5493713,1406390528,1406.390528,151,199,147,2,20251029_115314
1761735176.505813,5493753,1406400768,1406.400768,154,199,150,2,20251029_115314
1761735176.515797,5493792,1406410752,1406.410752,157,199,152,2,20251029_115314
1761735176.525781,5493831,1406420736,1406.420736,160,199,154,2,20251029_115314
1761735176.535765,5493870,1406430720,1406.43072,164,199,156,2,20251029_115314
1761735176.545749,5493909,1406440704,1406.440704,167,199,161,2,20251029_115314
1761735176.5557327,5493948,1406450688,1406.450688,171,199,165,2,20251029_115314
1761735176.5657167,5493987,1406460672,1406.460672,175,199,166,2,20251029_115314
1761735176.5757008,5494026,1406470656,1406.470656,179,199,168,2,20251029_115314
1761735176.5856848,5494065,1406480640,1406.48064,183,199,169,2,20251029_115314
1761735176.5956688,5494104,1406490624,1406.490624,187,199,169,2,20251029_115314
1761735176.6056528,5494143,1406500608,1406.500608,191,199,169,2,20251029_115314
1761735176.6156368,5494182,1406510592,1406.510592,195,197,169,2,20251029_115314
1761735176.6256208,5494221,1406520576,1406.520576,199,192,169,2,20251029_115314
1761735176.6356049,5494260,1406530560,1406.53056,203,191,169,2,20251029_115314
1761735176.645845,5494300,1406540800,1406.5408,207,194,170,2,20251029_115314
1761735176.655829,5494339,1406550784,1406.550784,211,195,170,2,20251029_115314
1761735176.6658127,5494378,1406560768,1406.560768,215,197,170,2,20251029_115314
1761735176.6757967,5494417,1406570752,1406.570752,219,197,172,2,20251029_115314
1761735176.6857808,5494456,1406580736,1406.580736,222,197,170,2,20251029_115314
1761735176.6957648,5494495,1406590720,1406.59072,226,197,170,2,20251029_115314
1761735176.7057488,5494534,1406600704,1406.600704,229,197,170,2,20251029_115314
1761735176.7157328,5494573,1406610688,1406.610688,233,197,171,2,20251029_115314
1761735176.7257168,5494612,1406620672,1406.620672,236,197,170,2,20251029_115314
1761735176.7357008,5494651,1406630656,1406.630656,239,198,170,2,20251029_115314
1761735176.7456849,5494690,1406640640,1406.64064,243,198,170,2,20251029_115314
1761735176.7556689,5494729,1406650624,1406.650624,246,198,170,2,20251029_115314
1761735176.765653,5494768,1406660608,1406.660608,249,198,171,2,20251029_115314
1761735176.775637,5494807,1406670592,1406.670592,252,198,171,2,20251029_115314
1761735176.7858768,5494847,1406680832,1406.680832,0,198,170,2,20251029_115314
1761735176.7958608,5494886,1406690816,1406.690816,2,198,170,2,20251029_115314
1761735176.8058448,5494925,1406700800,1406.7008,5,198,167,2,20251029_115314
1761735176.8158288,5494964,1406710784,1406.710784,8,198,170,2,20251029_115314
1761735176.8258128,5495003,1406720768,1406.720768,11,198,170,2,20251029_115314
1761735176.8357968,5495042,1406730752,1406.730752,13,197,172,2,20251029_115314
1761735176.8457808,5495081,1406740736,1406.740736,16,197,170,2,20251029_115314
1761735176.8557649,5495120,1406750720,1406.75072,18,197,170,2,20251029_115314
1761735176.865749,5495159,1406760704,1406.760704,21,197,170,2,20251029_115314
1761735176.875733,5495198,1406770688,1406.770688,23,197,170,2,20251029_115314
1761735176.885717,5495237,1406780672,1406.780672,26,196,170,2,20251029_115314
1761735176.895701,5495276,1406790656,1406.790656,28,198,169,2,20251029_115314
1761735176.905685,5495315,1406800640,1406.80064,30,197,170,2,20251029_115314
1761735176.9156687,5495354,1406810624,1406.810624,33,197,170,2,20251029_115314
1761735176.9256527,5495393,1406820608,1406.820608,35,197,170,2,20251029_115314
1761735176.9358928,5495433,1406830848,1406.830848,37,197,171,2,20251029_115314
1761735176.9458768,5495472,1406840832,1406.840832,39,197,170,2,20251029_115314
1761735176.9558609,5495511,1406850816,1406.850816,42,197,170,2,20251029_115314
1761735176.9658449,5495550,1406860800,1406.8608,44,197,170,2,20251029_115314
1761735176.975829,5495589,1406870784,1406.870784,46,197,170,2,20251029_115314
1761735176.985813,5495628,1406880768,1406.880768,48,198,170,2,20251029_115314
1761735176.995797,5495667,1406890752,1406.890752,51,197,169,2,20251029_115314
1761735177.005781,5495706,1406900736,1406.900736,53,198,169,2,20251029_115314
1761735177.015765,5495745,1406910720,1406.91072,55,198,168,2,20251029_115314
1761735177.0257487,5495784,1406920704,1406.920704,58,198,168,2,20251029_115314
1761735177.0357327,5495823,1406930688,1406.930688,60,199,168,2,20251029_115314
1761735177.0457168,5495862,1406940672,1406.940672,62,198,169,2,20251029_115314
1761735177.0557008,5495901,1406950656,1406.950656,65,199,169,2,20251029_115314
1761735177.0656848,5495940,1406960640,1406.96064,67,199,168,2,20251029_115314
1761735177.0756688,5495979,1406970624,1406.970624,69,199,171,2,20251029_115314
1761735177.085909,5496019,1406980864,1406.980864,72,199,167,2,20251029_115314
1761735177.095893,5496058,1406990848,1406.990848,74,200,168,2,20251029_115314
1761735177.105877,5496097,1407000832,1407.000832,77,200,168,2,20251029_115314
1761735177.115861,5496136,1407010816,1407.010816,79,200,168,2,20251029_115314
1761735177.125845,5496175,1407020800,1407.0208,82,200,166,2,20251029_115314
1761735177.1358287,5496214,1407030784,1407.030784,84,200,168,2,20251029_115314
1761735177.1458127,5496253,1407040768,1407.040768,87,200,168,2,20251029_115314
1761735177.1557968,5496292,1407050752,1407.050752,90,200,168,2,20251029_115314
1761735177.1657808,5496331,1407060736,1407.060736,92,200,168,2,20251029_115314
1761735177.1757648,5496370,1407070720,1407.07072,95,200,168,2,20251029_115314
1761735177.1857488,5496409,1407080704,1407.080704,98,200,168,2,20251029_115314
1761735177.1957328,5496448,1407090688,1407.090688,101,200,168,2,20251029_115314
1761735177.2057168,5496487,1407100672,1407.100672,104,200,168,2,20251029_115314
1761735177.2157009,5496526,1407110656,1407.110656,107,200,168,2,20251029_115314
1761735177.225941,5496566,1407120896,1407.120896,110,200,169,2,20251029_115314
1761735177.235925,5496605,1407130880,1407.13088,113,200,169,2,20251029_115314
1761735177.2459087,5496644,1407140864,1407.140864,116,200,169,2,20251029_115314
1761735177.2558928,5496683,1407150848,1407.150848,120,200,170,2,20251029_115314
1761735177.2658768,5496722,1407160832,1407.160832,123,200,170,2,20251029_115314
1761735177.2758608,5496761,1407170816,1407.170816,126,200,170,2,20251029_115314
1761735177.2858448,5496800,1407180800,1407.1808,130,200,170,2,20251029_115314
1761735177.2958288,5496839,1407190784,1407.190784,133,200,171,2,20251029_115314
1761735177.3058128,5496878,1407200768,1407.200768,137,200,170,2,20251029_115314
1761735177.3157969,5496917,1407210752,1407.210752,141,200,170,2,20251029_115314
1761735177.3257809,5496956,1407220736,1407.220736,145,200,171,2,20251029_115314
1761735177.335765,5496995,1407230720,1407.23072,149,200,171,2,20251029_115314
1761735177.345749,5497034,1407240704,1407.240704,153,200,171,2,20251029_115314
1761735177.355733,5497073,1407250688,1407.250688,157,200,171,2,20251029_115314
1761735177.3659728,5497113,1407260928,1407.260928,161,200,171,2,20251029_115314
1761735177.3759568,5497152,1407270912,1407.270912,165,200,171,2,20251029_115314
1761735177.3859408,5497191,1407280896,1407.280896,169,201,172,2,20251029_115314
1761735177.3959248,5497230,1407290880,1407.29088,173,202,172,2,20251029_115314
1761735177.4059088,5497269,1407300864,1407.300864,177,200,171,2,20251029_115314
1761735177.4158928,5497308,1407310848,1407.310848,182,200,172,2,20251029_115314
1761735177.4258769,5497347,1407320832,1407.320832,186,200,172,2,20251029_115314
1761735177.4358609,5497386,1407330816,1407.330816,190,200,172,2,20251029_115314
1761735177.445845,5497425,1407340800,1407.3408,194,200,172,2,20251029_115314
1761735177.455829,5497464,1407350784,1407.350784,198,200,172,2,20251029_115314
1761735177.465813,5497503,1407360768,1407.360768,202,200,171,2,20251029_115314
1761735177.475797,5497542,1407370752,1407.370752,206,200,172,2,20251029_115314
1761735177.485781,5497581,1407380736,1407.380736,210,200,171,2,20251029_115314
1761735177.4957647,5497620,1407390720,1407.39072,214,200,172,2,20251029_115314
1761735177.5060048,5497660,1407400960,1407.40096,218,200,172,2,20251029_115314
1761735177.5159888,5497699,1407410944,1407.410944,222,200,171,2,20251029_115314
1761735177.5259728,5497738,1407420928,1407.420928,225,200,172,2,20251029_115314
1761735177.5359569,5497777,1407430912,1407.430912,229,200,171,2,20251029_115314
1761735177.5459409,5497816,1407440896,1407.440896,232,200,171,2,20251029_115314
1761735177.555925,5497855,1407450880,1407.45088,236,200,171,2,20251029_115314
1761735177.565909,5497894,1407460864,1407.460864,239,200,171,2,20251029_115314
1761735177.575893,5497933,1407470848,1407.470848,242,201,170,2,20251029_115314
1761735177.585877,5497972,1407480832,1407.480832,245,201,168,2,20251029_115314
1761735177.595861,5498011,1407490816,1407.490816,248,200,164,2,20251029_115314
1761735177.6058447,5498050,1407500800,1407.5008,251,200,160,2,20251029_115314
1761735177.6158288,5498089,1407510784,1407.510784,0,200,156,2,20251029_115314
1761735177.6258128,5498128,1407520768,1407.520768,3,200,151,2,20251029_115314
1761735177.6357968,5498167,1407530752,1407.530752,6,200,145,2,20251029_115314
1761735177.6460369,5498207,1407540992,1407.540992,10,200,147,2,20251029_115314
1761735177.6560209,5498246,1407550976,1407.550976,13,200,147,2,20251029_115314
1761735177.666005,5498285,1407560960,1407.56096,17,201,148,2,20251029_115314
1761735177.675989,5498324,1407570944,1407.570944,20,201,149,2,20251029_115314
1761735177.685973,5498363,1407580928,1407.580928,24,200,149,2,20251029_115314
1761735177.695957,5498402,1407590912,1407.590912,27,200,149,2,20251029_115314
1761735177.7059407,5498441,1407600896,1407.600896,31,201,146,2,20251029_115314
1761735177.7159247,5498480,1407610880,1407.61088,34,200,147,2,20251029_115314
1761735177.7259088,5498519,1407620864,1407.620864,38,201,145,2,20251029_115314
